Full Design,NFE,Penalized Target Ratio Objective,Penalized Stiffness Objective,True Target Ratio Objective,True Stiffness Objective,Feasibility Score,Stability Score,Orientation Score
101000001010000001000101001000001101,8506,0.0666666666666667,-116.5475935828877,0.3333333333333335,990654.5454545454,1.0,0.6000000000000001,1.0
101000001000000011000101001010001101,9576,0.04194835904795333,-107.24706890037574,0.20974179523976666,911600.0856531938,1.0,0.8,1.0
101000001010000001000101001010001101,9452,0.0,-106.83529411764705,0.0,908100.0,1.0,0.6000000000000001,1.0
101000001010000001000101001010001101,8214,0.0,-106.83529411764705,0.0,908100.0,1.0,0.6000000000000001,1.0
101000001010001101001100010011000101,994,0.7482699851944659,-87.26032678135576,0.24649990429223656,747654.0226783801,0.20000000000000018,1.0,1.0
101000001010000001000101001010001101,7420,0.0,-106.83529411764705,0.0,908100.0,1.0,0.6000000000000001,1.0
101000001010000001000101001001001101,5962,0.041948359047953375,-107.24706890037574,0.20974179523976688,911600.0856531938,1.0,0.8,1.0
101000001011100001000101001000001101,2008,0.11703494808523444,-92.82622136029784,0.10062467538589026,789846.6166731,0.8,0.8,1.0
101000011011000001000101001000101101,1724,0.7785905328407172,-102.44330232548087,0.3981026425234935,876709.3148034436,0.20000000000000018,1.0,1.0
101000001010000001000101001001001101,4528,0.041948359047953375,-107.24706890037574,0.20974179523976688,911600.0856531938,1.0,0.8,1.0
101100001010000001000101001010101101,1688,0.13056758492827716,-104.08818272899964,0.16828785960110382,885573.2883070654,0.8,1.0,1.0
101000001010000001000101001001001101,2480,0.041948359047953375,-107.24706890037574,0.20974179523976688,911600.0856531938,1.0,0.8,1.0
101000001010100001000100000010010101,1718,0.09796168084208083,-72.81372207888727,0.005258339170122195,619740.3727811102,0.8,0.9,1.0
101000001010000101001100010001000111,642,0.8337716548066874,-115.06500672920187,0.6740082523533442,983993.802235072,0.20000000000000018,1.0,0.9
111010001011110101101011001010111111,622,15.890876108122866,-78.0938034881374,0.16598175469959664,798587.6075852229,1.1102230246251565E-16,1.0,1.0
101000001010000001000101001001001101,2314,0.041948359047953375,-107.24706890037574,0.20974179523976688,911600.0856531938,1.0,0.8,1.0
101000001010000001000101001010001101,3900,0.0,-106.83529411764705,0.0,908100.0,1.0,0.6000000000000001,1.0
101000001010000001000101001010001101,6612,0.0,-106.83529411764705,0.0,908100.0,1.0,0.6000000000000001,1.0
101000001010000001000101001000001101,3054,0.0666666666666667,-116.5475935828877,0.3333333333333335,990654.5454545454,1.0,0.6000000000000001,1.0
111010001011110101101001011010111111,644,15.88405374495448,-74.44814634380643,0.13186993885766585,767599.5218584097,1.1102230246251565E-16,1.0,1.0
101001001010010001000111001010101111,1106,15.880269540467213,-93.39710411273411,0.11294891642133198,928665.6628942951,1.1102230246251565E-16,0.9,1.0
101000001010000001000101101000101101,2080,0.1829851689037598,-111.19965648863032,0.430375779478517,946020.8152639263,0.8,0.9,1.0
101000001010000001001100110011000101,1532,0.2530861919959894,-84.15756228393475,0.15618721189816553,717224.9937851845,0.6000000000000001,0.8,1.0
101000001011000001000100100011000101,1652,0.08284271247461898,-86.90632837277245,0.4142135623730949,738703.7911685659,1.0,1.0,1.0
101000001010000001000101001001001101,5310,0.041948359047953375,-107.24706890037574,0.20974179523976688,911600.0856531938,1.0,0.8,1.0
101000001010000001000101001000001101,3004,0.0666666666666667,-116.5475935828877,0.3333333333333335,990654.5454545454,1.0,0.6000000000000001,1.0
101011011111111111101111010010101111,710,15.865081870991764,-65.3848812360248,0.03701056904408939,690561.7684422658,1.1102230246251565E-16,1.0,1.0
101000001010000001000101001001001101,7990,0.041948359047953375,-107.24706890037574,0.20974179523976688,911600.0856531938,1.0,0.8,1.0
101000001010000001000101001000001101,5354,0.0666666666666667,-116.5475935828877,0.3333333333333335,990654.5454545454,1.0,0.6000000000000001,1.0
101000001010000001000101001010001101,8694,0.0,-106.83529411764705,0.0,908100.0,1.0,0.6000000000000001,1.0
101000001010000001000101001001001101,2836,0.041948359047953375,-107.24706890037574,0.20974179523976688,911600.0856531938,1.0,0.8,1.0
101000001010000001000101001000001101,9370,0.0666666666666667,-116.5475935828877,0.3333333333333335,990654.5454545454,1.0,0.6000000000000001,1.0
101000001010000001000101001000001101,3420,0.0666666666666667,-116.5475935828877,0.3333333333333335,990654.5454545454,1.0,0.6000000000000001,1.0
101000001010000001000101001001001101,4820,0.041948359047953375,-107.24706890037574,0.20974179523976688,911600.0856531938,1.0,0.8,1.0
101000001000000001000101001010001101,9794,0.0666666666666667,-116.5475935828877,0.3333333333333335,990654.5454545454,1.0,0.6000000000000001,1.0
010011001010111100000110111010100011,358,15.92886297886193,-84.4930652002576,0.35591610839492016,852981.3321382448,1.1102230246251565E-16,1.0,0.9
101000001010000001000101001010001101,3610,0.0,-106.83529411764705,0.0,908100.0,1.0,0.6000000000000001,1.0
101000001000000001000101001001001101,2088,0.06666666666666668,-112.31816562798068,0.33333333333333337,954704.4078378357,1.0,0.6000000000000001,0.9
101001001010000101001111101101011101,448,15.860090118962152,-74.25434274482997,0.01205180889602786,765952.1912671098,1.1102230246251565E-16,1.0,1.0
101100001010000001000101001010001101,2074,0.0,-99.73265363667954,0.0,847727.5559117761,1.0,0.8,1.0
101000001010000001000101001001001101,3596,0.041948359047953375,-107.24706890037574,0.20974179523976688,911600.0856531938,1.0,0.8,1.0
101000001010000001000101001001001101,4970,0.041948359047953375,-107.24706890037574,0.20974179523976688,911600.0856531938,1.0,0.8,1.0
011011111011110101000110101100000001,380,15.899550304157874,-61.522299888313086,0.20935273487463846,657729.8269867162,1.1102230246251565E-16,1.0,1.0
101000001000000011000101001000001101,8424,0.0666666666666667,-112.31816562798069,0.3333333333333335,954704.4078378358,1.0,0.6000000000000001,0.9
101000001000100111001100100011000101,1612,0.761376434691308,-84.60621168825188,0.3120321517764475,725094.0443869971,0.20000000000000018,1.0,1.0
101000001010000001000100001011000101,1792,0.1277709552309751,-117.20782230978867,0.6388547761548755,996266.4896332037,1.0,0.8,0.9
101100001000000001000101001001001101,4918,0.059638233451419186,-111.71373055770574,0.29819116725709593,949566.7097404988,1.0,0.8,0.9
101000001010000001000101001001001101,7702,0.041948359047953375,-107.24706890037574,0.20974179523976688,911600.0856531938,1.0,0.8,1.0
101000001010000001000101001000001101,5082,0.0666666666666667,-116.5475935828877,0.3333333333333335,990654.5454545454,1.0,0.6000000000000001,1.0
001100000010010001111001110101011000,0,16.057479757182946,15.857679500815921,0.999,0.0021791197210669026,1.1102230246251565E-16,1.0,0.8
101000001010000001000101011001001101,1774,0.06817962315622605,-110.85650002651623,0.3408981157811303,942280.250225388,1.0,0.8,1.0
101000001010000001000101001001001101,5814,0.041948359047953375,-107.24706890037574,0.20974179523976688,911600.0856531938,1.0,0.8,1.0
101000001010000001000101001001001101,4068,0.041948359047953375,-107.24706890037574,0.20974179523976688,911600.0856531938,1.0,0.8,1.0
111111001010101001110100111010110111,158,15.909541884602508,-76.62115257034108,0.2593106370978042,786070.0747839543,1.1102230246251565E-16,1.0,0.9
101000001010000001000101001001001101,2450,0.041948359047953375,-107.24706890037574,0.20974179523976688,911600.0856531938,1.0,0.8,1.0
101000001010000001000101001001001101,4664,0.041948359047953375,-107.24706890037574,0.20974179523976688,911600.0856531938,1.0,0.8,1.0
101000001010000001000101001010001101,4810,0.0,-106.83529411764705,0.0,908100.0,1.0,0.6000000000000001,1.0
101100001000000001000101001001001101,6720,0.059638233451419186,-111.71373055770574,0.29819116725709593,949566.7097404988,1.0,0.8,0.9
101000001010000001000101001001001101,1848,0.041948359047953375,-107.24706890037574,0.20974179523976688,911600.0856531938,1.0,0.8,1.0
101000001010000011000101001001001101,2052,0.04862579888982059,-100.78128828863652,0.24312899444910296,856640.9504534104,1.0,1.0,1.0
110101000101011110101111001001001110,278,15.870254629894534,-62.91702933496316,0.06287436355793874,669585.027283242,1.1102230246251565E-16,1.0,1.0
101000001010000001000101001000001101,6902,0.0666666666666667,-116.5475935828877,0.3333333333333335,990654.5454545454,1.0,0.6000000000000001,1.0
101000001010000001000101001001001101,5254,0.041948359047953375,-107.24706890037574,0.20974179523976688,911600.0856531938,1.0,0.8,1.0
101000001010000001000101001001001101,2278,0.041948359047953375,-107.24706890037574,0.20974179523976688,911600.0856531938,1.0,0.8,1.0
101000001010000001000100001000000101,2172,0.2,-142.4470588235294,1.0,1210800.0,1.0,0.6000000000000001,0.9
101000001010000001000101001001001101,4090,0.041948359047953375,-107.24706890037574,0.20974179523976688,911600.0856531938,1.0,0.8,1.0
101000001010000001000101001001001101,4224,0.041948359047953375,-107.24706890037574,0.20974179523976688,911600.0856531938,1.0,0.8,1.0
111011111001110101001111001001101111,580,15.895883765282973,-79.86684035057715,0.19102004050013333,813658.4209159608,1.1102230246251565E-16,1.0,1.0
101000001010000001000101001001001101,7718,0.041948359047953375,-107.24706890037574,0.20974179523976688,911600.0856531938,1.0,0.8,1.0
001110100101111111011010101010010010,0,15.950659820522313,-42.88357189574393,0.46490031669683374,499300.63904987846,1.1102230246251565E-16,1.0,0.9
101000001000000001000101001110001101,6774,0.07161032819040929,-107.24706890037572,0.35805164095204645,911600.0856531936,1.0,0.8,1.0
101000001010000001000101001010001101,7984,0.0,-106.83529411764705,0.0,908100.0,1.0,0.6000000000000001,1.0
101000001010000001000101001000001101,7636,0.0666666666666667,-116.5475935828877,0.3333333333333335,990654.5454545454,1.0,0.6000000000000001,1.0
111011011110111111101111001101011111,270,15.868943360948874,-69.36848743480546,0.056318018829635275,724422.4211319014,1.1102230246251565E-16,1.0,1.0
101000001010000001000101001000001101,3530,0.0666666666666667,-116.5475935828877,0.3333333333333335,990654.5454545454,1.0,0.6000000000000001,1.0
100000001010001000000101001000001101,6382,0.2518916084942339,-115.63011428330236,0.7749079774308877,983679.7065186385,0.8,0.7000000000000001,0.9
101000001010000001000101001000001101,7024,0.0666666666666667,-116.5475935828877,0.3333333333333335,990654.5454545454,1.0,0.6000000000000001,1.0
101000001010000001000101001001001101,3432,0.041948359047953375,-107.24706890037574,0.20974179523976688,911600.0856531938,1.0,0.8,1.0
101000001010000001001100110011000101,1356,0.2530861919959894,-84.15756228393475,0.15618721189816553,717224.9937851845,0.6000000000000001,0.8,1.0
101000001000000011000101001010001101,9030,0.04194835904795333,-107.24706890037574,0.20974179523976666,911600.0856531938,1.0,0.8,1.0
101000000001100111100010010110000110,230,15.99010419380389,-69.68023710954999,0.6621221831047216,727072.29336723,1.1102230246251565E-16,1.0,1.0
101010001110000001010100001000100101,1952,16.020628125898458,-98.68468023264766,0.8147418435775542,973610.0599135603,1.1102230246251565E-16,1.0,0.9
101000001010000001000101001001001101,5176,0.041948359047953375,-107.24706890037574,0.20974179523976688,911600.0856531938,1.0,0.8,1.0
001111001010100001111101111101111001,130,15.968562994152775,-40.82863293746948,0.5544161848491396,481833.6579045456,1.1102230246251565E-16,1.0,0.9
101000001010000001000101001001001101,2380,0.041948359047953375,-107.24706890037574,0.20974179523976688,911600.0856531938,1.0,0.8,1.0
101000001010000001000101001001001101,3428,0.041948359047953375,-107.24706890037574,0.20974179523976688,911600.0856531938,1.0,0.8,1.0
101000101010000001000101001001001101,2026,0.09762869778685727,-92.0297290559955,0.0035934238940044105,783076.4320865303,0.8,0.9,1.0
101000001010000001000100001010000101,4028,0.13333333333333336,-128.20235294117646,0.6666666666666667,1089720.0,1.0,0.6000000000000001,0.9
101000001010000001000101001001001101,7594,0.041948359047953375,-107.24706890037574,0.20974179523976688,911600.0856531938,1.0,0.8,1.0
101000001010000001000101001000001101,8708,0.0666666666666667,-116.5475935828877,0.3333333333333335,990654.5454545454,1.0,0.6000000000000001,1.0
101000001000000001010100100011000101,1546,0.20151247293114333,-84.40188134082065,0.5230122996154347,718239.726507544,0.8,0.9,0.9
101001010010000001000111001001101110,1010,15.87190988683048,-66.79006622760417,0.07115064823766393,702505.8408706905,1.1102230246251565E-16,0.8,1.0
101100001010000001101100110011000101,1464,15.875539020864213,-59.660143036015796,0.08929631840633512,641901.4937421894,1.1102230246251565E-16,1.0,1.0
101000001010000001000101001010001101,4912,0.0,-106.83529411764705,0.0,908100.0,1.0,0.6000000000000001,1.0
110101111010111110101111101001001101,312,15.875751396498012,-62.11652160233963,0.0903581965753244,662780.711555942,1.1102230246251565E-16,1.0,1.0
101000001010010001000111001010001111,1294,15.897679757182946,-102.84820259575824,0.20000000000000018,1009000.0000000001,1.1102230246251565E-16,0.6000000000000001,1.0
101000001010000001000101001000001101,3810,0.0666666666666667,-116.5475935828877,0.3333333333333335,990654.5454545454,1.0,0.6000000000000001,1.0
101000001010000001000101001000001101,2252,0.0666666666666667,-116.5475935828877,0.3333333333333335,990654.5454545454,1.0,0.6000000000000001,1.0
101110001010010001000111001010101111,880,15.929052906865664,-101.53482405915197,0.35686574841358243,997836.2824388469,1.1102230246251565E-16,1.0,1.0
101000001010000001000100001100000101,9586,0.17033803085754406,-127.84335651403923,0.8516901542877203,1086668.5303693335,1.0,0.8,0.9
101000001010000001000101001001001101,3504,0.041948359047953375,-107.24706890037574,0.20974179523976688,911600.0856531938,1.0,0.8,1.0
101000001010000001000101001001001101,7698,0.041948359047953375,-107.24706890037574,0.20974179523976688,911600.0856531938,1.0,0.8,1.0
101000001010000001001111001010101111,1270,15.915450386699902,-104.1951291036954,0.2888531475847812,1020448.875317466,1.1102230246251565E-16,0.9,1.0
101000001010000001000101001001001101,4560,0.041948359047953375,-107.24706890037574,0.20974179523976688,911600.0856531938,1.0,0.8,1.0
101000001000000001000101001001001101,2170,0.06666666666666668,-112.31816562798068,0.33333333333333337,954704.4078378357,1.0,0.6000000000000001,0.9
101000001010000001000101001001001101,5462,0.041948359047953375,-107.24706890037574,0.20974179523976688,911600.0856531938,1.0,0.8,1.0
101000001010000001000101001000001101,6606,0.0666666666666667,-116.5475935828877,0.3333333333333335,990654.5454545454,1.0,0.6000000000000001,1.0
111011011000010111101110010110010101,276,15.928569714791461,-76.78768575075316,0.35444978804257343,787485.6068174569,1.1102230246251565E-16,1.0,1.0
101000001010000001000101001001001101,2518,0.041948359047953375,-107.24706890037574,0.20974179523976688,911600.0856531938,1.0,0.8,1.0
101000001010000001000101001010001101,7476,0.0,-106.83529411764705,0.0,908100.0,1.0,0.6000000000000001,1.0
101000001010000101001100010011000101,770,0.480768486320556,-98.12549820184395,0.41414238824259286,837449.2247893859,0.40000000000000013,1.0,1.0
101000001010000001000101001001001101,2996,0.041948359047953375,-107.24706890037574,0.20974179523976688,911600.0856531938,1.0,0.8,1.0
101000001010000001000101001001001101,4744,0.041948359047953375,-107.24706890037574,0.20974179523976688,911600.0856531938,1.0,0.8,1.0
101000001010000001000101001001001101,7808,0.041948359047953375,-107.24706890037574,0.20974179523976688,911600.0856531938,1.0,0.8,1.0
110101010010111110101101001101011100,148,15.928718991416739,-41.85397334648843,0.35519617116895685,490549.0513812067,1.1102230246251565E-16,1.0,1.0
001111010101010101111110111100110010,114,15.900906085032988,-66.4752043174097,0.21613163925020595,699829.5146340376,1.1102230246251565E-16,1.0,1.0
101000001010000001000101001001001101,2740,0.041948359047953375,-107.24706890037574,0.20974179523976688,911600.0856531938,1.0,0.8,1.0
101000001011000001000101001000101101,1742,0.08690372635905255,-112.74225704693912,0.43451863179526273,958309.1848989825,1.0,1.0,1.0
101000001010000001000101001010001101,2294,0.0,-106.83529411764705,0.0,908100.0,1.0,0.6000000000000001,1.0
101000001111000001000101001011001101,2040,0.0,-90.27020116983358,0.0,767296.7099435854,1.0,1.0,1.0
101000001010000001000101001001001101,3420,0.041948359047953375,-107.24706890037574,0.20974179523976688,911600.0856531938,1.0,0.8,1.0
101000001010000001000101001000001101,6452,0.0666666666666667,-116.5475935828877,0.3333333333333335,990654.5454545454,1.0,0.6000000000000001,1.0
101000001010000001000101001010001101,8724,0.0,-106.83529411764705,0.0,908100.0,1.0,0.6000000000000001,1.0
101000001000000001001100010111000101,1320,0.5221213594210622,-86.71874611115554,0.6209067537451238,740491.8320185344,0.40000000000000013,0.8,0.9
101000001011000001000101001010101101,1806,0.13206830448235554,-105.4414985434294,0.1757914573714957,897076.4727297184,0.8,1.0,1.0
101000001010000001000101001010001101,8236,0.0,-106.83529411764705,0.0,908100.0,1.0,0.6000000000000001,1.0
101000001010000001000101001000001101,3380,0.0666666666666667,-116.5475935828877,0.3333333333333335,990654.5454545454,1.0,0.6000000000000001,1.0
110010010101001110001111010011001100,0,15.92822348700989,-66.93568593899748,0.3527186491347145,703743.6084175337,1.1102230246251565E-16,1.0,1.0
101000001010000111001100010000000111,1030,0.8508692055476322,-115.06500672920187,0.7594960060580686,983993.802235072,0.20000000000000018,1.0,0.9
101000001010000001000101001010001101,2548,0.0,-106.83529411764705,0.0,908100.0,1.0,0.6000000000000001,1.0
101000001010000001000100000011000101,1858,0.10938363213560547,-101.0292614093071,0.5469181606780273,858748.7219791103,1.0,0.6000000000000001,1.0
101000001010000001000101001001001101,3694,0.041948359047953375,-107.24706890037574,0.20974179523976688,911600.0856531938,1.0,0.8,1.0
101000001010000001000101001010001101,9092,0.0,-106.83529411764705,0.0,908100.0,1.0,0.6000000000000001,1.0
000111010010101000000010010000100000,0,16.057479757182946,15.857679463801896,0.999,0.0024937389331262457,1.1102230246251565E-16,0.9,1.0
101100010100111101010000010101110110,138,15.857679757182947,-43.78450710037664,2.220446049250313E-16,506958.5882892565,1.1102230246251565E-16,1.0,1.0
000011110111010100010010111011110010,460,15.865201887361096,-59.01403520445305,0.037610650890742336,636409.577173906,1.1102230246251565E-16,1.0,1.0
101000001010000001000101001010001101,7816,0.0,-106.83529411764705,0.0,908100.0,1.0,0.6000000000000001,1.0
101000001010000001000101001010001101,6912,0.0,-106.83529411764705,0.0,908100.0,1.0,0.6000000000000001,1.0
101000001010000001000101001000001101,4262,0.0666666666666667,-116.5475935828877,0.3333333333333335,990654.5454545454,1.0,0.6000000000000001,1.0
101000001010000001000101001010001101,9136,0.0,-106.83529411764705,0.0,908100.0,1.0,0.6000000000000001,1.0
101000001010000001000101001010001101,4898,0.0,-106.83529411764705,0.0,908100.0,1.0,0.6000000000000001,1.0
101000001010000001000101001010001101,6536,0.0,-106.83529411764705,0.0,908100.0,1.0,0.6000000000000001,1.0
111001011110101101000110111010110111,288,15.943914490836164,-89.22250574371697,0.43117366826608505,893181.5767576493,1.1102230246251565E-16,1.0,0.9
101000001010000001001100100011000101,1282,0.09691001300805639,-79.55819336821627,0.0,677068.3787404067,0.8,0.8,1.0
101000001010000001000101001001001101,2714,0.041948359047953375,-107.24706890037574,0.20974179523976688,911600.0856531938,1.0,0.8,1.0
101000001010000001000101001000011101,8828,0.0638854776154876,-107.76640085196551,0.319427388077438,916014.4072417069,1.0,0.8,1.0
101000001010000001000101001010001101,8932,0.0,-106.83529411764705,0.0,908100.0,1.0,0.6000000000000001,1.0
101000001010000001000101001001001101,2526,0.041948359047953375,-107.24706890037574,0.20974179523976688,911600.0856531938,1.0,0.8,1.0
000111000100100100100011000011011000,142,15.91269488444906,-42.376204139788285,0.2750756363305701,494988.0131242555,1.1102230246251565E-16,1.0,0.9
101000001000000011000101001010001101,8258,0.04194835904795333,-107.24706890037574,0.20974179523976666,911600.0856531938,1.0,0.8,1.0
101000001010000001000101001001001101,2636,0.041948359047953375,-107.24706890037574,0.20974179523976688,911600.0856531938,1.0,0.8,1.0
101000001010100001001100010011000101,1188,0.7114342416151685,-79.31296583596772,0.06232118639575035,680101.4546425818,0.20000000000000018,0.9,1.0
101000001000000011000101001010001101,9910,0.04194835904795333,-107.24706890037574,0.20974179523976666,911600.0856531938,1.0,0.8,1.0
000010111010000100100011101010001011,0,15.942672459153815,-64.97377147818621,0.42496350985434206,687067.3355006379,1.1102230246251565E-16,1.0,1.0
101000001010000001000101001001001101,7598,0.041948359047953375,-107.24706890037574,0.20974179523976688,911600.0856531938,1.0,0.8,1.0
101000001010000001000101001001001101,2784,0.041948359047953375,-107.24706890037574,0.20974179523976688,911600.0856531938,1.0,0.8,1.0
101000001010000001000101101011001101,1436,0.0,-93.98479615627475,0.0,798870.7673283354,1.0,0.8,1.0
101000001000000001000110001010100101,1732,0.8919179871916229,-149.65087230876858,0.9647399142780217,1277973.6596613892,0.20000000000000018,0.9,0.8
101000001010000001100101001001001101,4306,0.7366431571377757,-96.55950177751605,0.18836576400878613,826697.0101457426,0.20000000000000018,0.9,1.0
101011001010101001010111001000111111,822,15.89921606426115,-80.67245212306973,0.2076815353910162,820506.1209821478,1.1102230246251565E-16,1.0,1.0
101000001000000001000101001001001101,2030,0.06666666666666668,-112.31816562798068,0.33333333333333337,954704.4078378357,1.0,0.6000000000000001,0.9
111110011000111001001010101011000111,0,15.916310254435617,-74.44418391033899,0.2931524862633488,767565.8411739365,1.1102230246251565E-16,1.0,0.9
101000001010000001000101001010001101,5788,0.0,-106.83529411764705,0.0,908100.0,1.0,0.6000000000000001,1.0
101000001011000001000101101011001101,1558,0.0,-89.23784710695067,0.0,758521.7004090807,1.0,1.0,1.0
101100001000000001001101100011001101,1688,0.29787697614136566,-68.98885094164719,0.38014113262504656,588290.9473757402,0.6000000000000001,1.0,1.0
101000001000000001000110100011000101,1658,0.5717588705024352,-117.18455967382444,0.869094309151989,999451.2473012201,0.40000000000000013,0.8,0.9
101000001010000001000101001010001101,5272,0.0,-106.83529411764705,0.0,908100.0,1.0,0.6000000000000001,1.0
101000001010000001000101001000001101,7010,0.0666666666666667,-116.5475935828877,0.3333333333333335,990654.5454545454,1.0,0.6000000000000001,1.0
101000001011000001000100001101000101,1620,0.1501341362914858,-107.2213092798168,0.750670681457429,911381.1288784427,1.0,1.0,0.9
101000001010000001000101001010001101,7142,0.0,-106.83529411764705,0.0,908100.0,1.0,0.6000000000000001,1.0
110111001011100000110001111000111111,120,15.964808757996881,-77.20905309346686,0.535645004069673,791067.2292305235,1.1102230246251565E-16,1.0,0.9
101000011010000011000001001001001101,2036,0.7341689986761198,-63.53936668804778,0.1759949717005067,546025.8618852623,0.20000000000000018,1.0,1.0
101000001010000001000101001000001101,9990,0.0666666666666667,-116.5475935828877,0.3333333333333335,990654.5454545454,1.0,0.6000000000000001,1.0
101000001010000001000101001001001101,6918,0.041948359047953375,-107.24706890037574,0.20974179523976688,911600.0856531938,1.0,0.8,1.0
101000001000000001000100001001000101,1714,0.2,-136.17956730191256,1.0,1157526.3220662568,1.0,0.6000000000000001,0.8
111110100010010101001000100110110100,0,15.927495931754908,-41.69127022814291,0.3490808728598056,489166.07487526984,1.1102230246251565E-16,1.0,0.9
100100001000000000000101001000001101,6418,0.2,-136.17956730191253,1.0,1157526.3220662565,1.0,0.6000000000000001,0.8
101000001010000001000001001000001101,2584,0.0,-85.46823529411763,0.0,726479.9999999999,1.0,0.5000000000000001,1.0
101000001010000001000101001001001101,5360,0.041948359047953375,-107.24706890037574,0.20974179523976688,911600.0856531938,1.0,0.8,1.0
101100001000000001000101001001001101,1814,0.059638233451419186,-111.71373055770574,0.29819116725709593,949566.7097404988,1.0,0.8,0.9
101000001011000001000101101011001101,2080,0.0,-89.23784710695067,0.0,758521.7004090807,1.0,1.0,1.0
101000001010000001000101001001001101,5512,0.041948359047953375,-107.24706890037574,0.20974179523976688,911600.0856531938,1.0,0.8,1.0
101000001010000001000100000000000101,1958,0.2,-106.83529411764705,1.0,908100.0,1.0,0.30000000000000016,0.9
101000001010000001000101001001001101,4972,0.041948359047953375,-107.24706890037574,0.20974179523976688,911600.0856531938,1.0,0.8,1.0
101000001001000001000101001010001101,8664,0.06388547761548755,-107.76640085196549,0.31942738807743776,916014.4072417066,1.0,0.8,1.0
101000001010000001000101001000001101,6154,0.0666666666666667,-116.5475935828877,0.3333333333333335,990654.5454545454,1.0,0.6000000000000001,1.0
101000001010000001000101001001001101,5120,0.041948359047953375,-107.24706890037574,0.20974179523976688,911600.0856531938,1.0,0.8,1.0
101000001010000001000110001010000101,1864,0.8489700043360185,-141.74808881919336,0.75,1210799.9999999998,0.20000000000000018,0.6000000000000001,0.9
101000001010000001000101001010001101,5182,0.0,-106.83529411764705,0.0,908100.0,1.0,0.6000000000000001,1.0
101000001010000001000101001001001101,2482,0.041948359047953375,-107.24706890037574,0.20974179523976688,911600.0856531938,1.0,0.8,1.0
101000001010000001000101001000001101,6460,0.0666666666666667,-116.5475935828877,0.3333333333333335,990654.5454545454,1.0,0.6000000000000001,1.0
101000001010000001000101001001001101,3772,0.041948359047953375,-107.24706890037574,0.20974179523976688,911600.0856531938,1.0,0.8,1.0
110011100100001100000010000011010110,192,15.954910558486052,-70.06228146790006,0.4861540065155264,730319.6704132056,1.1102230246251565E-16,0.9,0.9
101000001011000001000101001000001101,1912,0.06388547761548755,-107.76640085196549,0.31942738807743776,916014.4072417066,1.0,0.8,1.0
101000001010000001000101001001001101,2712,0.041948359047953375,-107.24706890037574,0.20974179523976688,911600.0856531938,1.0,0.8,1.0
101010001010111101101111001101011101,616,15.878370080842416,-64.39451994244247,0.10345161829734728,682143.6974468161,1.1102230246251565E-16,1.0,1.0
101111011010010101001111001001101111,586,15.904008503644306,-84.34096324941657,0.2316437323067927,851688.4655560959,1.1102230246251565E-16,1.0,1.0
101000001010000001000101001000001101,9712,0.0666666666666667,-116.5475935828877,0.3333333333333335,990654.5454545454,1.0,0.6000000000000001,1.0
101000001010000001000100001010100101,1800,0.23323684164849423,-127.61564925567194,0.6816341432021892,1085556.75378378,0.8,0.9,0.9
101000001010000001000101001001001101,6804,0.041948359047953375,-107.24706890037574,0.20974179523976688,911600.0856531938,1.0,0.8,1.0
101000001010000001000101001101001101,1936,0.02361503263076603,-99.10952074126186,0.11807516315383015,842430.9263007258,1.0,0.8,1.0
101000001000000001000101001001001101,1686,0.06666666666666668,-112.31816562798068,0.33333333333333337,954704.4078378357,1.0,0.6000000000000001,0.9
101000001010000001000101001000101101,1744,0.08912586197027975,-118.97146877261662,0.4456293098513987,1011257.4845672413,1.0,0.9,0.9
101001001010000001000101001000011101,6098,0.39794000867203744,-92.41566437116693,0.0,788915.6372286312,0.40000000000000013,0.8,1.0
101000001010000001000101001001001101,3206,0.041948359047953375,-107.24706890037574,0.20974179523976688,911600.0856531938,1.0,0.8,1.0
101000001010000001000101001001001101,3214,0.041948359047953375,-107.24706890037574,0.20974179523976688,911600.0856531938,1.0,0.8,1.0
101000001010000001000101001010001101,3534,0.0,-106.83529411764705,0.0,908100.0,1.0,0.6000000000000001,1.0
101000001010000001000101001001001101,7240,0.041948359047953375,-107.24706890037574,0.20974179523976688,911600.0856531938,1.0,0.8,1.0
101000001010000001000101001000001101,5758,0.0666666666666667,-116.5475935828877,0.3333333333333335,990654.5454545454,1.0,0.6000000000000001,1.0
010111000111011100010000111011010010,250,15.865302400110988,-57.33382150966244,0.03811321464020567,622127.7607681858,1.1102230246251565E-16,1.0,1.0
101000001010000001000100001001000101,1900,0.17033803085754406,-127.84335651403923,0.8516901542877203,1086668.5303693335,1.0,0.8,0.9
101000001010000001000101001001001101,2684,0.041948359047953375,-107.24706890037574,0.20974179523976688,911600.0856531938,1.0,0.8,1.0
000111100110000010101100100101010010,0,15.922865660866984,-36.17180267287635,0.32592951842018913,442250.60065550404,1.1102230246251565E-16,1.0,1.0
101000001010000001011100111011000101,1252,15.879999113529397,-70.28572410842513,0.11159678173225374,732218.9328576686,1.1102230246251565E-16,0.9,1.0
101000001010000001000101001001001101,4016,0.041948359047953375,-107.24706890037574,0.20974179523976688,911600.0856531938,1.0,0.8,1.0
101000001011000001000000001000100101,1550,0.18831426160979498,-105.07499008311292,0.9415713080489749,893137.4157064599,1.0,0.9,0.9
101000001010000001000101001001001101,7338,0.041948359047953375,-107.24706890037574,0.20974179523976688,911600.0856531938,1.0,0.8,1.0
101000001010000001000101101111001101,1530,0.09691001300805643,-89.14093709394263,2.220446049250313E-16,758521.7004090808,0.8,0.8,1.0
101000001010000001000101001000001101,7548,0.0666666666666667,-116.5475935828877,0.3333333333333335,990654.5454545454,1.0,0.6000000000000001,1.0
101000001010000001000101001001001101,2434,0.041948359047953375,-107.24706890037574,0.20974179523976688,911600.0856531938,1.0,0.8,1.0
000011011000010010101110010110010001,122,15.97447965203136,-28.54495033162232,0.5839994742420667,377422.3557548448,1.1102230246251565E-16,1.0,1.0
101000001000000001000101001010001101,9378,0.0666666666666667,-116.5475935828877,0.3333333333333335,990654.5454545454,1.0,0.6000000000000001,1.0
101100001000000001000101001001001101,1936,0.059638233451419186,-111.71373055770574,0.29819116725709593,949566.7097404988,1.0,0.8,0.9
101000001010000001000101001010001101,3794,0.0,-106.83529411764705,0.0,908100.0,1.0,0.6000000000000001,1.0
101000001010000001000101001010001101,6324,0.0,-106.83529411764705,0.0,908100.0,1.0,0.6000000000000001,1.0
101000001010000001000101001000001101,9354,0.0666666666666667,-116.5475935828877,0.3333333333333335,990654.5454545454,1.0,0.6000000000000001,1.0
101000001010000001000101001001001101,5548,0.041948359047953375,-107.24706890037574,0.20974179523976688,911600.0856531938,1.0,0.8,1.0
010000011111111100110111001101011011,162,15.865864687233321,-54.16976444520873,0.04092465025187342,595233.2757203293,1.1102230246251565E-16,1.0,1.0
101000001010000001000101001000001101,5324,0.0666666666666667,-116.5475935828877,0.3333333333333335,990654.5454545454,1.0,0.6000000000000001,1.0
101001111111011111011001000111111101,0,16.05768735752524,-36.62187944454854,1.000038001711455,446076.25321471767,1.1102230246251565E-16,1.0,0.9
001010111010100111001010101011110011,140,15.867511250561524,-53.62721521617202,0.049157466892890134,590621.6072735173,1.1102230246251565E-16,1.0,1.0
101000001011000001000101100011001101,1508,0.04799045832928304,-76.34920349296542,0.23995229164641518,648968.229690206,1.0,1.0,1.0
101000001011000001000101101011001101,1780,0.0,-89.23784710695067,0.0,758521.7004090807,1.0,1.0,1.0
101000001010000001000101001001001101,3038,0.041948359047953375,-107.24706890037574,0.20974179523976688,911600.0856531938,1.0,0.8,1.0
101000001010000001000101001000001101,10000,0.0666666666666667,-116.5475935828877,0.3333333333333335,990654.5454545454,1.0,0.6000000000000001,1.0
101100001010100001000101001001001101,2086,0.23282064319168663,-90.12675072211478,0.054859467876651635,767963.0955097147,0.6000000000000001,1.0,1.0
101000001010000001000101001000001101,3476,0.0666666666666667,-116.5475935828877,0.3333333333333335,990654.5454545454,1.0,0.6000000000000001,1.0
101000001010000001000101001001001101,6574,0.041948359047953375,-107.24706890037574,0.20974179523976688,911600.0856531938,1.0,0.8,1.0
101000001010000001000101001000001101,5594,0.0666666666666667,-116.5475935828877,0.3333333333333335,990654.5454545454,1.0,0.6000000000000001,1.0
101000001010000001000101001000001101,7282,0.0666666666666667,-116.5475935828877,0.3333333333333335,990654.5454545454,1.0,0.6000000000000001,1.0
101000001010000001000101001000001101,8564,0.0666666666666667,-116.5475935828877,0.3333333333333335,990654.5454545454,1.0,0.6000000000000001,1.0
101000001010000001000101001000001101,9002,0.0666666666666667,-116.5475935828877,0.3333333333333335,990654.5454545454,1.0,0.6000000000000001,1.0
101000001000000001000101001000001101,1826,0.1998,-5.991715504636061E-7,0.999,0.005092958178940651,1.0,0.30000000000000016,0.9
101000001010000001000101001000001101,7760,0.0666666666666667,-116.5475935828877,0.3333333333333335,990654.5454545454,1.0,0.6000000000000001,1.0
101000001010000001000101001001001101,4814,0.041948359047953375,-107.24706890037574,0.20974179523976688,911600.0856531938,1.0,0.8,1.0
101000001010000001000101001000001101,4974,0.0666666666666667,-116.5475935828877,0.3333333333333335,990654.5454545454,1.0,0.6000000000000001,1.0
101000001010000001000101001001001101,6394,0.041948359047953375,-107.24706890037574,0.20974179523976688,911600.0856531938,1.0,0.8,1.0
000000100111111000011111010010111000,0,16.117847822895037,-29.137876627207955,1.3008403285604504,382462.2292673227,1.1102230246251565E-16,1.0,0.9
101000001010000001000101001010001101,2614,0.0,-106.83529411764705,0.0,908100.0,1.0,0.6000000000000001,1.0
101000001010000001000101101011001101,1708,0.0,-93.98479615627475,0.0,798870.7673283354,1.0,0.8,1.0
101000001010000001000101001010001101,4368,0.0,-106.83529411764705,0.0,908100.0,1.0,0.6000000000000001,1.0
101000001010000001000101001001001101,6262,0.041948359047953375,-107.24706890037574,0.20974179523976688,911600.0856531938,1.0,0.8,1.0
101001000101010011000101111101101110,150,15.884216157696827,-54.01518186207322,0.1326820025693991,593919.3237636775,1.1102230246251565E-16,1.0,1.0
111010001010010101101111001110101111,454,15.927067971268476,-95.67810745252537,0.34694107042764877,948054.1912825207,1.1102230246251565E-16,1.0,1.0
101000001010000001000101101000001101,8656,0.06388547761548755,-107.76640085196547,0.31942738807743776,916014.4072417065,1.0,0.8,1.0
101000001010000001000101001000001101,6232,0.0666666666666667,-116.5475935828877,0.3333333333333335,990654.5454545454,1.0,0.6000000000000001,1.0
101000001010000001000100001010000101,2462,0.13333333333333336,-128.20235294117646,0.6666666666666667,1089720.0,1.0,0.6000000000000001,0.9
001111001010100001101000011100100011,180,15.888350695243803,-55.374494859642724,0.15335469030427817,605473.4842430182,1.1102230246251565E-16,1.0,1.0
101000001011000001000101001000001101,5926,0.06388547761548755,-107.76640085196549,0.31942738807743776,916014.4072417066,1.0,0.8,1.0
101000001010010001000111001010101111,1396,15.915450386699902,-104.1951291036954,0.2888531475847812,1020448.875317466,1.1102230246251565E-16,0.9,1.0
101000001011000001000101001000001101,4834,0.06388547761548755,-107.76640085196549,0.31942738807743776,916014.4072417066,1.0,0.8,1.0
101000001010000001000101001001001101,2360,0.041948359047953375,-107.24706890037574,0.20974179523976688,911600.0856531938,1.0,0.8,1.0
101001011110101101000111011010111111,376,15.899104690799085,-79.61078135979344,0.20712466808069463,811481.9194942993,1.1102230246251565E-16,1.0,1.0
101000001010000001000101001001001101,3068,0.041948359047953375,-107.24706890037574,0.20974179523976688,911600.0856531938,1.0,0.8,1.0
100100001000000000000101001010001101,7798,0.17033803085754404,-127.84335651403923,0.8516901542877202,1086668.5303693335,1.0,0.8,0.9
101001001010000001000101001010001101,3994,0.46460667533870403,-91.17516923502544,0.33333333333333304,778371.4285714285,0.40000000000000013,0.6000000000000001,1.0
101000001010000001000101001000001101,6964,0.0666666666666667,-116.5475935828877,0.3333333333333335,990654.5454545454,1.0,0.6000000000000001,1.0
101000001010000001000101001001001101,6662,0.041948359047953375,-107.24706890037574,0.20974179523976688,911600.0856531938,1.0,0.8,1.0
110010001010010000010111001010101111,802,15.981408238872476,-113.40712471322837,0.6186424084476436,1098750.8379984961,1.1102230246251565E-16,1.0,0.9
101000001000000001000101001010001101,9498,0.0666666666666667,-116.5475935828877,0.3333333333333335,990654.5454545454,1.0,0.6000000000000001,1.0
101000001010000001000101001010001101,9636,0.0,-106.83529411764705,0.0,908100.0,1.0,0.6000000000000001,1.0
101000001000000001000110001010100101,1466,0.8919179871916229,-149.65087230876858,0.9647399142780217,1277973.6596613892,0.20000000000000018,0.9,0.8
101000001010000001000101001000001101,2232,0.0666666666666667,-116.5475935828877,0.3333333333333335,990654.5454545454,1.0,0.6000000000000001,1.0
101000001010000001000101000000001101,8760,0.0,-85.46823529411763,0.0,726479.9999999999,1.0,0.5000000000000001,1.0
101000001010000001000101001001001101,2674,0.041948359047953375,-107.24706890037574,0.20974179523976688,911600.0856531938,1.0,0.8,1.0
101000001010000101001100010001000111,882,0.8337716548066874,-115.06500672920187,0.6740082523533442,983993.802235072,0.20000000000000018,1.0,0.9
001111001010000101001111001001101011,416,15.887377730163243,-72.22295390754704,0.14848986490148142,748685.3861502049,1.1102230246251565E-16,0.8,1.0
101000001010000001000101001001001101,3746,0.041948359047953375,-107.24706890037574,0.20974179523976688,911600.0856531938,1.0,0.8,1.0
101000001010000001000101001010001101,5294,0.0,-106.83529411764705,0.0,908100.0,1.0,0.6000000000000001,1.0
101000001000000001000101001101001101,1584,0.06666666666666662,-99.93614314094094,0.33333333333333315,849457.216697998,1.0,0.6000000000000001,0.9
101000001010000001000101001001001101,7404,0.041948359047953375,-107.24706890037574,0.20974179523976688,911600.0856531938,1.0,0.8,1.0
111000001010010101001001011101011101,856,15.860596728600319,-70.180181955315,0.014584857086862746,731321.8245562327,1.1102230246251565E-16,1.0,1.0
101000001010000101000100001010000101,7794,0.24221732756980768,-127.61564925567194,0.7265365728087565,1085556.75378378,0.8,0.9,0.9
101000001000000011000101001010001101,9346,0.04194835904795333,-107.24706890037574,0.20974179523976666,911600.0856531938,1.0,0.8,1.0
110011001000010110101010010011010111,218,15.958598957964632,-90.30239120542163,0.5045960039084313,902360.6031821389,1.1102230246251565E-16,1.0,0.9
101000001010000001000101001000001101,4128,0.0666666666666667,-116.5475935828877,0.3333333333333335,990654.5454545454,1.0,0.6000000000000001,1.0
101000001010000001000100001011000101,1576,0.1277709552309751,-117.20782230978867,0.6388547761548755,996266.4896332037,1.0,0.8,0.9
101000001010000001000101001010001101,8828,0.0,-106.83529411764705,0.0,908100.0,1.0,0.6000000000000001,1.0
111000001010010101001001001010101111,1032,15.868265178597019,-81.90702932480988,0.05292710707035808,831000.0271969391,1.1102230246251565E-16,1.0,1.0
100100001010000000000101001000001101,4872,0.2,-127.84335651403923,1.0,1086668.5303693335,1.0,0.8,0.9
110011000111011100011010010110010110,210,15.876997326852578,-65.9232367985323,0.09658784834816103,695137.7907235796,1.1102230246251565E-16,1.0,1.0
010001000100110100001101001010101000,0,16.057479757182946,15.857679473516766,0.999,0.002411162538652114,1.1102230246251565E-16,1.0,0.9
101000001010000001000100001010000101,8462,0.13333333333333336,-128.20235294117646,0.6666666666666667,1089720.0,1.0,0.6000000000000001,0.9
101000001000000011001101001001001101,1830,0.39794000867203744,-93.58685614760276,0.0,798870.7673283358,0.40000000000000013,0.8,1.0
101000001010000001000101000001001101,2568,0.0,-90.38667958664618,0.0,768286.7764864926,1.0,0.8,1.0
100000001010000000000101001010001101,3422,0.13333333333333336,-128.20235294117646,0.6666666666666667,1089720.0,1.0,0.6000000000000001,0.9
101000001010000001000101001000001101,4726,0.0666666666666667,-116.5475935828877,0.3333333333333335,990654.5454545454,1.0,0.6000000000000001,1.0
101000001010000001000101001001001101,3208,0.041948359047953375,-107.24706890037574,0.20974179523976688,911600.0856531938,1.0,0.8,1.0
110110110101110110000000011100000110,0,15.924862035659645,-52.604445957487584,0.3359113923834912,581928.0685746996,1.1102230246251565E-16,1.0,0.9
101000001010000001000101001010001101,2532,0.0,-106.83529411764705,0.0,908100.0,1.0,0.6000000000000001,1.0
101000001010000001000101001010001101,9898,0.0,-106.83529411764705,0.0,908100.0,1.0,0.6000000000000001,1.0
101000001010000001000101001000101101,2120,0.08912586197027975,-118.97146877261662,0.4456293098513987,1011257.4845672413,1.0,0.9,0.9
101000001000000001000101001001001101,7456,0.06666666666666668,-112.31816562798068,0.33333333333333337,954704.4078378357,1.0,0.6000000000000001,0.9
101000001010000001000101001000001101,2238,0.0666666666666667,-116.5475935828877,0.3333333333333335,990654.5454545454,1.0,0.6000000000000001,1.0
011011011111111111101111001001001001,214,15.929899476636965,-47.876168045149086,0.36109859727009264,541737.7063198222,1.1102230246251565E-16,1.0,1.0
111010001010110101111111001101011111,672,15.893028664607101,-78.62960171314324,0.17674453712077176,803141.8924977727,1.1102230246251565E-16,1.0,1.0
101000001010000001000100001010000101,2104,0.13333333333333336,-128.20235294117646,0.6666666666666667,1089720.0,1.0,0.6000000000000001,0.9
101000001010000001000101001010001101,9514,0.0,-106.83529411764705,0.0,908100.0,1.0,0.6000000000000001,1.0
101000001010000001000101001001001101,7322,0.041948359047953375,-107.24706890037574,0.20974179523976688,911600.0856531938,1.0,0.8,1.0
101000001010000001000100001000000101,9962,0.2,-142.4470588235294,1.0,1210800.0,1.0,0.6000000000000001,0.9
001111001010001111111001100000001011,120,16.00026026356658,-35.5197259167667,0.7129025319181708,436707.948228572,1.1102230246251565E-16,1.0,0.9
101000001010000001000101001010001101,9570,0.0,-106.83529411764705,0.0,908100.0,1.0,0.6000000000000001,1.0
111000001010100001000101101111001101,1604,15.873820755949723,-76.68197575392662,0.08070499383388208,786587.0718444313,1.1102230246251565E-16,0.9,1.0
101000001110000001010101001010001101,4046,0.1373778266726235,-86.55509646910468,0.20233906832283544,736542.0550979583,0.8,0.8,1.0
011010001010000101001100001000100011,820,16.011872333186005,-94.4649286930637,0.7709628800152882,937742.1718270965,1.1102230246251565E-16,0.8,0.9
110011011000010110101110010110010111,168,15.95333778780061,-89.09839364178079,0.47829015308831746,892126.6238911918,1.1102230246251565E-16,1.0,0.9
101000001010000001000101001010001101,5450,0.0,-106.83529411764705,0.0,908100.0,1.0,0.6000000000000001,1.0
101001001010000101001111001000001101,606,15.88509135682768,-88.22053554491086,0.1370579982236675,884664.8300677973,1.1102230246251565E-16,0.9,1.0
101000001000000001000100100011000101,1474,0.16346947715846366,-99.83512281125955,0.8173473857923184,848598.5438957062,1.0,0.8,0.9
101001001000000001000100000010100101,1562,0.5103006884470354,-92.38990510702993,0.5618033988749895,788696.6834834667,0.40000000000000013,0.8,0.9
101000001000000011000101001010001101,8276,0.04194835904795333,-107.24706890037574,0.20974179523976666,911600.0856531938,1.0,0.8,1.0
101000001010000001000101001001001101,2606,0.041948359047953375,-107.24706890037574,0.20974179523976688,911600.0856531938,1.0,0.8,1.0
101000000001100111100011111111001100,0,15.866656458815298,-44.460811298788784,0.04488350816175379,512707.17397575965,1.1102230246251565E-16,1.0,1.0
101000001010000001000101001000011101,6544,0.0638854776154876,-107.76640085196551,0.319427388077438,916014.4072417069,1.0,0.8,1.0
101100001010000001000100001001000101,2084,0.1686823971659396,-121.15824328788861,0.843411985829698,1029845.0679470532,1.0,1.0,0.9
101000001010000001000101001000001101,4502,0.0666666666666667,-116.5475935828877,0.3333333333333335,990654.5454545454,1.0,0.6000000000000001,1.0
101000001010000001000101001010001101,7266,0.0,-106.83529411764705,0.0,908100.0,1.0,0.6000000000000001,1.0
101100001010000001000101001001001101,1796,0.04940593026310125,-103.63517400532731,0.24702965131550625,880898.9790452822,1.0,1.0,1.0
101000001010000001000101101001001101,3992,0.040260639106669285,-100.31506767665795,0.2013031955333464,852678.0752515926,1.0,0.8,1.0
101000001010000001000101001000001101,2324,0.0666666666666667,-116.5475935828877,0.3333333333333335,990654.5454545454,1.0,0.6000000000000001,1.0
101000001010000001000100001000000101,5174,0.2,-142.4470588235294,1.0,1210800.0,1.0,0.6000000000000001,0.9
101000001000000011000101001010001101,8592,0.04194835904795333,-107.24706890037574,0.20974179523976666,911600.0856531938,1.0,0.8,1.0
101000001000000001000101001010011101,9450,0.06388547761548757,-107.76640085196551,0.31942738807743787,916014.4072417069,1.0,0.8,1.0
101000001010000001000101001000001101,7344,0.0666666666666667,-116.5475935828877,0.3333333333333335,990654.5454545454,1.0,0.6000000000000001,1.0
101000011010000001000101001000001101,3758,0.4575782421234566,-103.23723399665528,0.29819116725709593,880898.9790452822,0.40000000000000013,0.9,1.0
101000001010000001000101001001001101,5694,0.041948359047953375,-107.24706890037574,0.20974179523976688,911600.0856531938,1.0,0.8,1.0
001011011000110111101110011011010011,266,15.883766969693639,-58.439295987433425,0.13043606255346019,631524.2938292392,1.1102230246251565E-16,1.0,1.0
101000001010000001000101001000001101,9052,0.0666666666666667,-116.5475935828877,0.3333333333333335,990654.5454545454,1.0,0.6000000000000001,1.0
101000001010000001000101101011001101,1514,0.0,-93.98479615627475,0.0,798870.7673283354,1.0,0.8,1.0
101100001000000001000101001010001101,7996,0.04194835904795333,-107.24706890037572,0.20974179523976666,911600.0856531936,1.0,0.8,1.0
001100011110111001100000110001000011,0,15.865758737439789,-45.57533870850949,0.04039490128420997,522180.6569583858,1.1102230246251565E-16,1.0,1.0
101000001010000001000110001000000101,4304,0.5979400086720374,-154.9988514351782,1.0,1320872.727272727,0.40000000000000013,0.6000000000000001,0.8
100000001010000000000101001000001101,2092,0.2,-142.4470588235294,1.0,1210800.0,1.0,0.6000000000000001,0.9
101000001010000001000101001010001101,6300,0.0,-106.83529411764705,0.0,908100.0,1.0,0.6000000000000001,1.0
101000001010000001000110001000100101,4008,0.5908879915276418,-149.95190230443256,0.9647399142780217,1277973.6596613892,0.40000000000000013,0.9,0.8
101000001010000001000101001001001101,5216,0.041948359047953375,-107.24706890037574,0.20974179523976688,911600.0856531938,1.0,0.8,1.0
101000001010000001000101001001001101,7094,0.041948359047953375,-107.24706890037574,0.20974179523976688,911600.0856531938,1.0,0.8,1.0
101000001010000001000101001010001101,8634,0.0,-106.83529411764705,0.0,908100.0,1.0,0.6000000000000001,1.0
101011011011111111011100111010110111,1240,15.858581326642446,-64.66361866205811,0.004507847297495093,684431.0365635491,1.1102230246251565E-16,1.0,1.0
101000001010000101001100010001000111,650,0.8337716548066874,-115.06500672920187,0.6740082523533442,983993.802235072,0.20000000000000018,1.0,0.9
101000001000000011000101001010001101,8306,0.04194835904795333,-107.24706890037574,0.20974179523976666,911600.0856531938,1.0,0.8,1.0
101000001010000001000101001010001101,6606,0.0,-106.83529411764705,0.0,908100.0,1.0,0.6000000000000001,1.0
101000001010000001000101001000001101,4846,0.0666666666666667,-116.5475935828877,0.3333333333333335,990654.5454545454,1.0,0.6000000000000001,1.0
101000001010000001000101001000001101,3648,0.0666666666666667,-116.5475935828877,0.3333333333333335,990654.5454545454,1.0,0.6000000000000001,1.0
101000001010000001000101001010001101,4822,0.0,-106.83529411764705,0.0,908100.0,1.0,0.6000000000000001,1.0
001010000110100111001100001010010010,0,15.902998494449475,-54.46835204216754,0.2265936863326411,597771.2702944792,1.1102230246251565E-16,1.0,0.9
101000001000000001000101001001001101,1748,0.06666666666666668,-112.31816562798068,0.33333333333333337,954704.4078378357,1.0,0.6000000000000001,0.9
101000001010000001000101001000001101,3154,0.0666666666666667,-116.5475935828877,0.3333333333333335,990654.5454545454,1.0,0.6000000000000001,1.0
101010011110010001001111000101001111,518,15.865843095616443,-71.51749065544868,0.04081669216747885,742688.9485073689,1.1102230246251565E-16,1.0,1.0
101000001010000001100101001001001101,4002,0.7366431571377757,-96.55950177751605,0.18836576400878613,826697.0101457426,0.20000000000000018,0.9,1.0
111000001000000111001100100001000101,1480,0.5264250178532345,-114.34253964169329,0.642425045905985,975294.0770281053,0.40000000000000013,1.0,0.9
101001001111110101101111001101011111,628,15.877557791275644,-65.33703642219703,0.09939017046348564,690155.0875247298,1.1102230246251565E-16,1.0,1.0
101000001010000001000101001000001101,6608,0.0666666666666667,-116.5475935828877,0.3333333333333335,990654.5454545454,1.0,0.6000000000000001,1.0
101000001010000001000101001001001101,3106,0.041948359047953375,-107.24706890037574,0.20974179523976688,911600.0856531938,1.0,0.8,1.0
101100001000000001000101001001001101,6214,0.059638233451419186,-111.71373055770574,0.29819116725709593,949566.7097404988,1.0,0.8,0.9
101000001010000001000101001010001101,8606,0.0,-106.83529411764705,0.0,908100.0,1.0,0.6000000000000001,1.0
101000001010000001000101001000001101,4806,0.0666666666666667,-116.5475935828877,0.3333333333333335,990654.5454545454,1.0,0.6000000000000001,1.0
101000001010000001000101001010001101,9594,0.0,-106.83529411764705,0.0,908100.0,1.0,0.6000000000000001,1.0
101101000010100011100011101000011100,0,16.039862166903173,-26.57075042720803,0.9109120486011291,360641.6565673233,1.1102230246251565E-16,1.0,0.9
101000001010000001000100000010010101,1490,0.06177726646469197,-86.80894004935422,0.30888633232345986,737875.9904195109,1.0,0.8,1.0
101000001010000001000101001001001101,5040,0.041948359047953375,-107.24706890037574,0.20974179523976688,911600.0856531938,1.0,0.8,1.0
101000001010000001000101001001001101,7278,0.041948359047953375,-107.24706890037574,0.20974179523976688,911600.0856531938,1.0,0.8,1.0
101000000011000101100110100011000100,1624,15.927213463273958,-51.78963497965184,0.3476685304550573,575002.1752630956,1.1102230246251565E-16,1.0,1.0
101000001010000001000100000011000101,1952,0.10938363213560547,-101.0292614093071,0.5469181606780273,858748.7219791103,1.0,0.6000000000000001,1.0
101000001010000001000101001001001101,3404,0.041948359047953375,-107.24706890037574,0.20974179523976688,911600.0856531938,1.0,0.8,1.0
101000001010000101001100010001000111,702,0.8337716548066874,-115.06500672920187,0.6740082523533442,983993.802235072,0.20000000000000018,1.0,0.9
101000001010000001000101001000001101,2438,0.0666666666666667,-116.5475935828877,0.3333333333333335,990654.5454545454,1.0,0.6000000000000001,1.0
100000001010000000000101001010001101,2578,0.13333333333333336,-128.20235294117646,0.6666666666666667,1089720.0,1.0,0.6000000000000001,0.9
101000001010000001000100001010000101,7732,0.13333333333333336,-128.20235294117646,0.6666666666666667,1089720.0,1.0,0.6000000000000001,0.9
101000001010000111001100010011000101,884,0.486545987914473,-99.0669931755777,0.4430298962121778,845451.9320661228,0.40000000000000013,1.0,1.0
101000001010000001000101001000001101,2924,0.0666666666666667,-116.5475935828877,0.3333333333333335,990654.5454545454,1.0,0.6000000000000001,1.0
101000001010000001000101001000001101,6576,0.0666666666666667,-116.5475935828877,0.3333333333333335,990654.5454545454,1.0,0.6000000000000001,1.0
010010010101010100111110111100110010,156,15.958678826990836,-83.02547619765942,0.5049953490394472,840506.8256161601,1.1102230246251565E-16,1.0,0.9
101000001010000001000101001001001101,7460,0.041948359047953375,-107.24706890037574,0.20974179523976688,911600.0856531938,1.0,0.8,1.0
101000001010000001000101001001001101,5802,0.041948359047953375,-107.24706890037574,0.20974179523976688,911600.0856531938,1.0,0.8,1.0
101000101001001101011101010101011101,0,15.926618661295612,-46.4848687608599,0.3446945205633227,529911.6624033642,1.1102230246251565E-16,1.0,1.0
101001001010000101001111001000101111,430,15.929399462752073,-100.11334754356426,0.35859852784563406,985753.7320563513,1.1102230246251565E-16,1.0,1.0
000111100111110110111010011010100010,108,15.889363580609528,-52.3179153181441,0.15841911713291057,579492.55814028,1.1102230246251565E-16,1.0,1.0
101000001000000001000100001010000101,4882,0.2,-142.4470588235294,1.0,1210800.0,1.0,0.6000000000000001,0.9
101000001010000001000101001001001101,2670,0.041948359047953375,-107.24706890037574,0.20974179523976688,911600.0856531938,1.0,0.8,1.0
101000001010000001000101001001001101,5644,0.041948359047953375,-107.24706890037574,0.20974179523976688,911600.0856531938,1.0,0.8,1.0
101000001010000001000101001010001101,9434,0.0,-106.83529411764705,0.0,908100.0,1.0,0.6000000000000001,1.0
101000001010000001000101001001001101,3608,0.041948359047953375,-107.24706890037574,0.20974179523976688,911600.0856531938,1.0,0.8,1.0
101000001010000001000101001000001101,2934,0.0666666666666667,-116.5475935828877,0.3333333333333335,990654.5454545454,1.0,0.6000000000000001,1.0
101000001010000001000101001010001101,3042,0.0,-106.83529411764705,0.0,908100.0,1.0,0.6000000000000001,1.0
101000001010000001000101001010001101,7770,0.0,-106.83529411764705,0.0,908100.0,1.0,0.6000000000000001,1.0
101000001010000001000101001001001101,2272,0.041948359047953375,-107.24706890037574,0.20974179523976688,911600.0856531938,1.0,0.8,1.0
101000001010000001000101001000001101,9760,0.0666666666666667,-116.5475935828877,0.3333333333333335,990654.5454545454,1.0,0.6000000000000001,1.0
101000001010000001000101001010001101,5186,0.0,-106.83529411764705,0.0,908100.0,1.0,0.6000000000000001,1.0
101000001000000001001100110011000101,1322,0.3219145689787395,-88.40144634576734,0.5003290968119158,753298.0083107614,0.6000000000000001,0.8,0.9
101000001000000011000101001001001101,7518,0.06132704598304935,-108.6373790867226,0.3066352299152467,923417.7222371422,1.0,0.8,0.9
101000001010000001000101001001001101,6090,0.041948359047953375,-107.24706890037574,0.20974179523976688,911600.0856531938,1.0,0.8,1.0
101000001010000001000101001000011101,9996,0.0638854776154876,-107.76640085196551,0.319427388077438,916014.4072417069,1.0,0.8,1.0
101000001010000001000111001010001101,9580,0.7489700043360185,-121.3985089872606,0.2499999999999999,1037828.5714285712,0.20000000000000018,0.6000000000000001,1.0
101000001010000001000101001001001101,3814,0.041948359047953375,-107.24706890037574,0.20974179523976688,911600.0856531938,1.0,0.8,1.0
101000000100010001001101001010101110,1668,15.96743464169341,-45.66274657706633,0.5487744225523152,522923.6238411189,1.1102230246251565E-16,1.0,0.9
101001001010000001000101001001001101,1660,0.42018648552887944,-91.96839073192871,0.11123238428421,785113.8112951063,0.40000000000000013,0.8,1.0
111010001010010101001101011101011101,516,15.90072790417376,-83.57091304234574,0.21524073495406548,845143.0387959939,1.1102230246251565E-16,1.0,1.0
101010001011000001000100001010100101,1698,0.370514002648505,-122.19408836372591,0.7433262651607433,1040535.4654634093,0.6000000000000001,1.0,0.9
101000001010000001000111001011001101,1720,15.906098850338635,-98.65846369395501,0.24209546577843988,973387.2193346727,1.1102230246251565E-16,0.8,1.0
101000001010000001000100001010000101,2062,0.13333333333333336,-128.20235294117646,0.6666666666666667,1089720.0,1.0,0.6000000000000001,0.9
101000001010000001000101001001001101,2542,0.041948359047953375,-107.24706890037574,0.20974179523976688,911600.0856531938,1.0,0.8,1.0
101000001010000001000101001010001101,3290,0.0,-106.83529411764705,0.0,908100.0,1.0,0.6000000000000001,1.0
101000001010000001000101001001001101,7966,0.041948359047953375,-107.24706890037574,0.20974179523976688,911600.0856531938,1.0,0.8,1.0
101000001010000001000101001001001101,6244,0.041948359047953375,-107.24706890037574,0.20974179523976688,911600.0856531938,1.0,0.8,1.0
101000001010000001000101001000001101,8972,0.0666666666666667,-116.5475935828877,0.3333333333333335,990654.5454545454,1.0,0.6000000000000001,1.0
101000001010000001000101001001001101,7530,0.041948359047953375,-107.24706890037574,0.20974179523976688,911600.0856531938,1.0,0.8,1.0
111011011011111111101111001101011101,314,15.870240701700986,-63.72232282597837,0.06280472259019665,676430.0219568711,1.1102230246251565E-16,1.0,1.0
101000001010000001010010000111000101,1554,15.939876545258128,-77.8686531513981,0.41098394037591246,796673.829722939,1.1102230246251565E-16,0.9,1.0
101000001010000001000101001001001101,7274,0.041948359047953375,-107.24706890037574,0.20974179523976688,911600.0856531938,1.0,0.8,1.0
101000001000000001000101001001001101,1610,0.06666666666666668,-112.31816562798068,0.33333333333333337,954704.4078378357,1.0,0.6000000000000001,0.9
101000001010000001000101001001001101,2416,0.041948359047953375,-107.24706890037574,0.20974179523976688,911600.0856531938,1.0,0.8,1.0
101000001010000001000101101001001101,4300,0.040260639106669285,-100.31506767665795,0.2013031955333464,852678.0752515926,1.0,0.8,1.0
111000001010000001000101001010001101,4864,0.4479400086720374,-121.69953898292458,0.2499999999999999,1037828.5714285712,0.40000000000000013,0.6000000000000001,1.0
101000001010000001000101001001001101,7950,0.041948359047953375,-107.24706890037574,0.20974179523976688,911600.0856531938,1.0,0.8,1.0
111000001010000001000111001010101111,1406,15.966644686967713,-125.31292614538071,0.544824648923836,1199950.1501717912,1.1102230246251565E-16,0.9,0.9
101000001010000001000101001001001101,1596,0.041948359047953375,-107.24706890037574,0.20974179523976688,911600.0856531938,1.0,0.8,1.0
101000001011000001000101001011001101,2010,0.0,-93.98479615627477,0.0,798870.7673283356,1.0,1.0,1.0
101000001010000001000101001001001101,2006,0.041948359047953375,-107.24706890037574,0.20974179523976688,911600.0856531938,1.0,0.8,1.0
101000001010000001000101001010001101,2242,0.0,-106.83529411764705,0.0,908100.0,1.0,0.6000000000000001,1.0
101000001010000001000101001001001101,7314,0.041948359047953375,-107.24706890037574,0.20974179523976688,911600.0856531938,1.0,0.8,1.0
101000001010000001000101001001001101,2460,0.041948359047953375,-107.24706890037574,0.20974179523976688,911600.0856531938,1.0,0.8,1.0
111011011100111101101100010010000101,1094,15.88096048302821,-59.068425484986946,0.11640362922631275,636871.8945584442,1.1102230246251565E-16,0.9,1.0
101000001000000011000101001010001101,8688,0.04194835904795333,-107.24706890037574,0.20974179523976666,911600.0856531938,1.0,0.8,1.0
101000001010000001000101001001001101,4470,0.041948359047953375,-107.24706890037574,0.20974179523976688,911600.0856531938,1.0,0.8,1.0
101000001010000001000101001000001101,4888,0.0666666666666667,-116.5475935828877,0.3333333333333335,990654.5454545454,1.0,0.6000000000000001,1.0
101100001010000001001100001000100101,1964,0.5362166317420266,-109.63844668195996,0.6913831153499457,935309.286870372,0.40000000000000013,1.0,0.9
101000001010000001000101001001001101,4290,0.041948359047953375,-107.24706890037574,0.20974179523976688,911600.0856531938,1.0,0.8,1.0
101000001010000001000101001001001101,4792,0.041948359047953375,-107.24706890037574,0.20974179523976688,911600.0856531938,1.0,0.8,1.0
101001001010000001000101001000001101,2104,0.39794000867203744,-98.21925456146371,0.0,838246.1538461539,0.40000000000000013,0.6000000000000001,1.0
101000001010000001000100001010000101,2408,0.13333333333333336,-128.20235294117646,0.6666666666666667,1089720.0,1.0,0.6000000000000001,0.9
101000001010000001000101001010001101,7462,0.0,-106.83529411764705,0.0,908100.0,1.0,0.6000000000000001,1.0
111011111001110111101111001001101111,526,15.893362244848522,-76.53781991113692,0.17841243832787723,785361.7471807189,1.1102230246251565E-16,1.0,1.0
101000001010000001000101001010001101,2300,0.0,-106.83529411764705,0.0,908100.0,1.0,0.6000000000000001,1.0
010010001000011100000110111010110011,108,16.00244492708113,-96.11578577409323,0.7238258494909079,951774.4570158476,1.1102230246251565E-16,1.0,0.8
101000001010000001001100010011000101,1262,0.27565968748709263,-90.75362691739814,0.2690546893536816,773291.5431696232,0.6000000000000001,0.8,1.0
101000001010000001000101001010001101,2244,0.0,-106.83529411764705,0.0,908100.0,1.0,0.6000000000000001,1.0
101000001010000001000101001001001101,3192,0.041948359047953375,-107.24706890037574,0.20974179523976688,911600.0856531938,1.0,0.8,1.0
101000001010000001000101001000011101,8162,0.0638854776154876,-107.76640085196551,0.319427388077438,916014.4072417069,1.0,0.8,1.0
101000001010000001000101001011001101,1694,0.0,-99.73265363667957,0.0,847727.5559117764,1.0,0.8,1.0
001111001010000001110100111010110011,414,15.87743507830955,-58.63948941221496,0.09877660563300883,633225.9379398822,1.1102230246251565E-16,1.0,1.0
101000001010000001000101001010001101,4792,0.0,-106.83529411764705,0.0,908100.0,1.0,0.6000000000000001,1.0
101000001010000001000100001011000101,1840,0.1277709552309751,-117.20782230978867,0.6388547761548755,996266.4896332037,1.0,0.8,0.9
111011001010011011101111001101011101,432,15.869869936419683,-68.8725516095952,0.06095089618368332,720206.9666176144,1.1102230246251565E-16,1.0,1.0
101000001010000001001100010011000101,1498,0.27565968748709263,-90.75362691739814,0.2690546893536816,773291.5431696232,0.6000000000000001,0.8,1.0
101000001010000001000101001010001101,8496,0.0,-106.83529411764705,0.0,908100.0,1.0,0.6000000000000001,1.0
101000001011000001001100100011000101,1502,0.23042739337904677,-75.28142549931098,0.042893218813452316,641777.8311158824,0.6000000000000001,1.0,1.0
101000001010000001000101001000001101,2520,0.0666666666666667,-116.5475935828877,0.3333333333333335,990654.5454545454,1.0,0.6000000000000001,1.0
101000001010000001000101001001001101,3714,0.041948359047953375,-107.24706890037574,0.20974179523976688,911600.0856531938,1.0,0.8,1.0
101000001010000001000100001000000101,4892,0.2,-142.4470588235294,1.0,1210800.0,1.0,0.6000000000000001,0.9
101000001011000001000101001000101101,1728,0.08690372635905255,-112.74225704693912,0.43451863179526273,958309.1848989825,1.0,1.0,1.0
101000001010000001000101001001001101,5496,0.041948359047953375,-107.24706890037574,0.20974179523976688,911600.0856531938,1.0,0.8,1.0
101000011000000011000101001010001101,8488,0.7366431571377757,-96.55950177751605,0.18836576400878602,826697.0101457426,0.20000000000000018,0.9,1.0
101000001010000001000100001000100101,1990,0.1910195140786865,-139.07886281227053,0.9550975703934326,1182170.3339042994,1.0,0.9,0.8
101000001010000001000101001010001101,9040,0.0,-106.83529411764705,0.0,908100.0,1.0,0.6000000000000001,1.0
101000001010000001000101001001001101,5804,0.041948359047953375,-107.24706890037574,0.20974179523976688,911600.0856531938,1.0,0.8,1.0
101000001010000001010100001001000101,1942,0.3492169503166678,-106.469942688309,0.6368410035015575,906880.2272223656,0.6000000000000001,0.9,0.9
101000001010000001000101001001001101,1976,0.041948359047953375,-107.24706890037574,0.20974179523976688,911600.0856531938,1.0,0.8,1.0
101000001010000001000101001010001101,8940,0.0,-106.83529411764705,0.0,908100.0,1.0,0.6000000000000001,1.0
101000001010000001000101001001001101,2542,0.041948359047953375,-107.24706890037574,0.20974179523976688,911600.0856531938,1.0,0.8,1.0
101000001010000001000101001010001101,5234,0.0,-106.83529411764705,0.0,908100.0,1.0,0.6000000000000001,1.0
101010001010011101101111001101011111,550,15.88726342045722,-77.4014219833737,0.14791831637136577,792702.3647947315,1.1102230246251565E-16,1.0,1.0
101000001010000001000101001000011101,3680,0.0638854776154876,-107.76640085196551,0.319427388077438,916014.4072417069,1.0,0.8,1.0
101000001010000001000101001001001101,4584,0.041948359047953375,-107.24706890037574,0.20974179523976688,911600.0856531938,1.0,0.8,1.0
101000001010000001000101001010001101,9338,0.0,-106.83529411764705,0.0,908100.0,1.0,0.6000000000000001,1.0
101000001010000001000101001010001101,6190,0.0,-106.83529411764705,0.0,908100.0,1.0,0.6000000000000001,1.0
101000001010000001000101001001001101,7526,0.041948359047953375,-107.24706890037574,0.20974179523976688,911600.0856531938,1.0,0.8,1.0
010111011000010110111110010110010001,210,15.868773949660863,-48.68566680318018,0.055470962389578826,548618.4457630867,1.1102230246251565E-16,1.0,1.0
101000001010000001000101001010001101,9546,0.0,-106.83529411764705,0.0,908100.0,1.0,0.6000000000000001,1.0
101000001010000001000101001000001101,4396,0.0666666666666667,-116.5475935828877,0.3333333333333335,990654.5454545454,1.0,0.6000000000000001,1.0
101000001010000001000100001000100111,3626,0.4147967324719607,-150.1279935634883,0.9647399142780217,1277973.6596613897,0.6000000000000001,0.9,0.8
010001010111111100100010001110010000,116,15.95890574746742,-35.50551265015538,0.5061299514223649,436587.13546237577,1.1102230246251565E-16,1.0,1.0
101000001010000001000101001010001101,3902,0.0,-106.83529411764705,0.0,908100.0,1.0,0.6000000000000001,1.0
101000001011000001000101001010001101,1978,0.0,-99.73265363667954,0.0,847727.5559117761,1.0,0.8,1.0
101001011011101111101011011101011101,170,15.904586081525574,-52.54410269384299,0.23453162171313968,581415.1508337205,1.1102230246251565E-16,1.0,1.0
101000001010000001000101001001001101,4032,0.041948359047953375,-107.24706890037574,0.20974179523976688,911600.0856531938,1.0,0.8,1.0
101000001010000001000101001000101101,6928,0.08912586197027975,-118.97146877261662,0.4456293098513987,1011257.4845672413,1.0,0.9,0.9
101000001000000001000001001010101101,1678,0.14474060886127085,-93.67285930313162,0.23915297926607226,797043.0391871872,0.8,0.8,1.0
101000001010100001000100011000000101,3078,0.3759459549365317,-117.13094107438137,0.7704860266008771,997498.7135039807,0.6000000000000001,0.9,0.9
101000001010000001000101001001001101,4134,0.041948359047953375,-107.24706890037574,0.20974179523976688,911600.0856531938,1.0,0.8,1.0
101000001010000001001100000011000101,1456,0.12506090941487275,-84.6559661219999,0.1407544820340817,720399.4471475676,0.8,0.6000000000000001,1.0
101000001010000001000101001000001101,6772,0.0666666666666667,-116.5475935828877,0.3333333333333335,990654.5454545454,1.0,0.6000000000000001,1.0
001011011010100001110100111010110011,252,15.858066345854182,-55.27652686686953,0.001932943356176331,604640.7563044461,1.1102230246251565E-16,1.0,1.0
101000001010000001000101001000001101,4440,0.0666666666666667,-116.5475935828877,0.3333333333333335,990654.5454545454,1.0,0.6000000000000001,1.0
101100001010000001001100010001000111,1246,0.5178687719940525,-103.69949354466719,0.5996438166100748,884828.1852033834,0.40000000000000013,1.0,0.9
101000001010000001000100001010000101,7066,0.13333333333333336,-128.20235294117646,0.6666666666666667,1089720.0,1.0,0.6000000000000001,0.9
101000001010000001000101001000001101,5648,0.0666666666666667,-116.5475935828877,0.3333333333333335,990654.5454545454,1.0,0.6000000000000001,1.0
101000001010000001000101001001001101,7056,0.041948359047953375,-107.24706890037574,0.20974179523976688,911600.0856531938,1.0,0.8,1.0
101000001010000001000101001010001101,5208,0.0,-106.83529411764705,0.0,908100.0,1.0,0.6000000000000001,1.0
101000001010000001000101001001001101,6906,0.041948359047953375,-107.24706890037574,0.20974179523976688,911600.0856531938,1.0,0.8,1.0
101000001010000001001100010101000111,1248,0.801076542527311,-101.2501387986344,0.5105326909564625,866567.4248252485,0.20000000000000018,0.8,0.9
101000001010000001000101001010001101,9696,0.0,-106.83529411764705,0.0,908100.0,1.0,0.6000000000000001,1.0
101000001010000001000101001010001101,6710,0.0,-106.83529411764705,0.0,908100.0,1.0,0.6000000000000001,1.0
101000001000000001000101100011001101,1580,0.032553524009634585,-84.77301535359702,0.1627676200481729,720570.6305055746,1.0,0.8,1.0
011111000010101001101111010011011010,178,15.928338354077223,-53.23517044066472,0.35329298447138346,587289.2266817052,1.1102230246251565E-16,1.0,0.9
101000001010000001000010000001000101,1378,0.4218487496163563,-122.88140064443861,1.0,1046377.6198494673,0.6000000000000001,0.7000000000000001,0.9
101000001010000001000101001000011101,6474,0.0638854776154876,-107.76640085196551,0.319427388077438,916014.4072417069,1.0,0.8,1.0
111111001010111111001011001000101111,608,15.885405911950443,-74.5700423768028,0.1386307738374808,768635.6381388789,1.1102230246251565E-16,1.0,1.0
000111100111110110111010011010100010,0,15.889363580609528,-52.3179153181441,0.15841911713291057,579492.55814028,1.1102230246251565E-16,1.0,1.0
101000001010000001000101001001001101,6618,0.041948359047953375,-107.24706890037574,0.20974179523976688,911600.0856531938,1.0,0.8,1.0
101000001010000001000101001000001101,4752,0.0666666666666667,-116.5475935828877,0.3333333333333335,990654.5454545454,1.0,0.6000000000000001,1.0
101000001010000001000101001001001101,4544,0.041948359047953375,-107.24706890037574,0.20974179523976688,911600.0856531938,1.0,0.8,1.0
100101011001110100101001011110101101,0,15.869882089060313,-60.762594217372026,0.061011659386836725,651272.3287837174,1.1102230246251565E-16,1.0,1.0
101000001011000001000101101011001101,2158,0.0,-89.23784710695067,0.0,758521.7004090807,1.0,1.0,1.0
101000001010000001000101001001001101,7774,0.041948359047953375,-107.24706890037574,0.20974179523976688,911600.0856531938,1.0,0.8,1.0
111011001010010001000111001010101111,808,15.9207026201271,-104.1027183433896,0.31511431472076423,1019663.3838548666,1.1102230246251565E-16,1.0,1.0
111011001010010011101111001101011111,568,15.889714260419227,-81.59594781571305,0.16017251618139983,828355.834369616,1.1102230246251565E-16,1.0,1.0
101000001010000001000101001001001101,1846,0.041948359047953375,-107.24706890037574,0.20974179523976688,911600.0856531938,1.0,0.8,1.0
101000001000000001000101001001001101,2212,0.06666666666666668,-112.31816562798068,0.33333333333333337,954704.4078378357,1.0,0.6000000000000001,0.9
101000001000000011000101001010101101,1684,0.16508963616428238,-110.75959001350815,0.34089811578112994,942280.2502253877,0.8,1.0,1.0
101000001010100001000101001010001101,1682,0.13911476723976496,-91.24268697980439,0.21102377115854276,776386.5744389058,0.8,0.7000000000000001,1.0
101000001010000001000101001000001101,3646,0.0666666666666667,-116.5475935828877,0.3333333333333335,990654.5454545454,1.0,0.6000000000000001,1.0
101000001000000001000101001001001101,1876,0.06666666666666668,-112.31816562798068,0.33333333333333337,954704.4078378357,1.0,0.6000000000000001,0.9
101000001000000001001101001001001101,1798,0.39794000867203744,-95.17408316291694,0.0,812362.1969585064,0.40000000000000013,0.6000000000000001,1.0
111011011111110101101111001101101111,434,15.893658234165226,-76.31873759197586,0.17989238491139947,783499.5474678499,1.1102230246251565E-16,1.0,1.0
100000001010000000000101101011001101,1504,0.13034127733599138,-108.13481570197507,0.6517063866799568,919145.9334667881,1.0,0.8,0.9
101000001010000001000101001010001101,2350,0.0,-106.83529411764705,0.0,908100.0,1.0,0.6000000000000001,1.0
101000001010000001000101001010001101,3772,0.0,-106.83529411764705,0.0,908100.0,1.0,0.6000000000000001,1.0
101000001000000011000101001010001101,8992,0.04194835904795333,-107.24706890037574,0.20974179523976666,911600.0856531938,1.0,0.8,1.0
101000011010001001000101101000001101,6056,0.7192648284335498,-85.53258452533021,0.10147412048765647,732968.213502163,0.20000000000000018,1.0,1.0
101000001010000001000101001010001101,8616,0.0,-106.83529411764705,0.0,908100.0,1.0,0.6000000000000001,1.0
101001111011101111101111001101011101,176,15.915722940718958,-53.89388495051281,0.2902159176800505,592888.300015414,1.1102230246251565E-16,1.0,1.0
100100001010000000000101001001001111,4776,0.3977247194858553,-134.31641876125178,0.8793798493474951,1143575.2738423792,0.6000000000000001,1.0,0.9
001000001000000001000101001000101001,1772,0.1998,-5.853532350319118E-7,0.999,0.00497550249777125,1.0,0.6000000000000001,1.0
101000001010000001000101001010001101,2136,0.0,-106.83529411764705,0.0,908100.0,1.0,0.6000000000000001,1.0
101000001010000001000101001000001101,2730,0.0666666666666667,-116.5475935828877,0.3333333333333335,990654.5454545454,1.0,0.6000000000000001,1.0
101000001010000001000101001010001101,4140,0.0,-106.83529411764705,0.0,908100.0,1.0,0.6000000000000001,1.0
101000001010000001000101001000001101,5472,0.0666666666666667,-116.5475935828877,0.3333333333333335,990654.5454545454,1.0,0.6000000000000001,1.0
101000001010000001000101001010001101,9704,0.0,-106.83529411764705,0.0,908100.0,1.0,0.6000000000000001,1.0
111010001110010001001111000101001111,418,15.89710013708531,-84.68419074661621,0.19710189951182233,854605.8992822928,1.1102230246251565E-16,1.0,1.0
101000001010000001000101001001001101,7554,0.041948359047953375,-107.24706890037574,0.20974179523976688,911600.0856531938,1.0,0.8,1.0
101000001010000001000101001000001101,5730,0.0666666666666667,-116.5475935828877,0.3333333333333335,990654.5454545454,1.0,0.6000000000000001,1.0
001000001010000001000101001001001001,3114,0.24142135623730968,-45.774523584669254,1.2071067811865483,389083.4504696886,1.0,0.6000000000000001,1.0
101000001010000001000101001000001101,9336,0.0666666666666667,-116.5475935828877,0.3333333333333335,990654.5454545454,1.0,0.6000000000000001,1.0
101000001010000001100100010001000101,1506,0.8445416896535376,-100.37750353736298,0.7278584265875955,859150.0251044416,0.20000000000000018,0.9,0.9
101000001010000001000101001010001101,9196,0.0,-106.83529411764705,0.0,908100.0,1.0,0.6000000000000001,1.0
101100001000000101000101001000001101,4110,0.18603587497833612,-115.26440641534242,0.4456293098513986,980571.189640979,0.8,0.7000000000000001,0.9
101000001010000001000101001010001101,9340,0.0,-106.83529411764705,0.0,908100.0,1.0,0.6000000000000001,1.0
101000001010000001000101001000001101,4094,0.0666666666666667,-116.5475935828877,0.3333333333333335,990654.5454545454,1.0,0.6000000000000001,1.0
101000001010000001000101001010001101,4382,0.0,-106.83529411764705,0.0,908100.0,1.0,0.6000000000000001,1.0
101000001010000001000101001000001101,8308,0.0666666666666667,-116.5475935828877,0.3333333333333335,990654.5454545454,1.0,0.6000000000000001,1.0
101000001000000001000101001010001101,5872,0.0666666666666667,-116.5475935828877,0.3333333333333335,990654.5454545454,1.0,0.6000000000000001,1.0
101000001010000001000101001000001101,3696,0.0666666666666667,-116.5475935828877,0.3333333333333335,990654.5454545454,1.0,0.6000000000000001,1.0
101000001010000001000101001001001101,7470,0.041948359047953375,-107.24706890037574,0.20974179523976688,911600.0856531938,1.0,0.8,1.0
111000000010000001000011001010101100,1438,15.884339510208019,-59.448709875704495,0.13329876512535632,640104.3118795432,1.1102230246251565E-16,0.9,1.0
101000001000000011000101001010001101,8536,0.04194835904795333,-107.24706890037574,0.20974179523976666,911600.0856531938,1.0,0.8,1.0
101000001010000001000111001000101101,2070,0.5107320885062464,-131.00444198939442,0.5639603991710449,1116920.246983565,0.40000000000000013,0.9,0.9
101000001010000001000101001010001101,8634,0.0,-106.83529411764705,0.0,908100.0,1.0,0.6000000000000001,1.0
101000001000000101001100010001000111,1306,0.5453427919772972,-111.73905184823258,0.7370139165262987,953164.4307836893,0.40000000000000013,0.7000000000000001,0.9
101000001010000001000101001001001101,1818,0.041948359047953375,-107.24706890037574,0.20974179523976688,911600.0856531938,1.0,0.8,1.0
101000001010000001000100001010100101,1954,0.23323684164849423,-127.61564925567194,0.6816341432021892,1085556.75378378,0.8,0.9,0.9
101100010100110101001111001000101110,594,15.875277490008648,-55.355855194252754,0.0879886641285006,605315.0470872035,1.1102230246251565E-16,1.0,1.0
101010001010010001001101011101111101,694,15.870967277506585,-73.97358200321608,0.0664376016181959,763565.7249633918,1.1102230246251565E-16,1.0,1.0
101000001010000001000101001011001101,1852,0.0,-99.73265363667957,0.0,847727.5559117764,1.0,0.8,1.0
110001111010111110000110001101010101,428,15.876767202129338,-62.64355902498231,0.09543722473195482,667260.5296484047,1.1102230246251565E-16,1.0,0.9
101000001010000001000101001000001101,7354,0.0666666666666667,-116.5475935828877,0.3333333333333335,990654.5454545454,1.0,0.6000000000000001,1.0
000010000010001010010110110010000010,0,15.944901083751114,-41.996064970571965,0.4361066328408352,491756.8301859168,1.1102230246251565E-16,1.0,1.0
111011011001111111101111101001011101,272,15.857746918349525,-65.94384370729927,3.358058328943869E-4,695312.9494480989,1.1102230246251565E-16,1.0,1.0
101000001010000001000100001010100101,2028,0.23323684164849423,-127.61564925567194,0.6816341432021892,1085556.75378378,0.8,0.9,0.9
101000001010000001000101001001001101,6348,0.041948359047953375,-107.24706890037574,0.20974179523976688,911600.0856531938,1.0,0.8,1.0
101000001010000001000100001000100111,4012,0.4147967324719607,-150.1279935634883,0.9647399142780217,1277973.6596613897,0.6000000000000001,0.9,0.8
101000001010000001000101001010001101,3294,0.0,-106.83529411764705,0.0,908100.0,1.0,0.6000000000000001,1.0
101000001010000001000101001010001101,7240,0.0,-106.83529411764705,0.0,908100.0,1.0,0.6000000000000001,1.0
110000001000010000000110101111010101,794,16.01927071192914,-103.41275609031696,0.8079547737309645,1013798.7047037493,1.1102230246251565E-16,0.8,0.8
101000001010000001000101001000001101,5192,0.0666666666666667,-116.5475935828877,0.3333333333333335,990654.5454545454,1.0,0.6000000000000001,1.0
101000001010000001000100001010000101,9628,0.13333333333333336,-128.20235294117646,0.6666666666666667,1089720.0,1.0,0.6000000000000001,0.9
101000001010000001000101001000001101,5610,0.0666666666666667,-116.5475935828877,0.3333333333333335,990654.5454545454,1.0,0.6000000000000001,1.0
101000001010000001000101001000001101,4284,0.0666666666666667,-116.5475935828877,0.3333333333333335,990654.5454545454,1.0,0.6000000000000001,1.0
101000001010000001000101001000001101,2530,0.0666666666666667,-116.5475935828877,0.3333333333333335,990654.5454545454,1.0,0.6000000000000001,1.0
001111011000010111001010000110110011,242,15.860647954130387,-52.86634137147355,0.0148409847372033,584154.1795935803,1.1102230246251565E-16,1.0,1.0
101000001010000001000101001001001101,8026,0.041948359047953375,-107.24706890037574,0.20974179523976688,911600.0856531938,1.0,0.8,1.0
101000001000000001000001001010101101,1604,0.14474060886127085,-93.67285930313162,0.23915297926607226,797043.0391871872,0.8,0.8,1.0
101000001010000001000101001001001101,4838,0.041948359047953375,-107.24706890037574,0.20974179523976688,911600.0856531938,1.0,0.8,1.0
101100001000000001000101001001001101,6348,0.059638233451419186,-111.71373055770574,0.29819116725709593,949566.7097404988,1.0,0.8,0.9
000001111111111010110000010110110011,0,16.007202163060025,-34.25261460228154,0.7476120293853867,425937.5020554482,1.1102230246251565E-16,1.0,1.0
101010001010111111101111001100011101,874,15.863719645307715,-66.2900832436601,0.030199440623839502,698255.985507166,1.1102230246251565E-16,1.0,1.0
101000001010000001000101001001001101,5680,0.041948359047953375,-107.24706890037574,0.20974179523976688,911600.0856531938,1.0,0.8,1.0
101000001010000001000101001001001101,7512,0.041948359047953375,-107.24706890037574,0.20974179523976688,911600.0856531938,1.0,0.8,1.0
101000001010000101001100010111000101,1400,0.7745138928996059,-90.35679048475617,0.3777194428179371,773973.9641572837,0.20000000000000018,1.0,1.0
111010101000010001000101001101011101,804,15.89831045223928,-76.74893621967264,0.2031534752816666,787156.2358032726,1.1102230246251565E-16,1.0,0.9
101000001010000001000101001001001101,7504,0.041948359047953375,-107.24706890037574,0.20974179523976688,911600.0856531938,1.0,0.8,1.0
101110001010101111101111001100011111,398,15.909196913260132,-76.79063588105946,0.2575857803859247,787510.6829250605,1.1102230246251565E-16,1.0,1.0
101000011010000001000101001010001101,9222,0.6989700043360185,-95.94725142136286,0.0,821492.8821184405,0.20000000000000018,0.9,1.0
101000001000000011000101001010001101,9104,0.04194835904795333,-107.24706890037574,0.20974179523976666,911600.0856531938,1.0,0.8,1.0
101000001110000001000101001000001101,5930,0.06388547761548755,-107.76640085196549,0.31942738807743776,916014.4072417066,1.0,0.8,1.0
101000001010000001000101001010001101,5372,0.0,-106.83529411764705,0.0,908100.0,1.0,0.6000000000000001,1.0
111111001010101001010000111010100111,194,15.908249471192804,-76.36195299675659,0.2528485700492852,783866.878408486,1.1102230246251565E-16,1.0,1.0
110000001000011100000110111010100101,398,16.001617580506945,-103.60716512229526,0.7196891166199947,1015451.1814755647,1.1102230246251565E-16,1.0,0.8
101000001010000001000101001001001101,2144,0.041948359047953375,-107.24706890037574,0.20974179523976688,911600.0856531938,1.0,0.8,1.0
111010001010111111101111001101011101,438,15.871939353984398,-71.70419878338967,0.07129798400726262,744275.9675948672,1.1102230246251565E-16,1.0,1.0
101101001010000001000101001001001101,1922,0.40817231186035535,-90.14241753908018,0.051161515941589686,769593.0391558938,0.40000000000000013,1.0,1.0
101000001010000001000101001001001101,4568,0.041948359047953375,-107.24706890037574,0.20974179523976688,911600.0856531938,1.0,0.8,1.0
101000001010000001000101001000001101,3048,0.0666666666666667,-116.5475935828877,0.3333333333333335,990654.5454545454,1.0,0.6000000000000001,1.0
101000001011000001000100000001000101,1756,0.16725233665884984,-99.83512281125955,0.8362616832942492,848598.5438957062,1.0,1.0,0.9
101000001010000001000101001001001101,3670,0.041948359047953375,-107.24706890037574,0.20974179523976688,911600.0856531938,1.0,0.8,1.0
101000001010000001000101001010001101,8980,0.0,-106.83529411764705,0.0,908100.0,1.0,0.6000000000000001,1.0
111011011111111011101111010011111111,520,15.864290806419435,-68.63771108270304,0.03305524618243727,718210.8221390309,1.1102230246251565E-16,1.0,1.0
101000001010000001000101001001001101,3980,0.041948359047953375,-107.24706890037574,0.20974179523976688,911600.0856531938,1.0,0.8,1.0
101000001010000001000101001001001101,5860,0.041948359047953375,-107.24706890037574,0.20974179523976688,911600.0856531938,1.0,0.8,1.0
101000001010000001000101001001001101,2286,0.041948359047953375,-107.24706890037574,0.20974179523976688,911600.0856531938,1.0,0.8,1.0
110010010101001110000000111111110110,0,15.988218609613773,-77.12329431099596,0.6526942621541275,790338.2795795207,1.1102230246251565E-16,1.0,0.9
101000001000000011000101001010001101,9178,0.04194835904795333,-107.24706890037574,0.20974179523976666,911600.0856531938,1.0,0.8,1.0
101000001010000001000101001010001101,9508,0.0,-106.83529411764705,0.0,908100.0,1.0,0.6000000000000001,1.0
101000001010000001000101001000001101,5250,0.0666666666666667,-116.5475935828877,0.3333333333333335,990654.5454545454,1.0,0.6000000000000001,1.0
101000001010000001000101001000001101,2848,0.0666666666666667,-116.5475935828877,0.3333333333333335,990654.5454545454,1.0,0.6000000000000001,1.0
101000001010000001000101001000001101,3278,0.0666666666666667,-116.5475935828877,0.3333333333333335,990654.5454545454,1.0,0.6000000000000001,1.0
101000001010000001000101001001001101,4746,0.041948359047953375,-107.24706890037574,0.20974179523976688,911600.0856531938,1.0,0.8,1.0
101000001010010001000111001010101111,960,15.915450386699902,-104.1951291036954,0.2888531475847812,1020448.875317466,1.1102230246251565E-16,0.9,1.0
101000001010000001100101001000001101,4310,0.4575782421234566,-103.23723399665528,0.29819116725709593,880898.9790452822,0.40000000000000013,0.7000000000000001,1.0
101100011010000001001101001010101101,1862,15.874848845891956,-71.1406747157026,0.08584544354504264,739486.0130195272,1.1102230246251565E-16,1.0,1.0
101000001010000001000101001001001101,4554,0.041948359047953375,-107.24706890037574,0.20974179523976688,911600.0856531938,1.0,0.8,1.0
101000001010000001000101001000001101,4072,0.0666666666666667,-116.5475935828877,0.3333333333333335,990654.5454545454,1.0,0.6000000000000001,1.0
101000001010000001000100001010000101,8748,0.13333333333333336,-128.20235294117646,0.6666666666666667,1089720.0,1.0,0.6000000000000001,0.9
101000001000000101001100010001000101,1336,0.22898317329222195,-98.39891397263335,0.6603658014208278,837214.503877952,0.8,0.7000000000000001,0.9
101000001010000001000101001010001101,4716,0.0,-106.83529411764705,0.0,908100.0,1.0,0.6000000000000001,1.0
101000001110000001000101001000001101,2216,0.06388547761548755,-107.76640085196549,0.31942738807743776,916014.4072417066,1.0,0.8,1.0
101000001010000001000101001001001101,3812,0.041948359047953375,-107.24706890037574,0.20974179523976688,911600.0856531938,1.0,0.8,1.0
101000001010000001000101001000001101,5784,0.0666666666666667,-116.5475935828877,0.3333333333333335,990654.5454545454,1.0,0.6000000000000001,1.0
101000001010000001000101001001011101,1786,0.13717065211472573,-100.21815766364995,0.20130319553334663,852678.075251593,0.8,0.8,1.0
101000001010000001000101001000001101,5020,0.0666666666666667,-116.5475935828877,0.3333333333333335,990654.5454545454,1.0,0.6000000000000001,1.0
101000001011000001000101001000001101,5718,0.06388547761548755,-107.76640085196549,0.31942738807743776,916014.4072417066,1.0,0.8,1.0
101000001010000001000101001001001101,7394,0.041948359047953375,-107.24706890037574,0.20974179523976688,911600.0856531938,1.0,0.8,1.0
101000001010000001000101001001001101,2666,0.041948359047953375,-107.24706890037574,0.20974179523976688,911600.0856531938,1.0,0.8,1.0
101000001010000001000101001001001101,4748,0.041948359047953375,-107.24706890037574,0.20974179523976688,911600.0856531938,1.0,0.8,1.0
101000001010000001000101001000001101,2218,0.0666666666666667,-116.5475935828877,0.3333333333333335,990654.5454545454,1.0,0.6000000000000001,1.0
101000001010000001000101001001001101,2882,0.041948359047953375,-107.24706890037574,0.20974179523976688,911600.0856531938,1.0,0.8,1.0
101000001010000001000101001001001101,7106,0.041948359047953375,-107.24706890037574,0.20974179523976688,911600.0856531938,1.0,0.8,1.0
101000001010000001000101001001001101,6690,0.041948359047953375,-107.24706890037574,0.20974179523976688,911600.0856531938,1.0,0.8,1.0
101100001000000101101111010010011101,360,15.89541656939125,-71.19461410240696,0.18868406104151847,739944.4978065143,1.1102230246251565E-16,1.0,1.0
101010001000000111000100110011000101,1466,0.558683968855165,-113.16418767983231,0.8037198009156379,965278.0853522869,0.40000000000000013,1.0,0.9
101000001010000001000101001000001101,3606,0.0666666666666667,-116.5475935828877,0.3333333333333335,990654.5454545454,1.0,0.6000000000000001,1.0
111011011111111111101111101001011101,296,15.863815008639174,-63.14409655407579,0.03067625728113388,671515.0986456992,1.1102230246251565E-16,1.0,1.0
101100001010000101001100010001000101,1376,0.5132145992875574,-96.70374635516032,0.5763729530776,825364.334092575,0.40000000000000013,1.0,0.9
101000001010000001000101001010001101,6878,0.0,-106.83529411764705,0.0,908100.0,1.0,0.6000000000000001,1.0
101000001000000011000101001010001101,9552,0.04194835904795333,-107.24706890037574,0.20974179523976666,911600.0856531938,1.0,0.8,1.0
101000001010000111001100011011000101,1184,0.7955442345633704,-103.19476621792137,0.4828711511367594,883096.7578891878,0.20000000000000018,1.0,0.9
101000001000000001000101001001001101,1802,0.06666666666666668,-112.31816562798068,0.33333333333333337,954704.4078378357,1.0,0.6000000000000001,0.9
101000001010000001000101001010001101,9726,0.0,-106.83529411764705,0.0,908100.0,1.0,0.6000000000000001,1.0
101000001010000001000101001000101101,3084,0.08912586197027975,-118.97146877261662,0.4456293098513987,1011257.4845672413,1.0,0.9,0.9
101000001010000001000101001001001101,9268,0.041948359047953375,-107.24706890037574,0.20974179523976688,911600.0856531938,1.0,0.8,1.0
101000001010000001000101001000101101,1774,0.08912586197027975,-118.97146877261662,0.4456293098513987,1011257.4845672413,1.0,0.9,0.9
101100001010000001000101101000001101,9530,0.0687292100338995,-100.31506767665795,0.34364605016949745,852678.0752515926,1.0,1.0,1.0
101000001110000101000101001001001101,1642,0.16196032494906892,-103.40023526301343,0.3252515597050626,879725.7348461826,0.8,1.0,1.0
101000001010000001000101001000001101,4392,0.0666666666666667,-116.5475935828877,0.3333333333333335,990654.5454545454,1.0,0.6000000000000001,1.0
101000001010000001000101001010001101,2310,0.0,-106.83529411764705,0.0,908100.0,1.0,0.6000000000000001,1.0
010011011100010110110010000000010011,0,16.057479757182946,15.857679547738785,0.999,0.0017802753735078416,1.1102230246251565E-16,0.9,0.9
001111011000010111001010010110000011,200,15.875691156868553,-56.243440125196955,0.09005699842803283,612859.5190002292,1.1102230246251565E-16,1.0,1.0
101000001010000011000101001011001101,9270,0.0,-93.9847961562748,0.0,798870.7673283358,1.0,1.0,1.0
111011011111011111111111010011011111,906,15.865407271649046,-67.98620809561531,0.038637572330492254,712673.0467487852,1.1102230246251565E-16,1.0,1.0
100100001010000000000101001001001101,6700,0.1686823971659396,-121.15824328788861,0.843411985829698,1029845.0679470532,1.0,1.0,0.9
101000001010000001000101001010001101,5236,0.0,-106.83529411764705,0.0,908100.0,1.0,0.6000000000000001,1.0
101000001000000101001100010011000101,1502,0.3612389566103288,-103.21624891463762,0.6969510349698624,879223.8301461588,0.6000000000000001,1.0,0.9
101000001010000001000101001000001101,4592,0.0666666666666667,-116.5475935828877,0.3333333333333335,990654.5454545454,1.0,0.6000000000000001,1.0
101000001010000001000101001001001101,1704,0.041948359047953375,-107.24706890037574,0.20974179523976688,911600.0856531938,1.0,0.8,1.0
101000001010000001000101001010001101,5278,0.0,-106.83529411764705,0.0,908100.0,1.0,0.6000000000000001,1.0
111010001010010001000110001101010111,406,15.992647969454008,-112.85566737980258,0.6748410613553084,1094063.450664377,1.1102230246251565E-16,1.0,0.9
101100001000000001000101001001001101,1816,0.059638233451419186,-111.71373055770574,0.29819116725709593,949566.7097404988,1.0,0.8,0.9
101000001010000001000101001010001101,6754,0.0,-106.83529411764705,0.0,908100.0,1.0,0.6000000000000001,1.0
101000001010000001000101001010001101,8718,0.0,-106.83529411764705,0.0,908100.0,1.0,0.6000000000000001,1.0
101000001010000001000101001001001101,2038,0.041948359047953375,-107.24706890037574,0.20974179523976688,911600.0856531938,1.0,0.8,1.0
101000001010000001000101001000001101,9012,0.0666666666666667,-116.5475935828877,0.3333333333333335,990654.5454545454,1.0,0.6000000000000001,1.0
101000001010000001000101001001001101,4754,0.041948359047953375,-107.24706890037574,0.20974179523976688,911600.0856531938,1.0,0.8,1.0
101000001010000001000101001000001101,3454,0.0666666666666667,-116.5475935828877,0.3333333333333335,990654.5454545454,1.0,0.6000000000000001,1.0
101000001010000001000101001010001101,3672,0.0,-106.83529411764705,0.0,908100.0,1.0,0.6000000000000001,1.0
101000001010000001000101001001001101,1564,0.041948359047953375,-107.24706890037574,0.20974179523976688,911600.0856531938,1.0,0.8,1.0
101111001010100001110100111010110111,328,15.908693347333806,-74.8995554493554,0.25506795075429234,771436.499255576,1.1102230246251565E-16,1.0,0.9
101000001010111111101111001010101111,818,15.859334030485503,-73.55135385695318,0.008271366512779377,759976.7857201571,1.1102230246251565E-16,1.0,1.0
101000001010000001000101001011001101,1894,0.0,-99.73265363667957,0.0,847727.5559117764,1.0,0.8,1.0
101000001011000001000101001001001101,5984,0.04026063910666933,-100.315067676658,0.20130319553334663,852678.075251593,1.0,1.0,1.0
101000001010000001000101001010001101,9946,0.0,-106.83529411764705,0.0,908100.0,1.0,0.6000000000000001,1.0
101000001010000001000101001001001101,3076,0.041948359047953375,-107.24706890037574,0.20974179523976688,911600.0856531938,1.0,0.8,1.0
101000001010000001000101001001001101,8012,0.041948359047953375,-107.24706890037574,0.20974179523976688,911600.0856531938,1.0,0.8,1.0
101000001010000001000101001000001101,4610,0.0666666666666667,-116.5475935828877,0.3333333333333335,990654.5454545454,1.0,0.6000000000000001,1.0
100100001000000000000101001010001101,3666,0.17033803085754404,-127.84335651403923,0.8516901542877202,1086668.5303693335,1.0,0.8,0.9
101000001010000001000101001010001101,9284,0.0,-106.83529411764705,0.0,908100.0,1.0,0.6000000000000001,1.0
100000001010000000000101001010001101,6492,0.13333333333333336,-128.20235294117646,0.6666666666666667,1089720.0,1.0,0.6000000000000001,0.9
101000001010000001000100001000100111,9356,0.4147967324719607,-150.1279935634883,0.9647399142780217,1277973.6596613897,0.6000000000000001,0.9,0.8
101000001010000001000101001010001101,3584,0.0,-106.83529411764705,0.0,908100.0,1.0,0.6000000000000001,1.0
101000001010000001000101001001001101,6860,0.041948359047953375,-107.24706890037574,0.20974179523976688,911600.0856531938,1.0,0.8,1.0
101100001000000001000101001001001101,3602,0.059638233451419186,-111.71373055770574,0.29819116725709593,949566.7097404988,1.0,0.8,0.9
101000001010000001000100001000000111,5314,0.4218487496163563,-155.1749426942339,1.0,1320872.727272727,0.6000000000000001,0.6000000000000001,0.8
111000001010000001000101001000101101,1708,0.5107320885062464,-131.00444198939442,0.5639603991710449,1116920.246983565,0.40000000000000013,0.9,0.9
101000001010000001000101001000001101,9238,0.0666666666666667,-116.5475935828877,0.3333333333333335,990654.5454545454,1.0,0.6000000000000001,1.0
111000001010000001001100100011000101,934,0.7548737624937101,-95.88965226639941,0.27951879078845765,821003.2893012512,0.20000000000000018,0.8,1.0
101000001010000001000101001000001101,4332,0.0666666666666667,-116.5475935828877,0.3333333333333335,990654.5454545454,1.0,0.6000000000000001,1.0
101000001010000101100101001101001101,1834,15.905766767345504,-80.17339493140341,0.24043505081278926,816264.134852984,1.1102230246251565E-16,1.0,1.0
101000001010000001000101001010001111,2074,0.4479400086720374,-121.69953898292458,0.2499999999999999,1037828.5714285712,0.40000000000000013,0.6000000000000001,1.0
101000001010000001000101001001001101,5894,0.041948359047953375,-107.24706890037574,0.20974179523976688,911600.0856531938,1.0,0.8,1.0
101000001110000001000101101011001101,1662,0.0,-90.27020116983358,0.0,767296.7099435854,1.0,1.0,1.0
101000001011000001000101001000001101,6436,0.06388547761548755,-107.76640085196549,0.31942738807743776,916014.4072417066,1.0,0.8,1.0
101100001000000001000101001010001101,4680,0.04194835904795333,-107.24706890037572,0.20974179523976666,911600.0856531936,1.0,0.8,1.0
101000001010000001000101001000101101,4090,0.08912586197027975,-118.97146877261662,0.4456293098513987,1011257.4845672413,1.0,0.9,0.9
101000001010000001000100001010000101,2126,0.13333333333333336,-128.20235294117646,0.6666666666666667,1089720.0,1.0,0.6000000000000001,0.9
101010001010000001000101000010011101,1728,0.11928658319671818,-83.47586143001847,0.11188285094330896,710368.5572657255,0.8,1.0,1.0
101000001010000001000101001000001101,7312,0.0666666666666667,-116.5475935828877,0.3333333333333335,990654.5454545454,1.0,0.6000000000000001,1.0
101000001010000001000101001001001101,6268,0.041948359047953375,-107.24706890037574,0.20974179523976688,911600.0856531938,1.0,0.8,1.0
101000001011000001000101001001001101,2474,0.04026063910666933,-100.315067676658,0.20130319553334663,852678.075251593,1.0,1.0,1.0
101000001010000001000100110011000101,1312,0.19119978929421444,-96.28142603279983,0.47144888143079033,819215.856389367,0.8,0.8,0.9
101000001000000001000100100011000101,1488,0.16346947715846366,-99.83512281125955,0.8173473857923184,848598.5438957062,1.0,0.8,0.9
101000001010000001000101001000001101,4262,0.0666666666666667,-116.5475935828877,0.3333333333333335,990654.5454545454,1.0,0.6000000000000001,1.0
101000001010000001000101001001001101,3804,0.041948359047953375,-107.24706890037574,0.20974179523976688,911600.0856531938,1.0,0.8,1.0
100001110010110110001100111100110110,340,15.906269533195418,-40.04286828425313,0.24294888006235738,475154.6583522067,1.1102230246251565E-16,1.0,1.0
100000001000010000000101001001001101,2094,0.5312733420053708,-111.92022561930864,0.6666666666666667,954704.4078378357,0.40000000000000013,0.8,0.9
101000001010000111001100010011000101,1132,0.486545987914473,-99.0669931755777,0.4430298962121778,845451.9320661228,0.40000000000000013,1.0,1.0
001111011000010101000110100011100011,330,15.932864790417925,-68.94441895329399,0.37592516617489313,720817.839039054,1.1102230246251565E-16,1.0,1.0
101000001010000001000101001000001101,7732,0.0666666666666667,-116.5475935828877,0.3333333333333335,990654.5454545454,1.0,0.6000000000000001,1.0
101000001000000001000100001010100101,1878,0.2879295270867429,-138.98195279926247,0.9550975703934326,1182170.3339042994,0.8,0.9,0.8
011111001010010111101110010110000001,252,15.85849434852391,-53.1464813131481,0.004072956704815889,586535.369097814,1.1102230246251565E-16,1.0,1.0
101000001000000101001100010011000101,1292,0.3612389566103288,-103.21624891463762,0.6969510349698624,879223.8301461588,0.6000000000000001,1.0,0.9
101000001010000001000101001010001101,4108,0.0,-106.83529411764705,0.0,908100.0,1.0,0.6000000000000001,1.0
101100001000000001000101001001001101,7008,0.059638233451419186,-111.71373055770574,0.29819116725709593,949566.7097404988,1.0,0.8,0.9
111000011010000001000100001000000101,6394,16.041437696554624,-118.68058775368519,0.9187896968583877,1143575.2738423792,1.1102230246251565E-16,0.9,0.8
101000001010000001000101001010001101,3824,0.0,-106.83529411764705,0.0,908100.0,1.0,0.6000000000000001,1.0
101100001000000001000101001010001101,7844,0.04194835904795333,-107.24706890037572,0.20974179523976666,911600.0856531936,1.0,0.8,1.0
101000001010000001000101001010001101,8074,0.0,-106.83529411764705,0.0,908100.0,1.0,0.6000000000000001,1.0
101000001010000001000101001001001101,6152,0.041948359047953375,-107.24706890037574,0.20974179523976688,911600.0856531938,1.0,0.8,1.0
101000001010000001000101001001001101,5002,0.041948359047953375,-107.24706890037574,0.20974179523976688,911600.0856531938,1.0,0.8,1.0
011001011110010001000111001000101011,1036,15.893627254041753,-76.39980192192397,0.17973748429403202,784188.5942724088,1.1102230246251565E-16,1.0,1.0
101000001010000001000101001010001101,6158,0.0,-106.83529411764705,0.0,908100.0,1.0,0.6000000000000001,1.0
101000001010000001000101001000001101,9396,0.0666666666666667,-116.5475935828877,0.3333333333333335,990654.5454545454,1.0,0.6000000000000001,1.0
101001001000000001000100001010100101,1640,0.5342668373124753,-117.66579005440241,0.6816341432021892,1003541.7055361328,0.40000000000000013,0.9,0.9
001001110000111101110110001101100000,0,15.930729287365422,-40.3981301348784,0.36524765091237277,478174.3840825215,1.1102230246251565E-16,1.0,1.0
101001001100000001000101001000101101,1938,0.8987700043360185,0.6989696214856852,0.999,0.003254227833515395,0.20000000000000018,0.9,1.0
100000001110000000000101001010001101,3446,0.10614319495274871,-116.64299165180515,0.5307159747637435,991465.4290403437,1.0,0.8,0.9
101100001000000001000101001010001101,8864,0.04194835904795333,-107.24706890037572,0.20974179523976666,911600.0856531936,1.0,0.8,1.0
101000001010000001000101001000001101,2282,0.0666666666666667,-116.5475935828877,0.3333333333333335,990654.5454545454,1.0,0.6000000000000001,1.0
101000001010000001001100010111000101,1510,0.442719526444666,-82.73488169374885,0.22389758886314293,706628.9844705776,0.40000000000000013,0.8,1.0
111000001010111001000111011010001111,1200,15.896073492122522,-92.53450346833723,0.19196867469787737,921333.5574169216,1.1102230246251565E-16,0.9,1.0
101000001010000001000101001001001101,4270,0.041948359047953375,-107.24706890037574,0.20974179523976688,911600.0856531938,1.0,0.8,1.0
101000001010000001000101001000101101,2318,0.08912586197027975,-118.97146877261662,0.4456293098513987,1011257.4845672413,1.0,0.9,0.9
101000001010000001000101001000001101,9612,0.0666666666666667,-116.5475935828877,0.3333333333333335,990654.5454545454,1.0,0.6000000000000001,1.0
101000001010000001000101001001001101,7958,0.041948359047953375,-107.24706890037574,0.20974179523976688,911600.0856531938,1.0,0.8,1.0
101000001010000001001100001000000111,6060,0.8489700043360185,-130.79062275584496,0.75,1117661.5384615383,0.20000000000000018,0.6000000000000001,0.9
101000001010000001000101001001001101,6160,0.041948359047953375,-107.24706890037574,0.20974179523976688,911600.0856531938,1.0,0.8,1.0
101000001010000001000101001000001101,2020,0.0666666666666667,-116.5475935828877,0.3333333333333335,990654.5454545454,1.0,0.6000000000000001,1.0
101110001010110001000111001010101111,926,15.909145822304888,-92.18636171967617,0.25733032560970426,918374.3525533025,1.1102230246251565E-16,1.0,1.0
101000001010000001000101001000001101,9440,0.0666666666666667,-116.5475935828877,0.3333333333333335,990654.5454545454,1.0,0.6000000000000001,1.0
111110011000111001001010101011110111,102,15.915366266988368,-76.3016712417023,0.28843254902710225,783354.4834905246,1.1102230246251565E-16,1.0,0.9
101100001010000001000101001000001101,1852,0.07161032819040933,-107.24706890037572,0.35805164095204667,911600.0856531936,1.0,0.8,1.0
010110011000100000110100111010110011,178,15.963974078391004,-63.02908327499982,0.5314716060402889,670537.4857735535,1.1102230246251565E-16,1.0,0.9
101000001010000001000101001010001101,8182,0.0,-106.83529411764705,0.0,908100.0,1.0,0.6000000000000001,1.0
101000001010110001000111000001001111,1346,15.873739606791663,-81.07062101486872,0.0802992480435778,823890.5565624392,1.1102230246251565E-16,0.9,1.0
101011000010000111001111001110111110,468,15.868919908997874,-71.76366037544543,0.05620075907464228,744781.3911273412,1.1102230246251565E-16,1.0,1.0
101000001010000001000101001001001101,5208,0.041948359047953375,-107.24706890037574,0.20974179523976688,911600.0856531938,1.0,0.8,1.0
110001111010110110100111001101011111,318,15.929345020308798,-77.03011643774505,0.35832631562925543,789546.267656888,1.1102230246251565E-16,1.0,0.9
101000001010000001000101001001001101,6810,0.041948359047953375,-107.24706890037574,0.20974179523976688,911600.0856531938,1.0,0.8,1.0
110011000110110100001111100111001100,0,15.947767634363407,-39.45838070745181,0.4504393859022984,470186.51394939545,1.1102230246251565E-16,1.0,1.0
101000001000000011000101001010001101,8580,0.04194835904795333,-107.24706890037574,0.20974179523976666,911600.0856531938,1.0,0.8,1.0
101101110100101011001110011111010110,0,15.889596144629786,-48.734839643168456,0.15958193723420133,549036.414902987,1.1102230246251565E-16,1.0,1.0
111011011111111001000111001010101111,892,15.882140414606956,-79.60687766528825,0.12230328712004745,811448.7380910052,1.1102230246251565E-16,1.0,1.0
101000001010000001000101001010001101,7330,0.0,-106.83529411764705,0.0,908100.0,1.0,0.6000000000000001,1.0
101000001010000001000101001001001101,5576,0.041948359047953375,-107.24706890037574,0.20974179523976688,911600.0856531938,1.0,0.8,1.0
101000001010000001000101001000001101,8874,0.0666666666666667,-116.5475935828877,0.3333333333333335,990654.5454545454,1.0,0.6000000000000001,1.0
101000001010000001000101001000001101,2032,0.0666666666666667,-116.5475935828877,0.3333333333333335,990654.5454545454,1.0,0.6000000000000001,1.0
010010010101010100111110111101010010,164,15.949292339374878,-72.5559687989153,0.4580629109596578,751516.0127268351,1.1102230246251565E-16,1.0,0.9
001111001010100001110100111011100011,228,15.873136783313528,-58.42878887578816,0.0772851306529081,631434.9833802544,1.1102230246251565E-16,1.0,1.0
101000001010000001000101001001001101,5904,0.041948359047953375,-107.24706890037574,0.20974179523976688,911600.0856531938,1.0,0.8,1.0
101000001010001001000101001000111101,1916,0.4487464780338153,-96.2220000360279,0.2540323468088893,821269.4903799494,0.40000000000000013,1.0,1.0
101000001010000001000101001001001101,3664,0.041948359047953375,-107.24706890037574,0.20974179523976688,911600.0856531938,1.0,0.8,1.0
101000001010000001000101001010001111,8076,0.4479400086720374,-121.69953898292458,0.2499999999999999,1037828.5714285712,0.40000000000000013,0.6000000000000001,1.0
101000001010000001000010000011000101,1480,0.5312733420053708,-111.92022561930865,0.6666666666666667,954704.4078378358,0.40000000000000013,0.8,1.0
101000001010000001000101001000001101,6212,0.0666666666666667,-116.5475935828877,0.3333333333333335,990654.5454545454,1.0,0.6000000000000001,1.0
101000001010000001000101001000001101,4106,0.0666666666666667,-116.5475935828877,0.3333333333333335,990654.5454545454,1.0,0.6000000000000001,1.0
101000001010000001000101001010001111,7304,0.4479400086720374,-121.69953898292458,0.2499999999999999,1037828.5714285712,0.40000000000000013,0.6000000000000001,1.0
101000001010000001000101001010001101,7670,0.0,-106.83529411764705,0.0,908100.0,1.0,0.6000000000000001,1.0
101000000011010101101111001101101110,978,15.860743794422442,-66.15380733663571,0.015320186197473995,697097.6402974586,1.1102230246251565E-16,1.0,1.0
101000001000000001000101001001001101,2000,0.06666666666666668,-112.31816562798068,0.33333333333333337,954704.4078378357,1.0,0.6000000000000001,0.9
010000001001111110001111101001011001,292,15.873751245710567,-56.25920610549673,0.08035744263810585,612993.5298327773,1.1102230246251565E-16,1.0,1.0
101000001010000001000101001000001101,8440,0.0666666666666667,-116.5475935828877,0.3333333333333335,990654.5454545454,1.0,0.6000000000000001,1.0
101000001000000001000101001010101101,1738,0.18603587497833612,-118.87455875960856,0.4456293098513987,1011257.4845672413,0.8,0.9,0.9
101000001010000001000101001000001101,7064,0.0666666666666667,-116.5475935828877,0.3333333333333335,990654.5454545454,1.0,0.6000000000000001,1.0
101000001010000001000101001001001101,6880,0.041948359047953375,-107.24706890037574,0.20974179523976688,911600.0856531938,1.0,0.8,1.0
101000001010000001000101001010001101,2826,0.0,-106.83529411764705,0.0,908100.0,1.0,0.6000000000000001,1.0
101000001010000001000101001000001101,3894,0.0666666666666667,-116.5475935828877,0.3333333333333335,990654.5454545454,1.0,0.6000000000000001,1.0
101000001010000001000101001010001101,5292,0.0,-106.83529411764705,0.0,908100.0,1.0,0.6000000000000001,1.0
101000001010000001000101001001001101,4392,0.041948359047953375,-107.24706890037574,0.20974179523976688,911600.0856531938,1.0,0.8,1.0
010111000111011100010001111011111010,204,15.863967240773142,-59.73518642545419,0.031437417950976654,642539.3625524157,1.1102230246251565E-16,1.0,1.0
101000001010000001000101001010001101,7228,0.0,-106.83529411764705,0.0,908100.0,1.0,0.6000000000000001,1.0
100111001000010110101110010110010101,306,15.911408292963902,-74.11163635071499,0.26864267890477966,764739.1869171325,1.1102230246251565E-16,1.0,0.9
101000001010000011000100001000000101,9862,0.2,-127.84335651403923,1.0,1086668.5303693335,1.0,0.8,0.9
101000001010000001000101001001001101,5992,0.041948359047953375,-107.24706890037574,0.20974179523976688,911600.0856531938,1.0,0.8,1.0
101000001010000001000101001001001101,6200,0.041948359047953375,-107.24706890037574,0.20974179523976688,911600.0856531938,1.0,0.8,1.0
101000001010000001000101001000101101,8758,0.08912586197027975,-118.97146877261662,0.4456293098513987,1011257.4845672413,1.0,0.9,0.9
101000001010000001000100100011000101,1482,0.0775922500725171,-93.1235218854189,0.38796125036258555,791549.9360260606,1.0,0.8,1.0
101000001010000001000101001001001101,6284,0.041948359047953375,-107.24706890037574,0.20974179523976688,911600.0856531938,1.0,0.8,1.0
100011101000011100011110110100110101,0,15.880565840758619,-63.55905223056915,0.1144304178783645,675042.2218958929,1.1102230246251565E-16,0.9,0.9
101000001010000001000101001000001101,9086,0.0666666666666667,-116.5475935828877,0.3333333333333335,990654.5454545454,1.0,0.6000000000000001,1.0
001111001010100001110110001101010011,424,15.890817941155227,-54.73832751557801,0.16569091986139717,600066.0618184682,1.1102230246251565E-16,1.0,1.0
101000001011000001001100110010000101,1250,0.41665509389381267,-74.76278953968134,0.09357542610887604,638866.2011610037,0.40000000000000013,1.0,1.0
101000001010000001000101001000001101,5492,0.0666666666666667,-116.5475935828877,0.3333333333333335,990654.5454545454,1.0,0.6000000000000001,1.0
101000001010000001000101001000001101,3966,0.0666666666666667,-116.5475935828877,0.3333333333333335,990654.5454545454,1.0,0.6000000000000001,1.0
101000001010000001000101001001001101,4474,0.041948359047953375,-107.24706890037574,0.20974179523976688,911600.0856531938,1.0,0.8,1.0
101000001010000001000101001001001101,8020,0.041948359047953375,-107.24706890037574,0.20974179523976688,911600.0856531938,1.0,0.8,1.0
101000001010000001000101001001001101,3262,0.041948359047953375,-107.24706890037574,0.20974179523976688,911600.0856531938,1.0,0.8,1.0
100001111110111110101111001101001111,274,15.865824854339689,-60.571160369923106,0.04072548578371071,649645.1410804015,1.1102230246251565E-16,1.0,1.0
101000001010000001000101001001001101,4804,0.041948359047953375,-107.24706890037574,0.20974179523976688,911600.0856531938,1.0,0.8,1.0
101000001000000011000101001010001101,9696,0.04194835904795333,-107.24706890037574,0.20974179523976666,911600.0856531938,1.0,0.8,1.0
101000011010000011000101001010001101,8894,15.857679757182947,-75.80986775475851,0.0,779174.1538515025,1.1102230246251565E-16,0.9,1.0
101000001010000001000101001000001101,3076,0.0666666666666667,-116.5475935828877,0.3333333333333335,990654.5454545454,1.0,0.6000000000000001,1.0
101000001010000001000101001000101111,6066,0.3346408294505653,-131.1805332484501,0.563960399171045,1116920.246983565,0.6000000000000001,0.9,0.9
101000001011100001000101001000001101,6216,0.11703494808523444,-92.82622136029784,0.10062467538589026,789846.6166731,0.8,0.8,1.0
101000001010000001000101001000001101,3034,0.0666666666666667,-116.5475935828877,0.3333333333333335,990654.5454545454,1.0,0.6000000000000001,1.0
101000001010000001000101001001001101,4544,0.041948359047953375,-107.24706890037574,0.20974179523976688,911600.0856531938,1.0,0.8,1.0
101000001010000001000101001010001101,9398,0.0,-106.83529411764705,0.0,908100.0,1.0,0.6000000000000001,1.0
101000001010000001000101001001001101,3044,0.041948359047953375,-107.24706890037574,0.20974179523976688,911600.0856531938,1.0,0.8,1.0
001100011110111001100000111010110011,182,15.895196634966497,-47.73957193193009,0.18758438891775264,540576.6393574608,1.1102230246251565E-16,1.0,1.0
101000001010000001000101001001001101,2472,0.041948359047953375,-107.24706890037574,0.20974179523976688,911600.0856531938,1.0,0.8,1.0
101000001010000001000101001000001101,4964,0.0666666666666667,-116.5475935828877,0.3333333333333335,990654.5454545454,1.0,0.6000000000000001,1.0
101000001010000001000101001010001101,9210,0.0,-106.83529411764705,0.0,908100.0,1.0,0.6000000000000001,1.0
101000001010000001000101001001001101,4854,0.041948359047953375,-107.24706890037574,0.20974179523976688,911600.0856531938,1.0,0.8,1.0
101000001010000001000101001010001101,6544,0.0,-106.83529411764705,0.0,908100.0,1.0,0.6000000000000001,1.0
101000001010000001000101101000001101,9134,0.06388547761548755,-107.76640085196547,0.31942738807743776,916014.4072417065,1.0,0.8,1.0
101100001010000001000100001010000101,1948,0.1277709552309751,-117.20782230978863,0.6388547761548755,996266.4896332034,1.0,0.8,0.9
101000001010000001000101001010001101,2204,0.0,-106.83529411764705,0.0,908100.0,1.0,0.6000000000000001,1.0
101000001010000001000101001010001101,9192,0.0,-106.83529411764705,0.0,908100.0,1.0,0.6000000000000001,1.0
101000001010000001000101001000001101,2620,0.0666666666666667,-116.5475935828877,0.3333333333333335,990654.5454545454,1.0,0.6000000000000001,1.0
100100001000000000001101001001001101,3760,0.34112521651919464,-111.49188180808939,0.5963823345141916,949566.7097404988,0.6000000000000001,0.8,0.9
101000001010000001000101001010001101,8180,0.0,-106.83529411764705,0.0,908100.0,1.0,0.6000000000000001,1.0
101000001010000001000101001000001101,7092,0.0666666666666667,-116.5475935828877,0.3333333333333335,990654.5454545454,1.0,0.6000000000000001,1.0
101000001010000001000101001000001101,3726,0.0666666666666667,-116.5475935828877,0.3333333333333335,990654.5454545454,1.0,0.6000000000000001,1.0
101000001010000001000101001001001101,7974,0.041948359047953375,-107.24706890037574,0.20974179523976688,911600.0856531938,1.0,0.8,1.0
101000001010000001000100001000000101,2010,0.2,-142.4470588235294,1.0,1210800.0,1.0,0.6000000000000001,0.9
101010001010111011101111001011101111,1220,15.857679757182947,-72.2666323568926,2.220446049250313E-16,749056.6529696422,1.1102230246251565E-16,1.0,1.0
101000001010000001000101001010001101,4938,0.0,-106.83529411764705,0.0,908100.0,1.0,0.6000000000000001,1.0
101000001000000001000101001001001111,7786,0.32184874961635634,-127.20751547916896,0.5,1083149.5959446752,0.6000000000000001,0.6000000000000001,0.9
101000001010000001000101001001001101,4636,0.041948359047953375,-107.24706890037574,0.20974179523976688,911600.0856531938,1.0,0.8,1.0
101000001010000001000101001000001101,6468,0.0666666666666667,-116.5475935828877,0.3333333333333335,990654.5454545454,1.0,0.6000000000000001,1.0
101000001010000001000101001010001101,7424,0.0,-106.83529411764705,0.0,908100.0,1.0,0.6000000000000001,1.0
101000001010000001000101001000001101,9472,0.0666666666666667,-116.5475935828877,0.3333333333333335,990654.5454545454,1.0,0.6000000000000001,1.0
101000001010000001000101001001001101,2622,0.041948359047953375,-107.24706890037574,0.20974179523976688,911600.0856531938,1.0,0.8,1.0
010110001011001100111011001001001011,0,15.913275830562075,-57.87377091198759,0.27798036689563677,626717.3306879496,1.1102230246251565E-16,1.0,0.9
101000001010000001000101001001001101,2226,0.041948359047953375,-107.24706890037574,0.20974179523976688,911600.0856531938,1.0,0.8,1.0
101000001010000001000100001000000101,4524,0.2,-142.4470588235294,1.0,1210800.0,1.0,0.6000000000000001,0.9
101000001010000001000101001010001101,6524,0.0,-106.83529411764705,0.0,908100.0,1.0,0.6000000000000001,1.0
010001001000101000110100011011110011,198,15.892463053123748,-48.163001250206904,0.17391647970400737,544175.7885628138,1.1102230246251565E-16,1.0,0.9
101000001010000001000101001010001101,9586,0.0,-106.83529411764705,0.0,908100.0,1.0,0.6000000000000001,1.0
101000001011110101101001011010111111,534,15.881471899907599,-63.0595106453856,0.11896071362326133,670796.1184218327,1.1102230246251565E-16,1.0,1.0
101000001010000001000101001000001101,5688,0.0666666666666667,-116.5475935828877,0.3333333333333335,990654.5454545454,1.0,0.6000000000000001,1.0
101000001010000001000101001010001101,6294,0.0,-106.83529411764705,0.0,908100.0,1.0,0.6000000000000001,1.0
111111000111011101010000111011110110,172,15.877112944448498,-61.99057795145586,0.09716593632775838,661710.1905234299,1.1102230246251565E-16,1.0,1.0
101100001010000001000100001010000101,1968,0.1277709552309751,-117.20782230978863,0.6388547761548755,996266.4896332034,1.0,0.8,0.9
101000001010000001000101100011001101,1570,0.05040791309232073,-80.1213239932028,0.25203956546160367,681031.2539422237,1.0,0.8,1.0
110101100110000100001101110011111100,0,15.889934820749156,-41.95381265267285,0.16127531783104865,491397.68548377434,1.1102230246251565E-16,1.0,1.0
101000001010000001000101001000011101,6142,0.0638854776154876,-107.76640085196551,0.319427388077438,916014.4072417069,1.0,0.8,1.0
101000001010000001000101001010001101,2646,0.0,-106.83529411764705,0.0,908100.0,1.0,0.6000000000000001,1.0
101000001000000001000101001010001101,8590,0.0666666666666667,-116.5475935828877,0.3333333333333335,990654.5454545454,1.0,0.6000000000000001,1.0
101000001010000001000101001000001101,6278,0.0666666666666667,-116.5475935828877,0.3333333333333335,990654.5454545454,1.0,0.6000000000000001,1.0
101000001010010101001101011101011101,480,15.869409333306498,-70.07613738209243,0.05864788061775594,730437.4456838407,1.1102230246251565E-16,1.0,1.0
101000001010000001000101001000001101,2938,0.0666666666666667,-116.5475935828877,0.3333333333333335,990654.5454545454,1.0,0.6000000000000001,1.0
101000001010000101001100010110000101,1208,0.7660190752716612,-86.13112079435354,0.3352453546782138,738055.7717888613,0.20000000000000018,1.0,1.0
010010010101010100111110111100110010,0,15.958678826990836,-83.02547619765942,0.5049953490394472,840506.8256161601,1.1102230246251565E-16,1.0,0.9
101001001010100101001111001101011111,834,15.870166252847675,-77.66668300513025,0.06243247832364207,794957.0834796622,1.1102230246251565E-16,1.0,1.0
101000001010000001000100001000100101,5812,0.1910195140786865,-139.07886281227053,0.9550975703934326,1182170.3339042994,1.0,0.9,0.8
101000001010000001000101001000001101,9170,0.0666666666666667,-116.5475935828877,0.3333333333333335,990654.5454545454,1.0,0.6000000000000001,1.0
101000001010000001000101001001001101,1710,0.041948359047953375,-107.24706890037574,0.20974179523976688,911600.0856531938,1.0,0.8,1.0
101000001010000001000101001000001101,7834,0.0666666666666667,-116.5475935828877,0.3333333333333335,990654.5454545454,1.0,0.6000000000000001,1.0
101000111011010001000111001010101111,1230,15.890814094820234,-84.3029654266343,0.16567168818643407,851365.4840624466,1.1102230246251565E-16,1.0,1.0
101000001010000001000101001000101101,7582,0.08912586197027975,-118.97146877261662,0.4456293098513987,1011257.4845672413,1.0,0.9,0.9
010000011111111100100010111011110011,166,15.912360223770744,-65.23070237118512,0.27340233293898764,689251.2480911285,1.1102230246251565E-16,1.0,0.9
101010001010010001010111001010101111,1248,15.910184080187253,-96.11160709332985,0.26252161502153226,951738.9382293589,1.1102230246251565E-16,1.0,1.0
101000001000000001100101001010101101,1620,0.7802932108542447,-106.73063540525807,0.406616032591131,913151.6459815498,0.20000000000000018,1.0,1.0
101000001010000001000100001000000101,5930,0.2,-142.4470588235294,1.0,1210800.0,1.0,0.6000000000000001,0.9
101000001010000001000101001001001101,6362,0.041948359047953375,-107.24706890037574,0.20974179523976688,911600.0856531938,1.0,0.8,1.0
101000001010000001000101001001001101,6840,0.041948359047953375,-107.24706890037574,0.20974179523976688,911600.0856531938,1.0,0.8,1.0
101000001010000001000100011000000101,9518,0.1910195140786865,-139.07886281227056,0.9550975703934326,1182170.3339042997,1.0,0.8,0.8
101000001010000001000101001011001101,2216,0.0,-99.73265363667957,0.0,847727.5559117764,1.0,0.8,1.0
101000000010000101101111001110111110,558,15.879277300149475,-69.87928309828716,0.10798771483264691,728764.1842714959,1.1102230246251565E-16,1.0,1.0
101000001010000001000101001010001101,5596,0.0,-106.83529411764705,0.0,908100.0,1.0,0.6000000000000001,1.0
101000001010000001000101001010001101,9520,0.0,-106.83529411764705,0.0,908100.0,1.0,0.6000000000000001,1.0
111001011010111111101110011110110111,386,15.902303227985037,-76.30763696952864,0.22311735401045074,783405.1921770485,1.1102230246251565E-16,1.0,1.0
101000001010000001000101001010001101,2444,0.0,-106.83529411764705,0.0,908100.0,1.0,0.6000000000000001,1.0
101000001010000001000101001001001101,7138,0.041948359047953375,-107.24706890037574,0.20974179523976688,911600.0856531938,1.0,0.8,1.0
101000001010000001000101001010001101,7708,0.0,-106.83529411764705,0.0,908100.0,1.0,0.6000000000000001,1.0
011111010111101011010110001010010010,186,15.907178782408396,-56.43640686994854,0.2474951261272489,614499.7363306177,1.1102230246251565E-16,1.0,1.0
001111001010100001110100111001000011,190,15.885592921059665,-55.07925412414892,0.13956581938358747,602963.9379913209,1.1102230246251565E-16,1.0,1.0
101100001000000001000100001000100101,1972,0.1910195140786865,-134.13405945974156,0.9550975703934326,1140139.5054078032,1.0,0.8,0.8
101000001010000001000101001001001101,4080,0.041948359047953375,-107.24706890037574,0.20974179523976688,911600.0856531938,1.0,0.8,1.0
101000001010000001000101001000001101,8218,0.0666666666666667,-116.5475935828877,0.3333333333333335,990654.5454545454,1.0,0.6000000000000001,1.0
101000001010000001000101001001001101,3906,0.041948359047953375,-107.24706890037574,0.20974179523976688,911600.0856531938,1.0,0.8,1.0
101000001010000001000101001000001101,5682,0.0666666666666667,-116.5475935828877,0.3333333333333335,990654.5454545454,1.0,0.6000000000000001,1.0
101001001010000101001111101101011101,532,15.860090118962152,-74.25434274482997,0.01205180889602786,765952.1912671098,1.1102230246251565E-16,1.0,1.0
111010001000010001001101011101011101,862,15.905303358987911,-80.10668749720834,0.2381180090248214,815697.1216623259,1.1102230246251565E-16,1.0,1.0
101000001010000001000101001000001101,4192,0.0666666666666667,-116.5475935828877,0.3333333333333335,990654.5454545454,1.0,0.6000000000000001,1.0
101000001000000001000101001001001101,2210,0.06666666666666668,-112.31816562798068,0.33333333333333337,954704.4078378357,1.0,0.6000000000000001,0.9
110111001011001110111011100000001111,102,15.936144350337514,-73.8711229382621,0.39232296577283743,762694.822911283,1.1102230246251565E-16,1.0,1.0
100000001010000000000101001001001101,2046,0.17033803085754406,-127.84335651403923,0.8516901542877203,1086668.5303693335,1.0,0.8,0.9
101000001000000001000110001010100101,1452,0.8919179871916229,-149.65087230876858,0.9647399142780217,1277973.6596613892,0.20000000000000018,0.9,0.8
111000001010000001000100100011000101,1312,0.5097475249874205,-110.1602568780931,0.5590375815769152,939744.6735375036,0.40000000000000013,0.8,0.9
101000001010000001000101001010001101,7126,0.0,-106.83529411764705,0.0,908100.0,1.0,0.6000000000000001,1.0
111100110011001011101001101100011100,0,15.969904573874164,-37.157646086663405,0.5611240834560838,450630.269672694,1.1102230246251565E-16,1.0,0.9
101000001010000001000101001001001101,5188,0.041948359047953375,-107.24706890037574,0.20974179523976688,911600.0856531938,1.0,0.8,1.0
111110011000111011001010011010110111,248,15.924966749388023,-79.21233137521098,0.33643496102537873,808095.0946253485,1.1102230246251565E-16,1.0,0.9
101000001010000001000101001010001101,6688,0.0,-106.83529411764705,0.0,908100.0,1.0,0.6000000000000001,1.0
101000001010000001000101001010001101,1968,0.0,-106.83529411764705,0.0,908100.0,1.0,0.6000000000000001,1.0
101000001010000001000100001000000101,2090,0.2,-142.4470588235294,1.0,1210800.0,1.0,0.6000000000000001,0.9
101000001000000001000101001010001101,8942,0.0666666666666667,-116.5475935828877,0.3333333333333335,990654.5454545454,1.0,0.6000000000000001,1.0
101000001010000001000100001000100101,1996,0.1910195140786865,-139.07886281227053,0.9550975703934326,1182170.3339042994,1.0,0.9,0.8
101100001000000001000101001001001101,1884,0.059638233451419186,-111.71373055770574,0.29819116725709593,949566.7097404988,1.0,0.8,0.9
101000001010000001000101001000001101,3358,0.0666666666666667,-116.5475935828877,0.3333333333333335,990654.5454545454,1.0,0.6000000000000001,1.0
101001101101101001111010110000100101,0,16.057479757182946,15.857679572751396,0.999,0.0015676681776071557,1.1102230246251565E-16,0.9,1.0
000111000110000110011110001100000010,0,15.911998349898683,-47.63345646705815,0.27159296357867957,539674.6579060494,1.1102230246251565E-16,1.0,1.0
101000001000000011000101001010001101,9988,0.04194835904795333,-107.24706890037574,0.20974179523976666,911600.0856531938,1.0,0.8,1.0
100111111110101100011101100101001111,0,15.900971746910882,-49.08968362052259,0.21645994863967521,552052.5887104971,1.1102230246251565E-16,1.0,1.0
101000001010000001000101001001001101,5388,0.041948359047953375,-107.24706890037574,0.20974179523976688,911600.0856531938,1.0,0.8,1.0
101000001010000001000101001010001101,6502,0.0,-106.83529411764705,0.0,908100.0,1.0,0.6000000000000001,1.0
101000001010000001000101001001001101,4718,0.041948359047953375,-107.24706890037574,0.20974179523976688,911600.0856531938,1.0,0.8,1.0
101011011111111111101111010000111111,760,15.875358079499893,-65.83850538048449,0.08839161158473674,694417.5736701733,1.1102230246251565E-16,1.0,1.0
101000001010000001000101001000001101,9504,0.0666666666666667,-116.5475935828877,0.3333333333333335,990654.5454545454,1.0,0.6000000000000001,1.0
101000001010000001000101001001001101,7934,0.041948359047953375,-107.24706890037574,0.20974179523976688,911600.0856531938,1.0,0.8,1.0
101000001010000001000100001010000101,2060,0.13333333333333336,-128.20235294117646,0.6666666666666667,1089720.0,1.0,0.6000000000000001,0.9
101000001010000001000101001010001101,2344,0.0,-106.83529411764705,0.0,908100.0,1.0,0.6000000000000001,1.0
101000001010000001000101001001001101,3486,0.041948359047953375,-107.24706890037574,0.20974179523976688,911600.0856531938,1.0,0.8,1.0
101000001010000001000101001010001101,3210,0.0,-106.83529411764705,0.0,908100.0,1.0,0.6000000000000001,1.0
101000001000000101001100010011000101,1272,0.3612389566103288,-103.21624891463762,0.6969510349698624,879223.8301461588,0.6000000000000001,1.0,0.9
101000001010000001000100001010000101,1934,0.13333333333333336,-128.20235294117646,0.6666666666666667,1089720.0,1.0,0.6000000000000001,0.9
101000001010000001000101001001001101,2236,0.041948359047953375,-107.24706890037574,0.20974179523976688,911600.0856531938,1.0,0.8,1.0
101111001010010101001100111001010111,332,15.920012739845701,-83.26952327845311,0.3116649133137731,842581.2258029064,1.1102230246251565E-16,1.0,0.9
101000001010000001000101001001001101,2536,0.041948359047953375,-107.24706890037574,0.20974179523976688,911600.0856531938,1.0,0.8,1.0
101000001010000001000101001000001101,9952,0.0666666666666667,-116.5475935828877,0.3333333333333335,990654.5454545454,1.0,0.6000000000000001,1.0
101000001010000001000101001001001101,5332,0.041948359047953375,-107.24706890037574,0.20974179523976688,911600.0856531938,1.0,0.8,1.0
101000001000000001001101001000001101,1820,0.5977400086720375,0.39793950936241207,0.999,0.004244131815783876,0.40000000000000013,0.30000000000000016,1.0
101000001010000001000101001001001101,4300,0.041948359047953375,-107.24706890037574,0.20974179523976688,911600.0856531938,1.0,0.8,1.0
101000001010000001000101001000001101,2056,0.0666666666666667,-116.5475935828877,0.3333333333333335,990654.5454545454,1.0,0.6000000000000001,1.0
101000001010000001000101001010001101,9606,0.0,-106.83529411764705,0.0,908100.0,1.0,0.6000000000000001,1.0
101000001010000001000101001010001101,9366,0.0,-106.83529411764705,0.0,908100.0,1.0,0.6000000000000001,1.0
101000001010000001000101001000001101,7320,0.0666666666666667,-116.5475935828877,0.3333333333333335,990654.5454545454,1.0,0.6000000000000001,1.0
101010000000000001001100010011000100,1420,0.4631796060326069,-52.77388638756004,0.3261979868028474,451960.5243679727,0.40000000000000013,0.8,1.0
101000001010000001000101001010001101,8804,0.0,-106.83529411764705,0.0,908100.0,1.0,0.6000000000000001,1.0
101000001010000001000101001001001101,6548,0.041948359047953375,-107.24706890037574,0.20974179523976688,911600.0856531938,1.0,0.8,1.0
110110000101000010000100010101110100,0,16.010050490329,-86.28720757000717,0.7618536657302648,868231.542281116,1.1102230246251565E-16,1.0,0.8
101000000010000111000100100011000100,1350,0.11453695744448893,-47.3521486368386,0.08813472218216267,403316.99852369656,0.8,1.0,1.0
101010001010000001000101101010101101,2038,0.4567621612838362,-108.58997963596498,0.29411076305899375,926397.3169794147,0.40000000000000013,1.0,1.0
111011011001111111101111101010111111,310,15.885675350753512,-73.97929542514639,0.13997796785282524,763614.2890497994,1.1102230246251565E-16,1.0,1.0
101000001010000001000101001000001101,4200,0.0666666666666667,-116.5475935828877,0.3333333333333335,990654.5454545454,1.0,0.6000000000000001,1.0
101000001111000001000101001000101111,2112,0.32833788864371904,-119.05335380306339,0.5324456951368137,1013839.2216977779,0.6000000000000001,1.0,0.9
010111000111011110010100111010110010,228,15.90087272698474,-71.24343708762633,0.21596484900897128,740359.4931808789,1.1102230246251565E-16,1.0,1.0
111011011111111111101111001001001111,206,15.87310735293615,-69.4493195748545,0.07713797876602224,725109.4943223184,1.1102230246251565E-16,1.0,1.0
000111010101010100101111001101011010,128,15.865070236707211,-57.18757677759713,0.03695239762132774,620884.6805456306,1.1102230246251565E-16,1.0,1.0
101000001010000001000101001001001101,4774,0.041948359047953375,-107.24706890037574,0.20974179523976688,911600.0856531938,1.0,0.8,1.0
011111001010101001010111001000111011,668,15.874520384399608,-62.859906155722655,0.08420313608330943,669099.4802596977,1.1102230246251565E-16,1.0,1.0
101000001010000001000101001000001101,5626,0.0666666666666667,-116.5475935828877,0.3333333333333335,990654.5454545454,1.0,0.6000000000000001,1.0
101001001010000001000101101011001101,1498,0.7602970503190678,-82.11606020060154,0.3066352299152466,703927.7567419693,0.20000000000000018,0.8,1.0
101000001010000001000101001010001101,6224,0.0,-106.83529411764705,0.0,908100.0,1.0,0.6000000000000001,1.0
101000001010000001000101001000001101,8060,0.0666666666666667,-116.5475935828877,0.3333333333333335,990654.5454545454,1.0,0.6000000000000001,1.0
101000001010000001000101001010001101,4048,0.0,-106.83529411764705,0.0,908100.0,1.0,0.6000000000000001,1.0
101000001010000001000101001001001101,3728,0.041948359047953375,-107.24706890037574,0.20974179523976688,911600.0856531938,1.0,0.8,1.0
011000001010000001000101001011001001,7884,0.31571893553967206,-67.6534638298669,0.46935092961657876,576940.1569256076,0.6000000000000001,0.8,1.0
101000001010000001000101001000001101,3722,0.0666666666666667,-116.5475935828877,0.3333333333333335,990654.5454545454,1.0,0.6000000000000001,1.0
101000001010000001000111001010001101,2084,0.7489700043360185,-121.3985089872606,0.2499999999999999,1037828.5714285712,0.20000000000000018,0.6000000000000001,1.0
101000001010000001000101001001001101,3098,0.041948359047953375,-107.24706890037574,0.20974179523976688,911600.0856531938,1.0,0.8,1.0
101000001010000001000100001000000101,4256,0.2,-142.4470588235294,1.0,1210800.0,1.0,0.6000000000000001,0.9
101000001010000001000101001001001101,2338,0.041948359047953375,-107.24706890037574,0.20974179523976688,911600.0856531938,1.0,0.8,1.0
011010110110010011110000000010100010,0,15.86126902699312,-50.00710643529085,0.017946349050874666,559850.6826360273,1.1102230246251565E-16,1.0,0.9
101000001011000001000101001000001101,6092,0.06388547761548755,-107.76640085196549,0.31942738807743776,916014.4072417066,1.0,0.8,1.0
000111010101000100110111101100101010,0,15.935958597839486,-71.32268538255605,0.39139420328269436,741033.1036877815,1.1102230246251565E-16,1.0,1.0
111000001010000001001101001001001101,2014,15.889435380947727,-91.28904323720977,0.1587781188239038,910747.1454523382,1.1102230246251565E-16,0.8,1.0
101000001010000001000101001001001101,5328,0.041948359047953375,-107.24706890037574,0.20974179523976688,911600.0856531938,1.0,0.8,1.0
101000001010000001000101001010001101,8016,0.0,-106.83529411764705,0.0,908100.0,1.0,0.6000000000000001,1.0
101000001010000001000101001010001101,8102,0.0,-106.83529411764705,0.0,908100.0,1.0,0.6000000000000001,1.0
101000001011000001000101001001001101,1690,0.04026063910666933,-100.315067676658,0.20130319553334663,852678.075251593,1.0,1.0,1.0
101000001010000001000101001000001101,9928,0.0666666666666667,-116.5475935828877,0.3333333333333335,990654.5454545454,1.0,0.6000000000000001,1.0
110011001000110010101010010011100111,250,15.930691837558252,-76.46965949126209,0.36506040187652267,784782.3836117828,1.1102230246251565E-16,1.0,0.9
101000001010000001000101001000001101,4476,0.0666666666666667,-116.5475935828877,0.3333333333333335,990654.5454545454,1.0,0.6000000000000001,1.0
101000001000000011000101001010001101,8510,0.04194835904795333,-107.24706890037574,0.20974179523976666,911600.0856531938,1.0,0.8,1.0
101000011011101101000110111011110111,290,15.95430017262013,-87.43923034335216,0.48310207718591824,878023.7358545485,1.1102230246251565E-16,1.0,0.9
101000001010000001000101001001001101,5366,0.041948359047953375,-107.24706890037574,0.20974179523976688,911600.0856531938,1.0,0.8,1.0
101000001010000001000101001010001101,4986,0.0,-106.83529411764705,0.0,908100.0,1.0,0.6000000000000001,1.0
101000001110000001000101001000101101,8404,0.0860751558957034,-111.2965665016384,0.430375779478517,946020.8152639264,1.0,1.0,1.0
101000001010000001000100011100000101,6420,0.2637069949074128,-127.33614667960049,0.833984909496782,1083180.9818871727,0.8,0.8,0.9
101000001011000001000100001001000101,1766,0.1713985018037023,-116.73170832960392,0.8569925090185115,992219.5208016334,1.0,1.0,0.9
101000001010000001000101001010001101,7364,0.0,-106.83529411764705,0.0,908100.0,1.0,0.6000000000000001,1.0
101000001010000001000101001010001101,5362,0.0,-106.83529411764705,0.0,908100.0,1.0,0.6000000000000001,1.0
000111011000010110101110111110010011,208,15.904418670837956,-63.77854469472415,0.23369456827504287,676907.9078412104,1.1102230246251565E-16,1.0,0.9
101000001010000001000101001000001101,4794,0.0666666666666667,-116.5475935828877,0.3333333333333335,990654.5454545454,1.0,0.6000000000000001,1.0
101000001010000001000101001001001101,5170,0.041948359047953375,-107.24706890037574,0.20974179523976688,911600.0856531938,1.0,0.8,1.0
101000001010000001000101001010001101,2366,0.0,-106.83529411764705,0.0,908100.0,1.0,0.6000000000000001,1.0
101000001010000001000101001001001101,2000,0.041948359047953375,-107.24706890037574,0.20974179523976688,911600.0856531938,1.0,0.8,1.0
101000001010000001000101001001001101,5054,0.041948359047953375,-107.24706890037574,0.20974179523976688,911600.0856531938,1.0,0.8,1.0
101000001010000001000101001010001101,3988,0.0,-106.83529411764705,0.0,908100.0,1.0,0.6000000000000001,1.0
101000001010000001001100101011000101,1542,0.26210938872302564,-93.32816779702335,0.20130319553334663,795175.1406464375,0.6000000000000001,0.8,1.0
101000001000000001000100101010100101,1648,0.3886457315157127,-127.21120794299219,0.833984909496782,1083180.9818871727,0.6000000000000001,0.9,0.9
101000001010000001000101001010001101,3986,0.0,-106.83529411764705,0.0,908100.0,1.0,0.6000000000000001,1.0
101000001010000001000101001010001101,9850,0.0,-106.83529411764705,0.0,908100.0,1.0,0.6000000000000001,1.0
101000001000000001000101001011001101,1806,0.07161032819040929,-107.24706890037574,0.35805164095204645,911600.0856531938,1.0,0.8,1.0
101000001010000001000101001000001101,6830,0.0666666666666667,-116.5475935828877,0.3333333333333335,990654.5454545454,1.0,0.6000000000000001,1.0
101000001010000001000101001000001101,9292,0.0666666666666667,-116.5475935828877,0.3333333333333335,990654.5454545454,1.0,0.6000000000000001,1.0
001010110011010001001010011001000010,0,15.897775227833854,-48.460751903336686,0.20047735325453764,546706.6691144169,1.1102230246251565E-16,1.0,0.9
101000001010000001000101001001001101,4800,0.041948359047953375,-107.24706890037574,0.20974179523976688,911600.0856531938,1.0,0.8,1.0
101000001010000001000101001000001101,5390,0.0666666666666667,-116.5475935828877,0.3333333333333335,990654.5454545454,1.0,0.6000000000000001,1.0
101000001010000001000101001001001101,3848,0.041948359047953375,-107.24706890037574,0.20974179523976688,911600.0856531938,1.0,0.8,1.0
101000101000000001001100010011000101,1258,0.780201893705232,-83.06237946970353,0.4061594468460672,711971.4705293361,0.20000000000000018,0.9,1.0
001011011000010111101110010110000011,160,15.892526544672329,-56.682009186818064,0.17423393744690785,616587.3560240086,1.1102230246251565E-16,1.0,1.0
101000001010000001000101001001001101,6830,0.041948359047953375,-107.24706890037574,0.20974179523976688,911600.0856531938,1.0,0.8,1.0
101000001010000001000101001010001101,3054,0.0,-106.83529411764705,0.0,908100.0,1.0,0.6000000000000001,1.0
101000001010000001000101001010001101,3304,0.0,-106.83529411764705,0.0,908100.0,1.0,0.6000000000000001,1.0
101111001010010101001100111001010101,310,15.896324413598109,-74.89801648772126,0.19322328207581252,771423.4180816858,1.1102230246251565E-16,1.0,1.0
100100001000000000000101001001001101,4334,0.17891470035425752,-132.34714837005018,0.8945735017712876,1124950.7611454264,1.0,0.8,0.8
101000001010000001000111001010101101,1114,15.927781596922419,-107.4514630292612,0.3505091986973563,1048127.7136847753,1.1102230246251565E-16,0.9,1.0
101000001000000111001100100011000101,1458,0.19481389229049906,-95.67359430844098,0.4895193964122133,814049.2867323168,0.8,1.0,1.0
101000001010000001000101001010101101,1632,0.13176048847918015,-110.51751319332918,0.17425237735561871,940222.5972538665,0.8,0.9,1.0
101000001000000011000101001010001101,8228,0.04194835904795333,-107.24706890037574,0.20974179523976666,911600.0856531938,1.0,0.8,1.0
101000000010000001000111011010001110,1156,15.892530232654071,-81.13097847211323,0.17425237735561871,824403.5949490175,1.1102230246251565E-16,0.8,1.0
101000001010000001000101001010001101,8618,0.0,-106.83529411764705,0.0,908100.0,1.0,0.6000000000000001,1.0
101000001010000001000101001000001101,5510,0.0666666666666667,-116.5475935828877,0.3333333333333335,990654.5454545454,1.0,0.6000000000000001,1.0
101000001000000001000110001010100101,1546,0.8919179871916229,-149.65087230876858,0.9647399142780217,1277973.6596613892,0.20000000000000018,0.9,0.8
101100001000000001000101001001001101,2686,0.059638233451419186,-111.71373055770574,0.29819116725709593,949566.7097404988,1.0,0.8,0.9
101000001010000001000101001001101101,3732,0.16508963616428238,-110.75959001350815,0.34089811578112994,942280.2502253877,0.8,0.9,1.0
101000001010000101101111001010101111,708,15.925628032591046,-97.704047405542,0.33974137704049756,965274.6808831621,1.1102230246251565E-16,1.0,1.0
101000001010000001000101001000001101,2932,0.0666666666666667,-116.5475935828877,0.3333333333333335,990654.5454545454,1.0,0.6000000000000001,1.0
100000001010000000000101001010001101,4054,0.13333333333333336,-128.20235294117646,0.6666666666666667,1089720.0,1.0,0.6000000000000001,0.9
101000001010000001000101001010001101,6276,0.0,-106.83529411764705,0.0,908100.0,1.0,0.6000000000000001,1.0
101000001010000001000101001010001101,5946,0.0,-106.83529411764705,0.0,908100.0,1.0,0.6000000000000001,1.0
110011100100001000000010000011010110,192,15.943485673783128,-69.21974377461687,0.42902958300090743,723158.1000202985,1.1102230246251565E-16,0.9,0.9
101000001010111111101111011101011101,366,15.871506480456334,-64.5237942269566,0.0691336163669416,683242.5288651861,1.1102230246251565E-16,1.0,1.0
101010010001111011011110110011010100,0,15.910705973967223,-45.75134428074472,0.2651310839213814,523676.7043223852,1.1102230246251565E-16,1.0,1.0
101000001000000101001100010011000101,1286,0.3612389566103288,-103.21624891463762,0.6969510349698624,879223.8301461588,0.6000000000000001,1.0,0.9
011111001010101001010111001000111011,408,15.874520384399608,-62.859906155722655,0.08420313608330943,669099.4802596977,1.1102230246251565E-16,1.0,1.0
101000001010000001000101001000001101,9680,0.0666666666666667,-116.5475935828877,0.3333333333333335,990654.5454545454,1.0,0.6000000000000001,1.0
101000001010000001000101001001001101,5854,0.041948359047953375,-107.24706890037574,0.20974179523976688,911600.0856531938,1.0,0.8,1.0
101000001010000001000101001000001101,7182,0.0666666666666667,-116.5475935828877,0.3333333333333335,990654.5454545454,1.0,0.6000000000000001,1.0
101000001010000001000101001001001101,7396,0.041948359047953375,-107.24706890037574,0.20974179523976688,911600.0856531938,1.0,0.8,1.0
101000001010000001000101001001001101,5200,0.041948359047953375,-107.24706890037574,0.20974179523976688,911600.0856531938,1.0,0.8,1.0
101000001010000001000101001001001101,3268,0.041948359047953375,-107.24706890037574,0.20974179523976688,911600.0856531938,1.0,0.8,1.0
101000001010000001000101001001001101,6026,0.041948359047953375,-107.24706890037574,0.20974179523976688,911600.0856531938,1.0,0.8,1.0
101000001000000011000101001010001101,8806,0.04194835904795333,-107.24706890037574,0.20974179523976666,911600.0856531938,1.0,0.8,1.0
101000001010000001000101001000001101,4060,0.0666666666666667,-116.5475935828877,0.3333333333333335,990654.5454545454,1.0,0.6000000000000001,1.0
101000001010000001000101001010001101,8272,0.0,-106.83529411764705,0.0,908100.0,1.0,0.6000000000000001,1.0
101000001000000001000101001010001101,4020,0.0666666666666667,-116.5475935828877,0.3333333333333335,990654.5454545454,1.0,0.6000000000000001,1.0
101000001011000001000101001000001101,2660,0.06388547761548755,-107.76640085196549,0.31942738807743776,916014.4072417066,1.0,0.8,1.0
101000001010000001000101001001001101,6812,0.041948359047953375,-107.24706890037574,0.20974179523976688,911600.0856531938,1.0,0.8,1.0
101000001010000011000101001000001101,4314,0.07161032819040933,-107.24706890037574,0.35805164095204667,911600.0856531938,1.0,0.8,1.0
100000001010000000000101001010001101,9872,0.13333333333333336,-128.20235294117646,0.6666666666666667,1089720.0,1.0,0.6000000000000001,0.9
101000001010000001000101001000001111,6358,0.32184874961635634,-131.26774401056463,0.5,1117661.5384615383,0.6000000000000001,0.6000000000000001,0.9
101000001010000001000101001001001101,2564,0.041948359047953375,-107.24706890037574,0.20974179523976688,911600.0856531938,1.0,0.8,1.0
101000001010000001000101001001001101,6632,0.041948359047953375,-107.24706890037574,0.20974179523976688,911600.0856531938,1.0,0.8,1.0
101100001000000001000100001011000101,1788,0.1686823971659396,-121.15824328788861,0.843411985829698,1029845.0679470532,1.0,1.0,0.9
101000001010000001000101001000001101,8006,0.0666666666666667,-116.5475935828877,0.3333333333333335,990654.5454545454,1.0,0.6000000000000001,1.0
110001111010011110101111001001001111,186,15.909588811514714,-75.18380016929827,0.2595452716588349,773852.5793750903,1.1102230246251565E-16,1.0,0.9
101000001010000001000101001001001101,5974,0.041948359047953375,-107.24706890037574,0.20974179523976688,911600.0856531938,1.0,0.8,1.0
101000001010000001000101001000001101,4596,0.0666666666666667,-116.5475935828877,0.3333333333333335,990654.5454545454,1.0,0.6000000000000001,1.0
101000001010000001000101001000001101,1882,0.0666666666666667,-116.5475935828877,0.3333333333333335,990654.5454545454,1.0,0.6000000000000001,1.0
101000001010000001000101001001001101,7410,0.041948359047953375,-107.24706890037574,0.20974179523976688,911600.0856531938,1.0,0.8,1.0
101000001010000001000101001010001101,9822,0.0,-106.83529411764705,0.0,908100.0,1.0,0.6000000000000001,1.0
101000001010000001000101001001001101,3264,0.041948359047953375,-107.24706890037574,0.20974179523976688,911600.0856531938,1.0,0.8,1.0
101000001010000001000100001000000101,7366,0.2,-142.4470588235294,1.0,1210800.0,1.0,0.6000000000000001,0.9
101100001010000001000101000101001101,2172,0.033137084989847576,-75.01087506494946,0.16568542494923788,637592.4380520704,1.0,1.0,1.0
101000001010100001000100100011000101,1634,0.2491650055311734,-79.39693361662093,0.1365812795740855,676759.650113017,0.6000000000000001,0.9,1.0
101000001010000001001101011101011101,894,15.85871312634896,-72.39412988766865,0.005166845830067768,750140.3819812386,1.1102230246251565E-16,0.8,1.0
101000001010000001000101001010001101,7900,0.0,-106.83529411764705,0.0,908100.0,1.0,0.6000000000000001,1.0
101000001010000001000101001010001101,6510,0.0,-106.83529411764705,0.0,908100.0,1.0,0.6000000000000001,1.0
101000001010000001000101001010001101,9448,0.0,-106.83529411764705,0.0,908100.0,1.0,0.6000000000000001,1.0
101000001010000001000101001001001101,2580,0.041948359047953375,-107.24706890037574,0.20974179523976688,911600.0856531938,1.0,0.8,1.0
101000001010000001000100001010000101,7332,0.13333333333333336,-128.20235294117646,0.6666666666666667,1089720.0,1.0,0.6000000000000001,0.9
101000001010000101001100110011000101,1152,0.46388228063006776,-93.30732637904775,0.3297113597901514,796494.7642956182,0.40000000000000013,1.0,1.0
101000001010000001000101001000001101,2024,0.0666666666666667,-116.5475935828877,0.3333333333333335,990654.5454545454,1.0,0.6000000000000001,1.0
101000001010000001000101001010001101,6134,0.0,-106.83529411764705,0.0,908100.0,1.0,0.6000000000000001,1.0
101000001010010001000100001010000101,8896,0.7656366710026852,-106.13632411331103,0.33333333333333337,908100.0,0.20000000000000018,0.6000000000000001,1.0
101000001011000001010111001001001101,1870,15.904840728897618,-85.60288979611201,0.23580485857335876,862414.8412030071,1.1102230246251565E-16,1.0,1.0
101000001010000001000101001010001101,5832,0.0,-106.83529411764705,0.0,908100.0,1.0,0.6000000000000001,1.0
110000000111110110111111001000111110,0,15.918437434261127,-70.57707007544275,0.3037883853909049,734695.3735773184,1.1102230246251565E-16,1.0,1.0
101000001010000001000100001000100101,4000,0.1910195140786865,-139.07886281227053,0.9550975703934326,1182170.3339042994,1.0,0.9,0.8
101000011010000001000100100011000101,1320,0.7672030655153218,-84.7622546746268,0.3411653058965164,726420.409771184,0.20000000000000018,1.0,1.0
010111000111011100011110010110010010,202,15.868723509780708,-47.027901026473685,0.05521876298880102,534527.4366610814,1.1102230246251565E-16,1.0,1.0
101000001010000001000101001010001101,6486,0.0,-106.83529411764705,0.0,908100.0,1.0,0.6000000000000001,1.0
101000001000000001000111001001001101,2012,0.49794000867203747,-127.03142422011328,0.5,1083149.5959446752,0.40000000000000013,0.6000000000000001,0.9
101000001010000001000100001010000101,6706,0.13333333333333336,-128.20235294117646,0.6666666666666667,1089720.0,1.0,0.6000000000000001,0.9
101000001010000001000001001100001101,2152,0.0,-90.38667958664618,0.0,768286.7764864926,1.0,0.8,1.0
101000001000000001000101001010001101,9102,0.0666666666666667,-116.5475935828877,0.3333333333333335,990654.5454545454,1.0,0.6000000000000001,1.0
101000001010000001000101001000001101,3276,0.0666666666666667,-116.5475935828877,0.3333333333333335,990654.5454545454,1.0,0.6000000000000001,1.0
101100001010000001000101100011001101,1850,0.06238794494916737,-74.45573494071536,0.31193972474583687,632873.7469960805,1.0,1.0,1.0
101000001010000001000101001000001101,8590,0.0666666666666667,-116.5475935828877,0.3333333333333335,990654.5454545454,1.0,0.6000000000000001,1.0
101000001010000001000100001100000101,3498,0.17033803085754406,-127.84335651403923,0.8516901542877203,1086668.5303693335,1.0,0.8,0.9
101000001110000001000101001000001101,3566,0.06388547761548755,-107.76640085196549,0.31942738807743776,916014.4072417066,1.0,0.8,1.0
101000001000000001000100001011000101,1694,0.19999999999999996,-127.84335651403923,0.9999999999999998,1086668.5303693335,1.0,0.8,0.9
101100001000000001000101001010101101,1832,0.1650896361642824,-110.75959001350815,0.34089811578113005,942280.2502253877,0.8,1.0,1.0
101000001010000001000101001000001101,2516,0.0666666666666667,-116.5475935828877,0.3333333333333335,990654.5454545454,1.0,0.6000000000000001,1.0
101000001010000001000101001010101111,1266,0.7690718440754898,-122.61017278210817,0.3505091986973564,1048127.7136847755,0.20000000000000018,0.9,1.0
101000001010000001000101001000001101,5286,0.0666666666666667,-116.5475935828877,0.3333333333333335,990654.5454545454,1.0,0.6000000000000001,1.0
101000001000000011000101001010001101,8488,0.04194835904795333,-107.24706890037574,0.20974179523976666,911600.0856531938,1.0,0.8,1.0
101000001010000001000101001010001101,2940,0.0,-106.83529411764705,0.0,908100.0,1.0,0.6000000000000001,1.0
101000001000000001000101001010001101,9380,0.0666666666666667,-116.5475935828877,0.3333333333333335,990654.5454545454,1.0,0.6000000000000001,1.0
101000001010000001000101001000001101,4700,0.0666666666666667,-116.5475935828877,0.3333333333333335,990654.5454545454,1.0,0.6000000000000001,1.0
101000001010000001000100001001000101,2102,0.17033803085754406,-127.84335651403923,0.8516901542877203,1086668.5303693335,1.0,0.8,0.9
101000001110000001000101000001001101,1692,0.0,-84.77301535359702,0.0,720570.6305055746,1.0,1.0,1.0
101000001010000001000101001001001101,4946,0.041948359047953375,-107.24706890037574,0.20974179523976688,911600.0856531938,1.0,0.8,1.0
101000001010000001000101001001001101,6424,0.041948359047953375,-107.24706890037574,0.20974179523976688,911600.0856531938,1.0,0.8,1.0
101000001010000001000101001010001101,7118,0.0,-106.83529411764705,0.0,908100.0,1.0,0.6000000000000001,1.0
101000001010000001000101001000001101,8558,0.0666666666666667,-116.5475935828877,0.3333333333333335,990654.5454545454,1.0,0.6000000000000001,1.0
101000001010000001000111001010001101,6656,0.7489700043360185,-121.3985089872606,0.2499999999999999,1037828.5714285712,0.20000000000000018,0.6000000000000001,1.0
111000001000000011000101001010001101,9240,0.3022009598245817,-121.79168921608897,0.40176105104112714,1037115.0727084953,0.6000000000000001,0.8,0.9
011111001010010111001000111110100011,338,15.891234165539535,-68.1056489159613,0.16777204178294025,713688.293721726,1.1102230246251565E-16,1.0,1.0
101100001011000001000101101011001101,1876,0.0,-87.48640050439059,0.0,743634.40428732,1.0,1.0,1.0
101000001010000001000101001000001101,5964,0.0666666666666667,-116.5475935828877,0.3333333333333335,990654.5454545454,1.0,0.6000000000000001,1.0
001111011000010111101010010110000011,132,15.87446870592336,-54.57154235315612,0.08394474370205851,598648.3879378821,1.1102230246251565E-16,1.0,1.0
101000001010000001000101001000011101,7352,0.0638854776154876,-107.76640085196551,0.319427388077438,916014.4072417069,1.0,0.8,1.0
111011011000111101000110111010110111,292,15.95233779081002,-91.6379515296743,0.47329016813537095,913712.8659382866,1.1102230246251565E-16,1.0,0.9
101000001010000011000111001010101101,1330,15.925880359169584,-100.73350353312033,0.3410030099331901,991025.0579675778,1.1102230246251565E-16,1.0,1.0
101000001010000001000101001010001101,8516,0.0,-106.83529411764705,0.0,908100.0,1.0,0.6000000000000001,1.0
101000001010000001000100101001000101,1630,0.1427970036074046,-116.7317083296039,0.7139850180370231,992219.5208016332,1.0,0.8,0.9
101000001010000001000101001000001101,9064,0.0666666666666667,-116.5475935828877,0.3333333333333335,990654.5454545454,1.0,0.6000000000000001,1.0
101010001010010001010111001010101111,1136,15.910184080187253,-96.11160709332985,0.26252161502153226,951738.9382293589,1.1102230246251565E-16,1.0,1.0
101000001010000001000101001010001101,9674,0.0,-106.83529411764705,0.0,908100.0,1.0,0.6000000000000001,1.0
101000001010000001000101001001001101,3966,0.041948359047953375,-107.24706890037574,0.20974179523976688,911600.0856531938,1.0,0.8,1.0
101000001010000001000101001010001101,7836,0.0,-106.83529411764705,0.0,908100.0,1.0,0.6000000000000001,1.0
101000001010000001000101001000001101,7542,0.0666666666666667,-116.5475935828877,0.3333333333333335,990654.5454545454,1.0,0.6000000000000001,1.0
110001111010111110101111001100111111,164,15.905561850176058,-71.14338641013335,0.2394104649655533,739509.0624221885,1.1102230246251565E-16,1.0,1.0
101000001010000001000101001010001101,3594,0.0,-106.83529411764705,0.0,908100.0,1.0,0.6000000000000001,1.0
110001111010111110101111001101011111,184,15.886936080441583,-67.976119105172,0.14628161629318215,712587.2903300171,1.1102230246251565E-16,1.0,1.0
101000001010000001000101001001001101,2658,0.041948359047953375,-107.24706890037574,0.20974179523976688,911600.0856531938,1.0,0.8,1.0
101000001000000011000101001010001101,9882,0.04194835904795333,-107.24706890037574,0.20974179523976666,911600.0856531938,1.0,0.8,1.0
110011011000110110101010010110000101,226,15.909696683054262,-70.25151016525625,0.26008462935657506,731928.1143407332,1.1102230246251565E-16,1.0,0.9
101000001010000001000101001000001101,7762,0.0666666666666667,-116.5475935828877,0.3333333333333335,990654.5454545454,1.0,0.6000000000000001,1.0
101000001010000001000101001001001101,4010,0.041948359047953375,-107.24706890037574,0.20974179523976688,911600.0856531938,1.0,0.8,1.0
101000001010000001000101001001001101,2054,0.041948359047953375,-107.24706890037574,0.20974179523976688,911600.0856531938,1.0,0.8,1.0
101001010010000101001111001001101110,556,15.860256256193832,-64.55747629178194,0.01288249505442507,683528.8264162015,1.1102230246251565E-16,0.8,1.0
100100001000000000000101001010001101,9868,0.17033803085754404,-127.84335651403923,0.8516901542877202,1086668.5303693335,1.0,0.8,0.9
101000001010000001001100110011000101,1044,0.2530861919959894,-84.15756228393475,0.15618721189816553,717224.9937851845,0.6000000000000001,0.8,1.0
101000001010000001000101001001001101,7198,0.041948359047953375,-107.24706890037574,0.20974179523976688,911600.0856531938,1.0,0.8,1.0
101000001010000001000101001000001101,6318,0.0666666666666667,-116.5475935828877,0.3333333333333335,990654.5454545454,1.0,0.6000000000000001,1.0
101000001010000001000101001000101101,9508,0.08912586197027975,-118.97146877261662,0.4456293098513987,1011257.4845672413,1.0,0.9,0.9
101000001010000001000101001000001101,2736,0.0666666666666667,-116.5475935828877,0.3333333333333335,990654.5454545454,1.0,0.6000000000000001,1.0
101000001010000001000101001001001101,6668,0.041948359047953375,-107.24706890037574,0.20974179523976688,911600.0856531938,1.0,0.8,1.0
101000001010000001000101001000001101,8700,0.0666666666666667,-116.5475935828877,0.3333333333333335,990654.5454545454,1.0,0.6000000000000001,1.0
101000001010000001000101001010001101,3536,0.0,-106.83529411764705,0.0,908100.0,1.0,0.6000000000000001,1.0
101000001010000001000100001011000101,1816,0.1277709552309751,-117.20782230978867,0.6388547761548755,996266.4896332037,1.0,0.8,0.9
101000001010000001001101111010111111,878,15.901242304588141,-86.43618211047271,0.21781273702597548,869497.8258750732,1.1102230246251565E-16,0.9,1.0
101000001010000001000101001010001101,8076,0.0,-106.83529411764705,0.0,908100.0,1.0,0.6000000000000001,1.0
101000001010000001000100100011000101,1258,0.0775922500725171,-93.1235218854189,0.38796125036258555,791549.9360260606,1.0,0.8,1.0
101000001010000001000101001001001101,6438,0.041948359047953375,-107.24706890037574,0.20974179523976688,911600.0856531938,1.0,0.8,1.0
101000001000000011000101001010001101,8734,0.04194835904795333,-107.24706890037574,0.20974179523976666,911600.0856531938,1.0,0.8,1.0
101000001010000001000101001000001101,5090,0.0666666666666667,-116.5475935828877,0.3333333333333335,990654.5454545454,1.0,0.6000000000000001,1.0
111110010110011111101101001100001110,226,15.873825556535046,-53.847345152321196,0.0807289967604925,592492.7117307852,1.1102230246251565E-16,1.0,1.0
101000001010000001000101101011001101,1560,0.0,-93.98479615627475,0.0,798870.7673283354,1.0,0.8,1.0
101000001010000001000101001000001101,3066,0.0666666666666667,-116.5475935828877,0.3333333333333335,990654.5454545454,1.0,0.6000000000000001,1.0
101010001000010001000110001010100111,800,16.0214397271579,-125.28075506141784,0.8187998498747635,1199676.6959581068,1.1102230246251565E-16,1.0,0.8
101000001010000001000101001001001101,4102,0.041948359047953375,-107.24706890037574,0.20974179523976688,911600.0856531938,1.0,0.8,1.0
110001111010111110101111001101011101,142,15.862866650679639,-61.361576634045434,0.02593446748345951,656363.6793254412,1.1102230246251565E-16,1.0,1.0
101000001010000001000101001010001101,2722,0.0,-106.83529411764705,0.0,908100.0,1.0,0.6000000000000001,1.0
101001001010000101101101001110111111,588,15.86622883179931,-74.44760598790239,0.042745373081813476,767594.9288332254,1.1102230246251565E-16,1.0,1.0
101000001010000001000101001010001101,8258,0.0,-106.83529411764705,0.0,908100.0,1.0,0.6000000000000001,1.0
101000001010000001000101001000001101,8126,0.0666666666666667,-116.5475935828877,0.3333333333333335,990654.5454545454,1.0,0.6000000000000001,1.0
101000001010000001000101001001001101,2586,0.041948359047953375,-107.24706890037574,0.20974179523976688,911600.0856531938,1.0,0.8,1.0
101000001010000001000101001001001101,2190,0.041948359047953375,-107.24706890037574,0.20974179523976688,911600.0856531938,1.0,0.8,1.0
101000001010000001000101011000001101,5856,0.08912586197027975,-118.97146877261662,0.4456293098513987,1011257.4845672413,1.0,0.8,0.9
100100001000000000000101001001001111,8094,0.40560668898803387,-144.8039295217364,0.9187896968583876,1232719.1153064982,0.6000000000000001,0.8,0.8
101000001010000001000101001001001101,4012,0.041948359047953375,-107.24706890037574,0.20974179523976688,911600.0856531938,1.0,0.8,1.0
101000001011000001000101001010001101,2208,0.0,-99.73265363667954,0.0,847727.5559117761,1.0,0.8,1.0
101000001010000001000101001010001101,5592,0.0,-106.83529411764705,0.0,908100.0,1.0,0.6000000000000001,1.0
101111001011110101100001001010111111,880,15.868947746985361,-65.54551733277893,0.05633994901207395,691927.175264676,1.1102230246251565E-16,1.0,1.0
101000000010000001000101101011001100,1606,0.3742281579427712,-37.66266568653779,1.8711407897138561,320132.65833557124,1.0,0.8,0.9
101000001000000001000101001010001101,9232,0.0666666666666667,-116.5475935828877,0.3333333333333335,990654.5454545454,1.0,0.6000000000000001,1.0
101000001010000001000101001000001101,5038,0.0666666666666667,-116.5475935828877,0.3333333333333335,990654.5454545454,1.0,0.6000000000000001,1.0
101000001010000001000101001000001101,5892,0.0666666666666667,-116.5475935828877,0.3333333333333335,990654.5454545454,1.0,0.6000000000000001,1.0
101000001010000001000101001010001101,6542,0.0,-106.83529411764705,0.0,908100.0,1.0,0.6000000000000001,1.0
101000001010000001000100001001100111,3598,0.5716944194680994,-138.8079322858726,0.8687720539803099,1183249.9145036293,0.40000000000000013,0.9,0.8
101100001001011111001111101101001111,494,15.889377285943025,-77.1177856097112,0.15848764380039504,790291.4556186004,1.1102230246251565E-16,1.0,1.0
101000001010000001000101001000001101,3642,0.0666666666666667,-116.5475935828877,0.3333333333333335,990654.5454545454,1.0,0.6000000000000001,1.0
101000001010000101011101011101011101,1096,15.862192610628478,-69.80969462133942,0.022564267227654256,728172.6822174401,1.1102230246251565E-16,1.0,1.0
101000001010000001000101001010001101,6094,0.0,-106.83529411764705,0.0,908100.0,1.0,0.6000000000000001,1.0
101000001010000001000101001000001101,7174,0.0666666666666667,-116.5475935828877,0.3333333333333335,990654.5454545454,1.0,0.6000000000000001,1.0
101000001011000001000100001001000111,5150,0.4000071875961803,-130.53009182060393,0.89079218989912,1111391.4948468725,0.6000000000000001,1.0,0.9
101000001010000101001100010111100101,1104,15.943956842165186,-78.95084606955865,0.431385424911195,805872.4695273036,1.1102230246251565E-16,1.0,1.0
101000001010000001000101001010001101,8650,0.0,-106.83529411764705,0.0,908100.0,1.0,0.6000000000000001,1.0
111111011111111111101111001000101101,814,15.877119758931448,-66.42984108572315,0.0972000087425049,699443.9271647019,1.1102230246251565E-16,1.0,1.0
001111001010011111001100111010110011,266,15.879441404230695,-56.64965348469099,0.10880823523873828,616312.3325559285,1.1102230246251565E-16,1.0,1.0
101000001010000001000101001010001101,8598,0.0,-106.83529411764705,0.0,908100.0,1.0,0.6000000000000001,1.0
101000001010000001000101001000001101,2694,0.0666666666666667,-116.5475935828877,0.3333333333333335,990654.5454545454,1.0,0.6000000000000001,1.0
101001001010000101001111001000011111,436,15.914153002362813,-93.86318098516489,0.28236622589933313,932627.3163099566,1.1102230246251565E-16,1.0,1.0
101000001010000001000101001001001101,6266,0.041948359047953375,-107.24706890037574,0.20974179523976688,911600.0856531938,1.0,0.8,1.0
101000001010000001000101001000001101,3270,0.0666666666666667,-116.5475935828877,0.3333333333333335,990654.5454545454,1.0,0.6000000000000001,1.0
101000001010000001000101001001001101,2688,0.041948359047953375,-107.24706890037574,0.20974179523976688,911600.0856531938,1.0,0.8,1.0
101000001000000111001100100011000101,1340,0.19481389229049906,-95.67359430844098,0.4895193964122133,814049.2867323168,0.8,1.0,1.0
101000001000000101100100001011000101,1772,0.8818316152748986,-113.20923802076584,0.9143080546944006,968219.7682133658,0.20000000000000018,1.0,0.9
101100001010000001001100010001000111,1298,0.5178687719940525,-103.69949354466719,0.5996438166100748,884828.1852033834,0.40000000000000013,1.0,0.9
101000001010000001000101001001001101,2678,0.041948359047953375,-107.24706890037574,0.20974179523976688,911600.0856531938,1.0,0.8,1.0
101000001010000001000101001000001101,4364,0.0666666666666667,-116.5475935828877,0.3333333333333335,990654.5454545454,1.0,0.6000000000000001,1.0
101000001010000001000101001000001101,4406,0.0666666666666667,-116.5475935828877,0.3333333333333335,990654.5454545454,1.0,0.6000000000000001,1.0
101000001010000001000101101000001101,4656,0.06388547761548755,-107.76640085196547,0.31942738807743776,916014.4072417065,1.0,0.8,1.0
001111001010010111011100111110100011,520,15.864790213581168,-59.38392273374835,0.035552281991106716,639553.621172916,1.1102230246251565E-16,1.0,1.0
101000001000000001000101001001001101,1716,0.06666666666666668,-112.31816562798068,0.33333333333333337,954704.4078378357,1.0,0.6000000000000001,0.9
101000001010000001000101001010001101,4116,0.0,-106.83529411764705,0.0,908100.0,1.0,0.6000000000000001,1.0
101000001010000001000100001000000101,8750,0.2,-142.4470588235294,1.0,1210800.0,1.0,0.6000000000000001,0.9
111001011111111111011100111010110111,362,15.86911396555632,-67.36414010702472,0.05717104186686628,707385.4688457652,1.1102230246251565E-16,1.0,1.0
101000001010000001000101001000001101,7156,0.0666666666666667,-116.5475935828877,0.3333333333333335,990654.5454545454,1.0,0.6000000000000001,1.0
101000001010000001000101001001001101,5270,0.041948359047953375,-107.24706890037574,0.20974179523976688,911600.0856531938,1.0,0.8,1.0
111000001010010001000100101011000101,1558,15.935560496752291,-91.9682487089988,0.38940369784672624,916520.3919625449,1.1102230246251565E-16,0.8,0.9
101000001000000001000100001011000101,1652,0.19999999999999996,-127.84335651403923,0.9999999999999998,1086668.5303693335,1.0,0.8,0.9
101000001010000001000101001000001101,7602,0.0666666666666667,-116.5475935828877,0.3333333333333335,990654.5454545454,1.0,0.6000000000000001,1.0
101000001010000001000101001000001101,2636,0.0666666666666667,-116.5475935828877,0.3333333333333335,990654.5454545454,1.0,0.6000000000000001,1.0
010111000111011100010000001001000010,0,15.872192332954807,-39.20688676871124,0.07256287885930246,468048.81547010056,1.1102230246251565E-16,1.0,1.0
101000001000000011000101001010001101,8208,0.04194835904795333,-107.24706890037574,0.20974179523976666,911600.0856531938,1.0,0.8,1.0
101000001000000001000101001010001101,9566,0.0666666666666667,-116.5475935828877,0.3333333333333335,990654.5454545454,1.0,0.6000000000000001,1.0
101000001010000001000111001010011101,1768,0.7473890974917066,-113.81717344680195,0.2420954657784402,973387.2193346727,0.20000000000000018,0.8,1.0
101000001010000001000101001010001101,5560,0.0,-106.83529411764705,0.0,908100.0,1.0,0.6000000000000001,1.0
101000001000000001000100001110100101,1536,0.28820452676164776,-127.33614667960049,0.9564725687679567,1083180.9818871727,0.8,0.9,0.9
101000001000000001010100001010100101,1670,0.5520372139922128,-116.95484981532569,0.770486026600877,997498.7135039807,0.40000000000000013,1.0,0.9
101000001010000001000101001001001101,3876,0.041948359047953375,-107.24706890037574,0.20974179523976688,911600.0856531938,1.0,0.8,1.0
101000001010000001000101001000001101,3090,0.0666666666666667,-116.5475935828877,0.3333333333333335,990654.5454545454,1.0,0.6000000000000001,1.0
101000001010000001000101001001001101,6552,0.041948359047953375,-107.24706890037574,0.20974179523976688,911600.0856531938,1.0,0.8,1.0
101000001010000001000101001000001101,8464,0.0666666666666667,-116.5475935828877,0.3333333333333335,990654.5454545454,1.0,0.6000000000000001,1.0
101111001010010101011100010111000101,374,15.886111060631059,-54.78159578423431,0.14215651724056588,600433.8421020467,1.1102230246251565E-16,1.0,1.0
101000001010000001000100000000100101,1768,0.1876393202250021,-110.91743263303024,0.9381966011250105,942798.177380757,1.0,0.8,0.9
101000001010000001000101001000001101,5688,0.0666666666666667,-116.5475935828877,0.3333333333333335,990654.5454545454,1.0,0.6000000000000001,1.0
101010001000000001000101001010101101,2096,0.2026015795759435,-122.28984019587841,0.5284578328394356,1040287.3767755349,0.8,1.0,0.9
101000001010000001000101001001001101,6478,0.041948359047953375,-107.24706890037574,0.20974179523976688,911600.0856531938,1.0,0.8,1.0
101000001010000001000101001000001101,2432,0.0666666666666667,-116.5475935828877,0.3333333333333335,990654.5454545454,1.0,0.6000000000000001,1.0
101000001010000001000101001010001101,9006,0.0,-106.83529411764705,0.0,908100.0,1.0,0.6000000000000001,1.0
010111000111011100010000111001010000,342,15.875268911208828,-49.43578232918483,0.08794577012940619,554994.4277341261,1.1102230246251565E-16,1.0,1.0
000011110110010100000110001101010010,504,15.875394708728244,-53.89219836714814,0.0885747577264876,592873.9640568143,1.1102230246251565E-16,1.0,1.0
101000001000000011000101001010001101,9172,0.04194835904795333,-107.24706890037574,0.20974179523976666,911600.0856531938,1.0,0.8,1.0
101000001000000001000101001001001101,2152,0.06666666666666668,-112.31816562798068,0.33333333333333337,954704.4078378357,1.0,0.6000000000000001,0.9
101000001010000001000101001010001101,9664,0.0,-106.83529411764705,0.0,908100.0,1.0,0.6000000000000001,1.0
111000001010000001000100000011000101,1678,0.5334977469064784,-118.77847607298543,0.6777886911722049,1012999.5366940885,0.40000000000000013,0.6000000000000001,0.9
101000001010000001000101001001001101,5948,0.041948359047953375,-107.24706890037574,0.20974179523976688,911600.0856531938,1.0,0.8,1.0
010111000111010100010000111011110010,174,15.902319490764997,-69.52367037257864,0.22319866791025111,725741.4761029735,1.1102230246251565E-16,1.0,1.0
101000001010000111001100010011000101,1088,0.486545987914473,-99.0669931755777,0.4430298962121778,845451.9320661228,0.40000000000000013,1.0,1.0
101000001010000001000101001000001101,4324,0.0666666666666667,-116.5475935828877,0.3333333333333335,990654.5454545454,1.0,0.6000000000000001,1.0
101000001010000001000101001010001101,8422,0.0,-106.83529411764705,0.0,908100.0,1.0,0.6000000000000001,1.0
101000001010000001000101001001001101,6184,0.041948359047953375,-107.24706890037574,0.20974179523976688,911600.0856531938,1.0,0.8,1.0
101000001010000001000101001000001101,4558,0.0666666666666667,-116.5475935828877,0.3333333333333335,990654.5454545454,1.0,0.6000000000000001,1.0
101000000011011001000101001000101100,1722,15.981006239688307,-43.00174512364292,0.6166324125268068,500305.1114870198,1.1102230246251565E-16,1.0,0.9
101000001010000001000101001001001101,4928,0.041948359047953375,-107.24706890037574,0.20974179523976688,911600.0856531938,1.0,0.8,1.0
010111001000011100000110101010110011,174,15.956702690316352,-86.54627508530046,0.4951146656670219,870433.6161611091,1.1102230246251565E-16,1.0,0.9
101100010100111101010010010101110100,0,15.857679757182947,-43.78450710037664,2.220446049250313E-16,506958.5882892565,1.1102230246251565E-16,1.0,1.0
101000001010000001000101001010001101,9854,0.0,-106.83529411764705,0.0,908100.0,1.0,0.6000000000000001,1.0
111000001010000001000101001010001101,3038,0.4479400086720374,-121.69953898292458,0.2499999999999999,1037828.5714285712,0.40000000000000013,0.6000000000000001,1.0
101000011000000001000100100011000101,1598,0.5413645575891548,-89.82380880869586,0.7171227445855868,766884.8649476271,0.40000000000000013,1.0,0.9
101000001010000001000101001000001101,2600,0.0666666666666667,-116.5475935828877,0.3333333333333335,990654.5454545454,1.0,0.6000000000000001,1.0
101000001010000001000100100011000101,1362,0.0775922500725171,-93.1235218854189,0.38796125036258555,791549.9360260606,1.0,0.8,1.0
101000001010000001000100001000000101,9168,0.2,-142.4470588235294,1.0,1210800.0,1.0,0.6000000000000001,0.9
111010001010011101010001111011011111,446,15.876581693721013,-70.59673606980813,0.0945096826903351,734862.5345294242,1.1102230246251565E-16,1.0,1.0
101000001010000001000101001000001101,3780,0.0666666666666667,-116.5475935828877,0.3333333333333335,990654.5454545454,1.0,0.6000000000000001,1.0
101000001000000001000101001010001101,9920,0.0666666666666667,-116.5475935828877,0.3333333333333335,990654.5454545454,1.0,0.6000000000000001,1.0
010001110110001010001001101010011000,0,16.232703303663165,-16.592903773533333,1.8751177324010868,275829.9600110884,1.1102230246251565E-16,1.0,0.9
101000001010000001000101001001001101,6844,0.041948359047953375,-107.24706890037574,0.20974179523976688,911600.0856531938,1.0,0.8,1.0
101000001010000001000101101101001101,2066,0.11960100784066904,-93.4787636402601,0.11345497416306327,795393.2260527794,0.8,0.8,1.0
101000001010000001000101001010001101,2714,0.0,-106.83529411764705,0.0,908100.0,1.0,0.6000000000000001,1.0
101000001010000001000101001010001101,6034,0.0,-106.83529411764705,0.0,908100.0,1.0,0.6000000000000001,1.0
101000001010000001000101001000001101,2842,0.0666666666666667,-116.5475935828877,0.3333333333333335,990654.5454545454,1.0,0.6000000000000001,1.0
101000001010000001000101001010001101,5070,0.0,-106.83529411764705,0.0,908100.0,1.0,0.6000000000000001,1.0
011000001010000001000100001010000001,1988,0.32184874961635634,-85.24638654450129,0.5000000000000001,726480.0,0.6000000000000001,0.6000000000000001,0.9
101000001010000001000101001001001101,2184,0.041948359047953375,-107.24706890037574,0.20974179523976688,911600.0856531938,1.0,0.8,1.0
101000001010000001000101001001001101,7682,0.041948359047953375,-107.24706890037574,0.20974179523976688,911600.0856531938,1.0,0.8,1.0
001111001010010101001100111001010001,332,15.896152098516724,-50.38962808683638,0.19236170666889163,563102.1166741643,1.1102230246251565E-16,1.0,1.0
101000001010000011000101001001001101,8096,0.04862579888982059,-100.78128828863652,0.24312899444910296,856640.9504534104,1.0,1.0,1.0
101000001000000001000101001010001101,3786,0.0666666666666667,-116.5475935828877,0.3333333333333335,990654.5454545454,1.0,0.6000000000000001,1.0
101100001000000001000101001010001101,5578,0.04194835904795333,-107.24706890037572,0.20974179523976666,911600.0856531936,1.0,0.8,1.0
101000001010000001000100001010000101,3926,0.13333333333333336,-128.20235294117646,0.6666666666666667,1089720.0,1.0,0.6000000000000001,0.9
101000001010000001000101001010001101,3878,0.0,-106.83529411764705,0.0,908100.0,1.0,0.6000000000000001,1.0
101101000010101101100001010111111110,0,15.947437238336766,-44.288211457982854,0.44878740576909726,511240.0753289093,1.1102230246251565E-16,1.0,0.9
101000001010000001000101001000001101,3620,0.0666666666666667,-116.5475935828877,0.3333333333333335,990654.5454545454,1.0,0.6000000000000001,1.0
101000001010010001000111001010101111,766,15.915450386699902,-104.1951291036954,0.2888531475847812,1020448.875317466,1.1102230246251565E-16,0.9,1.0
111011011011110101101001011010111111,396,15.857713382702908,-67.4410683859088,1.681275998046683E-4,708039.3592162799,1.1102230246251565E-16,1.0,1.0
101111001010010101001100111010110111,368,15.909282623380546,-83.68818232399992,0.2580143309879954,846139.8276900544,1.1102230246251565E-16,1.0,1.0
101000000010001101001111001101011110,632,15.863224639474877,-65.56187949030237,0.02772441145965332,692066.2536036252,1.1102230246251565E-16,1.0,1.0
101000001010000001000101001001001101,4492,0.041948359047953375,-107.24706890037574,0.20974179523976688,911600.0856531938,1.0,0.8,1.0
001000110100100001101100011000110000,0,16.057479757182946,15.85767950144971,0.999,0.002173732515150832,1.1102230246251565E-16,0.9,1.0
101000001010000001000101001000001101,9334,0.0666666666666667,-116.5475935828877,0.3333333333333335,990654.5454545454,1.0,0.6000000000000001,1.0
101000001010000001001100100011000101,1202,0.09691001300805639,-79.55819336821627,0.0,677068.3787404067,0.8,0.8,1.0
101000001000000001000101001101001101,1596,0.06666666666666662,-99.93614314094094,0.33333333333333315,849457.216697998,1.0,0.6000000000000001,0.9
101000001010000001000101001010001101,3846,0.0,-106.83529411764705,0.0,908100.0,1.0,0.6000000000000001,1.0
101010001000100001000101000011001101,1632,0.2482155549852287,-84.29580356493217,0.13183402684436196,718400.0446736625,0.6000000000000001,1.0,1.0
101000001010000001001111001010101111,914,15.915450386699902,-104.1951291036954,0.2888531475847812,1020448.875317466,1.1102230246251565E-16,0.9,1.0
101000001010000001000101001001001101,3538,0.041948359047953375,-107.24706890037574,0.20974179523976688,911600.0856531938,1.0,0.8,1.0
101000001010000001000101001001001101,6742,0.041948359047953375,-107.24706890037574,0.20974179523976688,911600.0856531938,1.0,0.8,1.0
110001111000111110111000100111110111,148,15.87873567615506,-51.06700858796877,0.10527959486056182,568859.8509337896,1.1102230246251565E-16,1.0,1.0
101000001010000001000111001000001101,5476,0.49794000867203747,-131.09165275150895,0.5,1117661.5384615383,0.40000000000000013,0.6000000000000001,0.9
101000001000000001000100001001000101,1924,0.2,-136.17956730191256,1.0,1157526.3220662568,1.0,0.6000000000000001,0.8
101000001000000001100100001001000101,1856,0.576854709026295,-116.6610742937622,0.8945735017712877,995001.621570691,0.40000000000000013,0.7000000000000001,0.8
101000001010000001000101001010001101,4452,0.0,-106.83529411764705,0.0,908100.0,1.0,0.6000000000000001,1.0
101000001010000001000101101011001101,1548,0.0,-93.98479615627475,0.0,798870.7673283354,1.0,0.8,1.0
111011011111111111101111010011101111,620,15.877349411727012,-71.80692285086508,0.09834827272032376,745149.1221684082,1.1102230246251565E-16,1.0,1.0
111011011001111111101111101000101111,420,15.894085910417884,-75.66363967202929,0.18203076617468672,777931.215148304,1.1102230246251565E-16,1.0,1.0
101000001010000001000101001001001101,2386,0.041948359047953375,-107.24706890037574,0.20974179523976688,911600.0856531938,1.0,0.8,1.0
101000001010000001000101001001001101,5678,0.041948359047953375,-107.24706890037574,0.20974179523976688,911600.0856531938,1.0,0.8,1.0
101000001010000001000101001010001101,9582,0.0,-106.83529411764705,0.0,908100.0,1.0,0.6000000000000001,1.0
101000001010000001000101001000001101,3598,0.0666666666666667,-116.5475935828877,0.3333333333333335,990654.5454545454,1.0,0.6000000000000001,1.0
000001100111110110111101000010011000,0,16.474198116831023,-12.455471366953443,3.082591798240375,240661.7845551593,1.1102230246251565E-16,1.0,0.8
101100001010000001000100101000000101,6070,0.1713985018037023,-116.7317083296039,0.8569925090185115,992219.5208016331,1.0,1.0,0.9
101000101000000001000101111010001101,1716,0.4504429686693344,-96.00386689714031,0.26251479998648497,819415.358699405,0.40000000000000013,0.9,1.0
101000001010000001001101001010001101,6096,0.46460667533870403,-91.17516923502544,0.33333333333333304,778371.4285714285,0.40000000000000013,0.6000000000000001,1.0
101000001010000001000101001011001101,1908,0.0,-99.73265363667957,0.0,847727.5559117764,1.0,0.8,1.0
101000001010000001000101001001101101,2574,0.16508963616428238,-110.75959001350815,0.34089811578112994,942280.2502253877,0.8,0.9,1.0
101000001010000001000101001001001101,7942,0.041948359047953375,-107.24706890037574,0.20974179523976688,911600.0856531938,1.0,0.8,1.0
101000001001111111001111101001011101,590,15.881241854476984,-64.0930478778699,0.11781048647018899,679581.1848979493,1.1102230246251565E-16,1.0,1.0
101000001010000001000101001001001101,1954,0.041948359047953375,-107.24706890037574,0.20974179523976688,911600.0856531938,1.0,0.8,1.0
101000001010000001000101001010001101,5770,0.0,-106.83529411764705,0.0,908100.0,1.0,0.6000000000000001,1.0
101000001010000001000100001010000101,8392,0.13333333333333336,-128.20235294117646,0.6666666666666667,1089720.0,1.0,0.6000000000000001,0.9
101000001010000001000101001010001101,9980,0.0,-106.83529411764705,0.0,908100.0,1.0,0.6000000000000001,1.0
000001110111000010000101111101101010,0,15.894706256533853,-57.041102987287346,0.18513249675453214,619639.6533279975,1.1102230246251565E-16,1.0,1.0
101000001010000001000100100011000101,1288,0.0775922500725171,-93.1235218854189,0.38796125036258555,791549.9360260606,1.0,0.8,1.0
111011011111111111101100110001010111,222,15.896612229723255,-67.40713291459132,0.1946623627015439,707750.9077100812,1.1102230246251565E-16,1.0,1.0
101000001010000001000101001001001101,6962,0.041948359047953375,-107.24706890037574,0.20974179523976688,911600.0856531938,1.0,0.8,1.0
101000001010000001000101001000001101,2404,0.0666666666666667,-116.5475935828877,0.3333333333333335,990654.5454545454,1.0,0.6000000000000001,1.0
101000001010000001000101001010001101,9244,0.0,-106.83529411764705,0.0,908100.0,1.0,0.6000000000000001,1.0
101010001010000111000101001000001101,9346,0.8059730578688126,-112.81104899574439,0.53501526766397,964835.1615006834,0.20000000000000018,0.9,0.9
100100001000000000000101001001001101,7160,0.17891470035425752,-132.34714837005018,0.8945735017712876,1124950.7611454264,1.0,0.8,0.8
101000001010000001000101001000001101,9476,0.0666666666666667,-116.5475935828877,0.3333333333333335,990654.5454545454,1.0,0.6000000000000001,1.0
111011011111111111101111010011011111,254,15.86343350051479,-68.13720065891087,0.028768716659209992,713956.4835367975,1.1102230246251565E-16,1.0,1.0
101000001010000001000101001000001101,6356,0.0666666666666667,-116.5475935828877,0.3333333333333335,990654.5454545454,1.0,0.6000000000000001,1.0
101000001001000001000100001001000101,1754,0.2,-122.95303850964532,1.0,1045100.8273319852,1.0,1.0,0.8
010101011010101000101011001001001011,254,15.869836421189794,-48.66862515653615,0.060783320034235144,548473.5917666124,1.1102230246251565E-16,1.0,1.0
101000001010000001000101001000001101,3260,0.0666666666666667,-116.5475935828877,0.3333333333333335,990654.5454545454,1.0,0.6000000000000001,1.0
101000001010000001000101001001001101,4784,0.041948359047953375,-107.24706890037574,0.20974179523976688,911600.0856531938,1.0,0.8,1.0
101000001000000011000101001010001101,8502,0.04194835904795333,-107.24706890037574,0.20974179523976666,911600.0856531938,1.0,0.8,1.0
101000001010000001000101001001001101,1940,0.041948359047953375,-107.24706890037574,0.20974179523976688,911600.0856531938,1.0,0.8,1.0
101000001010000001000101001000001101,8294,0.0666666666666667,-116.5475935828877,0.3333333333333335,990654.5454545454,1.0,0.6000000000000001,1.0
101000001010000001000101001000001101,5060,0.0666666666666667,-116.5475935828877,0.3333333333333335,990654.5454545454,1.0,0.6000000000000001,1.0
111000001010010101001111001010101111,1450,15.919667925903648,-103.11378901543367,0.3099408436035087,1011257.4845672413,1.1102230246251565E-16,1.0,1.0
101100001000000001000101001010001101,3062,0.04194835904795333,-107.24706890037572,0.20974179523976666,911600.0856531936,1.0,0.8,1.0
101000001010000001000101001001001101,2590,0.041948359047953375,-107.24706890037574,0.20974179523976688,911600.0856531938,1.0,0.8,1.0
101000001010000001000101001010001101,3868,0.0,-106.83529411764705,0.0,908100.0,1.0,0.6000000000000001,1.0
101000001010000001000101001000001101,7162,0.0666666666666667,-116.5475935828877,0.3333333333333335,990654.5454545454,1.0,0.6000000000000001,1.0
101000001110000001000101001001001101,2076,0.040260639106669285,-100.31506767665797,0.2013031955333464,852678.0752515928,1.0,1.0,1.0
101000001010000001000101001001001101,5676,0.041948359047953375,-107.24706890037574,0.20974179523976688,911600.0856531938,1.0,0.8,1.0
101000001010000111001100100011000101,1386,0.276812386625285,-90.0693889876078,0.2748181850446435,767475.5207664053,0.6000000000000001,1.0,1.0
101000001010000001000101001001001101,2362,0.041948359047953375,-107.24706890037574,0.20974179523976688,911600.0856531938,1.0,0.8,1.0
101000001010000001000101001000001101,2968,0.0666666666666667,-116.5475935828877,0.3333333333333335,990654.5454545454,1.0,0.6000000000000001,1.0
000001111010111010101111001101011001,158,16.040802963827662,-29.576899326519918,0.9156160332235761,386193.92221147433,1.1102230246251565E-16,1.0,0.9
101000001010110111101101110001011111,1068,15.861498024695873,-65.76764453874144,0.019091337564632327,693815.2565153573,1.1102230246251565E-16,1.0,1.0
101000001010010011000111001010101111,1100,15.914153002362813,-98.93105322231231,0.2823662258993329,975704.2303257098,1.1102230246251565E-16,1.0,1.0
101000001010000001000101001010001101,2296,0.0,-106.83529411764705,0.0,908100.0,1.0,0.6000000000000001,1.0
101000001010000001000101001001001101,4908,0.041948359047953375,-107.24706890037574,0.20974179523976688,911600.0856531938,1.0,0.8,1.0
101000001010000001000101001000001101,3414,0.0666666666666667,-116.5475935828877,0.3333333333333335,990654.5454545454,1.0,0.6000000000000001,1.0
101000101010000001000101101011001111,3448,15.875753413580613,-80.38890639761927,0.09036828198833102,818095.9823158189,1.1102230246251565E-16,0.9,1.0
101000001010000001000101001000001101,5042,0.0666666666666667,-116.5475935828877,0.3333333333333335,990654.5454545454,1.0,0.6000000000000001,1.0
101000001010000101001100010111000101,1256,0.7745138928996059,-90.35679048475617,0.3777194428179371,773973.9641572837,0.20000000000000018,1.0,1.0
101000001010000001000101001010001101,8686,0.0,-106.83529411764705,0.0,908100.0,1.0,0.6000000000000001,1.0
101000001010000001000101001011001101,2254,0.0,-99.73265363667957,0.0,847727.5559117764,1.0,0.8,1.0
101000001010000001000101001000101101,2800,0.08912586197027975,-118.97146877261662,0.4456293098513987,1011257.4845672413,1.0,0.9,0.9
101000001010000001000001001000001101,8672,0.0,-85.46823529411763,0.0,726479.9999999999,1.0,0.5000000000000001,1.0
101000001010000101000101001011001101,2156,0.1305675849282772,-104.08818272899967,0.16828785960110393,885573.2883070657,0.8,1.0,1.0
101000001010000001000101001000001101,4546,0.0666666666666667,-116.5475935828877,0.3333333333333335,990654.5454545454,1.0,0.6000000000000001,1.0
101000001010000001000100001010000101,2076,0.13333333333333336,-128.20235294117646,0.6666666666666667,1089720.0,1.0,0.6000000000000001,0.9
101000001010000001000101001010001101,2446,0.0,-106.83529411764705,0.0,908100.0,1.0,0.6000000000000001,1.0
101000001010010011000111001010001111,1130,15.896661537963656,-97.0759428653231,0.19490890390354587,959935.7922913014,1.1102230246251565E-16,0.8,1.0
101000001010000001000101001001001101,3712,0.041948359047953375,-107.24706890037574,0.20974179523976688,911600.0856531938,1.0,0.8,1.0
101000001011000001000100001010100101,1512,0.23649602073600579,-120.88919484601188,0.6979300386397469,1028381.8913016694,0.8,1.0,0.9
101000001010000001000100001000100101,1922,0.1910195140786865,-139.07886281227053,0.9550975703934326,1182170.3339042994,1.0,0.9,0.8
101000001010000001000101001001001101,6718,0.041948359047953375,-107.24706890037574,0.20974179523976688,911600.0856531938,1.0,0.8,1.0
101000001010000001000101001000001101,9764,0.0666666666666667,-116.5475935828877,0.3333333333333335,990654.5454545454,1.0,0.6000000000000001,1.0
101000001010001111101111001001001111,378,15.914215825150967,-84.05024368893436,0.28268033984009755,849217.3492919971,1.1102230246251565E-16,1.0,1.0
101000001010000001000101001010001101,3524,0.0,-106.83529411764705,0.0,908100.0,1.0,0.6000000000000001,1.0
101000001010000001000100010011000111,1360,0.8368307163894624,-119.4459912665911,0.6893035602672191,1021232.1708028804,0.20000000000000018,0.8,0.9
101000001010000001000101001001001101,7352,0.041948359047953375,-107.24706890037574,0.20974179523976688,911600.0856531938,1.0,0.8,1.0
101000001010000001000100011000100111,4812,0.5855793288970396,-146.36374611192824,0.9381966011250105,1247474.3320251023,0.40000000000000013,0.9,0.8
101000011000010101111100000101110111,0,15.911588595440486,-60.8908008822455,0.26954419128770213,652362.0854351418,1.1102230246251565E-16,1.0,0.9
101000001010000001000101001001001101,6520,0.041948359047953375,-107.24706890037574,0.20974179523976688,911600.0856531938,1.0,0.8,1.0
101000001010000001000101001000001101,3226,0.0666666666666667,-116.5475935828877,0.3333333333333335,990654.5454545454,1.0,0.6000000000000001,1.0
101000001010000001000101001001001101,4536,0.041948359047953375,-107.24706890037574,0.20974179523976688,911600.0856531938,1.0,0.8,1.0
101000001010000001000101001001001101,6698,0.041948359047953375,-107.24706890037574,0.20974179523976688,911600.0856531938,1.0,0.8,1.0
101000001000000101001100110011000101,1398,0.3424412553817604,-97.71783623364095,0.6029625288270205,832487.3223576872,0.6000000000000001,1.0,0.9
101000001010000001000100001000000101,4394,0.2,-142.4470588235294,1.0,1210800.0,1.0,0.6000000000000001,0.9
101000001010000001000101001000001101,4706,0.0666666666666667,-116.5475935828877,0.3333333333333335,990654.5454545454,1.0,0.6000000000000001,1.0
101000001011000001000100010011010101,1626,0.4945370129735306,-94.00319452631621,0.4829850215074656,802409.6435474001,0.40000000000000013,1.0,1.0
101000001010000001000100001010000101,6304,0.13333333333333336,-128.20235294117646,0.6666666666666667,1089720.0,1.0,0.6000000000000001,0.9
101000001010000001000101001001001101,7458,0.041948359047953375,-107.24706890037574,0.20974179523976688,911600.0856531938,1.0,0.8,1.0
010011110111010100101111001110111010,212,15.871056478219637,-65.41988690191009,0.06688360518345471,690859.3166022908,1.1102230246251565E-16,1.0,1.0
101000001100000001001101101011001101,1464,0.4047032894430239,-84.26306819114951,0.03381640385493245,719618.5696984832,0.40000000000000013,1.0,1.0
001111001010000001110100111010110011,118,15.87743507830955,-58.63948941221496,0.09877660563300883,633225.9379398822,1.1102230246251565E-16,1.0,1.0
101000001010000001000101001001001101,5766,0.041948359047953375,-107.24706890037574,0.20974179523976688,911600.0856531938,1.0,0.8,1.0
101100001010000001000101100011001101,1574,0.06238794494916737,-74.45573494071536,0.31193972474583687,632873.7469960805,1.0,1.0,1.0
101000001010100001000101001001001101,1874,0.0976286977868572,-92.0297290559955,0.0035934238940040775,783076.4320865303,0.8,0.9,1.0
101000001001000001000100010001000101,1386,0.1881543593476823,-98.19912546169789,0.9407717967384115,834692.5664244321,1.0,0.9,0.8
101100001000000001000101001010001101,4490,0.04194835904795333,-107.24706890037572,0.20974179523976666,911600.0856531936,1.0,0.8,1.0
001100011110111001100010110001000011,118,15.892200000071837,-56.06655427736692,0.1726012144444471,611355.9892936739,1.1102230246251565E-16,1.0,1.0
101000001010000001000101001010001101,9002,0.0,-106.83529411764705,0.0,908100.0,1.0,0.6000000000000001,1.0
101000001011000001000100100011000101,1302,0.08284271247461898,-86.90632837277245,0.4142135623730949,738703.7911685659,1.0,1.0,1.0
101000001010000001000101001001001101,4572,0.041948359047953375,-107.24706890037574,0.20974179523976688,911600.0856531938,1.0,0.8,1.0
101111010111011101101111001000111110,734,15.86189730603471,-61.423861132664584,0.021087744258815433,656893.097563704,1.1102230246251565E-16,1.0,1.0
101000001010000001000101001001001101,3834,0.041948359047953375,-107.24706890037574,0.20974179523976688,911600.0856531938,1.0,0.8,1.0
101000001010000001000101001000001101,5962,0.0666666666666667,-116.5475935828877,0.3333333333333335,990654.5454545454,1.0,0.6000000000000001,1.0
110011011000010110101110010110010101,0,15.939425039831681,-82.43036623679794,0.40872641324367054,835448.3909488375,1.1102230246251565E-16,1.0,0.9
101010001010000001000101101001001101,2134,0.1628244808901293,-104.47472518835991,0.32957233941036446,888858.8992116278,0.8,1.0,1.0
101000001010000001000101101000001101,7810,0.06388547761548755,-107.76640085196547,0.31942738807743776,916014.4072417065,1.0,0.8,1.0
101000001010000101001000010011000101,1336,0.47172254452995976,-91.89785521152328,0.36891267928961147,784514.2593716602,0.40000000000000013,1.0,1.0
101000001010000001000101001010001101,9386,0.0,-106.83529411764705,0.0,908100.0,1.0,0.6000000000000001,1.0
101000001010000001001100110011000101,1120,0.2530861919959894,-84.15756228393475,0.15618721189816553,717224.9937851845,0.6000000000000001,0.8,1.0
101000001000000001000101001010011101,9290,0.06388547761548757,-107.76640085196551,0.31942738807743787,916014.4072417069,1.0,0.8,1.0
001000001100000001000111001011001001,1910,0.7348224042199912,-78.9561333768883,0.17926199941986332,677068.3787404067,0.20000000000000018,1.0,1.0
101000001010000001000101001000001101,3516,0.0666666666666667,-116.5475935828877,0.3333333333333335,990654.5454545454,1.0,0.6000000000000001,1.0
101000001010000001000101101001001101,1926,0.040260639106669285,-100.31506767665795,0.2013031955333464,852678.0752515926,1.0,0.8,1.0
101000001010000001000100101010000101,4200,0.10614319495274875,-116.64299165180516,0.5307159747637438,991465.4290403438,1.0,0.8,0.9
101000001010000001000101001010001101,4206,0.0,-106.83529411764705,0.0,908100.0,1.0,0.6000000000000001,1.0
101000001010000001000101001010001101,2522,0.0,-106.83529411764705,0.0,908100.0,1.0,0.6000000000000001,1.0
101000001010000001000101001010001101,9246,0.0,-106.83529411764705,0.0,908100.0,1.0,0.6000000000000001,1.0
101000001010000001000101001000001101,4672,0.0666666666666667,-116.5475935828877,0.3333333333333335,990654.5454545454,1.0,0.6000000000000001,1.0
101000001110000001000101001000101101,6432,0.0860751558957034,-111.2965665016384,0.430375779478517,946020.8152639264,1.0,1.0,1.0
101000001010000001000101001010001101,8892,0.0,-106.83529411764705,0.0,908100.0,1.0,0.6000000000000001,1.0
101000001010000001000101001000001101,4384,0.0666666666666667,-116.5475935828877,0.3333333333333335,990654.5454545454,1.0,0.6000000000000001,1.0
101000001010000001000101001001001101,2682,0.041948359047953375,-107.24706890037574,0.20974179523976688,911600.0856531938,1.0,0.8,1.0
101000001000000001000101001010001101,8652,0.0666666666666667,-116.5475935828877,0.3333333333333335,990654.5454545454,1.0,0.6000000000000001,1.0
101000001010000001000101001000001101,8600,0.0666666666666667,-116.5475935828877,0.3333333333333335,990654.5454545454,1.0,0.6000000000000001,1.0
101000001010000001000101001010001101,8712,0.0,-106.83529411764705,0.0,908100.0,1.0,0.6000000000000001,1.0
101000001010000001000101001001001101,6218,0.041948359047953375,-107.24706890037574,0.20974179523976688,911600.0856531938,1.0,0.8,1.0
001000001010010001000111001010101011,1206,15.877104668210979,-70.49396413887388,0.09712455514016138,733988.9731164831,1.1102230246251565E-16,0.9,1.0
101000001010000001000101001000001101,7436,0.0666666666666667,-116.5475935828877,0.3333333333333335,990654.5454545454,1.0,0.6000000000000001,1.0
101000001000000001000100001111000101,1650,0.2,-115.86737361485574,1.0,984872.6757262738,1.0,0.8,0.9
101000001000000011000101001010001101,8050,0.04194835904795333,-107.24706890037574,0.20974179523976666,911600.0856531938,1.0,0.8,1.0
101000001010000001000101001000001101,6836,0.0666666666666667,-116.5475935828877,0.3333333333333335,990654.5454545454,1.0,0.6000000000000001,1.0
101000001010000001000111001010001101,9510,0.7489700043360185,-121.3985089872606,0.2499999999999999,1037828.5714285712,0.20000000000000018,0.6000000000000001,1.0
101101011100010111101111101001011101,286,15.86866479966323,-62.64100648834577,0.054925212401423895,667238.8330869941,1.1102230246251565E-16,1.0,1.0
101000001010000001000101001010001101,8100,0.0,-106.83529411764705,0.0,908100.0,1.0,0.6000000000000001,1.0
101000001010000001000101001010001101,9602,0.0,-106.83529411764705,0.0,908100.0,1.0,0.6000000000000001,1.0
101000001010000001000101001010001101,2982,0.0,-106.83529411764705,0.0,908100.0,1.0,0.6000000000000001,1.0
101000001010000001000100100011000101,1352,0.0775922500725171,-93.1235218854189,0.38796125036258555,791549.9360260606,1.0,0.8,1.0
101000001010000001000101001001001101,7800,0.041948359047953375,-107.24706890037574,0.20974179523976688,911600.0856531938,1.0,0.8,1.0
101100001000000001000100001010100101,2014,0.2637069949074128,-127.33614667960046,0.8339849094967818,1083180.9818871724,0.8,1.0,0.9
101000001010000001000101001010001101,2860,0.0,-106.83529411764705,0.0,908100.0,1.0,0.6000000000000001,1.0
101000001010000001000101001001001101,2150,0.041948359047953375,-107.24706890037574,0.20974179523976688,911600.0856531938,1.0,0.8,1.0
101000001010000001000101001000001101,1804,0.0666666666666667,-116.5475935828877,0.3333333333333335,990654.5454545454,1.0,0.6000000000000001,1.0
111000001010010101001101011101011101,508,15.882652764181186,-80.01102990507826,0.1248650349912016,814884.0321292203,1.1102230246251565E-16,1.0,1.0
101001011011101101000011001000111111,478,15.888692764252909,-69.64242397825778,0.15506503534981042,726750.8817512462,1.1102230246251565E-16,0.9,1.0
101000001010000001000101001000001101,9082,0.0666666666666667,-116.5475935828877,0.3333333333333335,990654.5454545454,1.0,0.6000000000000001,1.0
111011001111110101101111001101011111,302,15.880920991496149,-74.83351738989349,0.1162061715660111,770875.1757501498,1.1102230246251565E-16,1.0,1.0
101000001010000001000100001000100111,2054,0.4147967324719607,-150.1279935634883,0.9647399142780217,1277973.6596613897,0.6000000000000001,0.9,0.8
001101011100010101011010011000100011,0,15.879316782642109,-54.43562756737762,0.10818512729581053,597493.1122587649,1.1102230246251565E-16,0.9,1.0
101000001010000001000101001001001101,4442,0.041948359047953375,-107.24706890037574,0.20974179523976688,911600.0856531938,1.0,0.8,1.0
111011111001110111101101110001011111,472,15.864400757261361,-66.25150676006328,0.03360500039207304,697928.085396593,1.1102230246251565E-16,1.0,1.0
101000001010000001000101001010001101,3112,0.0,-106.83529411764705,0.0,908100.0,1.0,0.6000000000000001,1.0
101000001010000001001100100111000101,1478,0.2326420013386188,-72.21804471866393,0.05396625861131232,615739.0944803824,0.6000000000000001,0.8,1.0
010111000111011100010000111010100010,348,15.878437045911435,-65.28740215452684,0.10378644364243783,689733.1962495332,1.1102230246251565E-16,1.0,1.0
101000001010000001000101001000001101,4670,0.0666666666666667,-116.5475935828877,0.3333333333333335,990654.5454545454,1.0,0.6000000000000001,1.0
101000001010000001000101001001001101,5212,0.041948359047953375,-107.24706890037574,0.20974179523976688,911600.0856531938,1.0,0.8,1.0
101100000101010011100110011010100110,0,15.96645183927953,-75.00759938679192,0.5438604104829219,772354.8727237864,1.1102230246251565E-16,1.0,0.9
001110111111110011101000000001000001,0,16.018978443380647,-21.19564536162081,0.806493430988505,314953.2635098319,1.1102230246251565E-16,1.0,0.9
101000001010000001000101001010001101,3546,0.0,-106.83529411764705,0.0,908100.0,1.0,0.6000000000000001,1.0
101000001010000001000101001001001101,3926,0.041948359047953375,-107.24706890037574,0.20974179523976688,911600.0856531938,1.0,0.8,1.0
101000001010000001000101001001001101,6016,0.041948359047953375,-107.24706890037574,0.20974179523976688,911600.0856531938,1.0,0.8,1.0
101000001010000001000101001000001101,9664,0.0666666666666667,-116.5475935828877,0.3333333333333335,990654.5454545454,1.0,0.6000000000000001,1.0
100010011110000000010000110000110101,0,16.057479757182946,15.857679472071425,0.999,0.0024234479415252428,1.1102230246251565E-16,0.9,0.9
111001011000001101011100111010110111,364,15.92887407432642,-81.70581078726043,0.355971585717367,829289.6696277688,1.1102230246251565E-16,1.0,0.9
101000001000000111001100110011000101,1274,0.33103488167790773,-99.77518807881702,0.5459306603077572,849974.8130416838,0.6000000000000001,1.0,0.9
101000001010000001000101001000001101,7140,0.0666666666666667,-116.5475935828877,0.3333333333333335,990654.5454545454,1.0,0.6000000000000001,1.0
101000001000100001000101101011001101,1664,0.25063693411831944,-87.26878051388871,0.1439409225098156,743670.3487397931,0.6000000000000001,0.9,1.0
101000001010000001000101001000001101,9172,0.0666666666666667,-116.5475935828877,0.3333333333333335,990654.5454545454,1.0,0.6000000000000001,1.0
101001001000100001000101101011001101,1854,15.88970172851264,-61.94647570583075,0.16010985664846378,661335.3214356165,1.1102230246251565E-16,0.9,1.0
101000001010000001000101001001001101,3964,0.041948359047953375,-107.24706890037574,0.20974179523976688,911600.0856531938,1.0,0.8,1.0
101010001010010001001101011101101111,762,15.900773323441108,-85.96842556631644,0.21546783129080793,865521.8952497449,1.1102230246251565E-16,1.0,1.0
101000001010000001000101001000001101,3410,0.0666666666666667,-116.5475935828877,0.3333333333333335,990654.5454545454,1.0,0.6000000000000001,1.0
101000001010000001000101001000001101,5704,0.0666666666666667,-116.5475935828877,0.3333333333333335,990654.5454545454,1.0,0.6000000000000001,1.0
101000001010000001000100001010000101,6250,0.13333333333333336,-128.20235294117646,0.6666666666666667,1089720.0,1.0,0.6000000000000001,0.9
101000001010000001000101001010001101,3080,0.0,-106.83529411764705,0.0,908100.0,1.0,0.6000000000000001,1.0
101000001010000001000101011001001101,1740,0.06817962315622605,-110.85650002651623,0.3408981157811303,942280.250225388,1.0,0.8,1.0
101000001010000001000101001000001101,2578,0.0666666666666667,-116.5475935828877,0.3333333333333335,990654.5454545454,1.0,0.6000000000000001,1.0
101000001010000001000101001001001101,1970,0.041948359047953375,-107.24706890037574,0.20974179523976688,911600.0856531938,1.0,0.8,1.0
101000001010000001000101001000001101,4702,0.0666666666666667,-116.5475935828877,0.3333333333333335,990654.5454545454,1.0,0.6000000000000001,1.0
101000001010000001000101001001001101,2332,0.041948359047953375,-107.24706890037574,0.20974179523976688,911600.0856531938,1.0,0.8,1.0
101000001011000001000101001011001101,2022,0.0,-93.98479615627477,0.0,798870.7673283356,1.0,1.0,1.0
101000001010000001000101001001001101,4910,0.041948359047953375,-107.24706890037574,0.20974179523976688,911600.0856531938,1.0,0.8,1.0
101000001010000111001100011010100111,1402,15.978557089086236,-104.2654138605062,0.6043866595164455,1021046.2957503578,1.1102230246251565E-16,1.0,0.9
101000001010000001000100001010000101,2914,0.13333333333333336,-128.20235294117646,0.6666666666666667,1089720.0,1.0,0.6000000000000001,0.9
101000001110000001000101001000001101,5050,0.06388547761548755,-107.76640085196549,0.31942738807743776,916014.4072417066,1.0,0.8,1.0
101000001000000101001100100011000101,1366,0.20718219397838505,-92.91408828545521,0.5513609048516432,790593.4855369377,0.8,1.0,0.9
101000001010000001000101001010001111,9556,0.4479400086720374,-121.69953898292458,0.2499999999999999,1037828.5714285712,0.40000000000000013,0.6000000000000001,1.0
101000001000000001001100010011000101,1254,0.34603010036538107,-95.92040938202537,0.6209067537451238,817209.1941189547,0.6000000000000001,0.8,0.9
101000001010000001000101001010001101,7090,0.0,-106.83529411764705,0.0,908100.0,1.0,0.6000000000000001,1.0
101000001010000001000101001010001101,3438,0.0,-106.83529411764705,0.0,908100.0,1.0,0.6000000000000001,1.0
101010001000000001000101001001001101,1778,0.08912586197027976,-115.36131642835052,0.4456293098513988,980571.1896409794,1.0,0.8,0.9
101100001000000001000101001001001101,3314,0.059638233451419186,-111.71373055770574,0.29819116725709593,949566.7097404988,1.0,0.8,0.9
101000001010000001000100001000100111,9322,0.4147967324719607,-150.1279935634883,0.9647399142780217,1277973.6596613897,0.6000000000000001,0.9,0.8
101000001000000001000100001011000101,1880,0.19999999999999996,-127.84335651403923,0.9999999999999998,1086668.5303693335,1.0,0.8,0.9
010010001010000000110100101010010011,114,15.949493865241427,-66.71707648009497,0.4590705402924057,701885.4280168624,1.1102230246251565E-16,1.0,0.9
111000001010000001000101001010001101,5562,0.4479400086720374,-121.69953898292458,0.2499999999999999,1037828.5714285712,0.40000000000000013,0.6000000000000001,1.0
101000001010000001000101001010001111,7716,0.4479400086720374,-121.69953898292458,0.2499999999999999,1037828.5714285712,0.40000000000000013,0.6000000000000001,1.0
101000001011000001000101001000001101,4676,0.06388547761548755,-107.76640085196549,0.31942738807743776,916014.4072417066,1.0,0.8,1.0
101000001010000001000101001001001101,6118,0.041948359047953375,-107.24706890037574,0.20974179523976688,911600.0856531938,1.0,0.8,1.0
101000001010000101001101110000011101,528,15.875981621056729,-66.80493711125904,0.09150931936891638,702632.2433817569,1.1102230246251565E-16,0.9,1.0
110001111010111110101111001101011111,232,15.886936080441583,-67.976119105172,0.14628161629318215,712587.2903300171,1.1102230246251565E-16,1.0,1.0
101000001010000001000101001000001101,4208,0.0666666666666667,-116.5475935828877,0.3333333333333335,990654.5454545454,1.0,0.6000000000000001,1.0
101100001000000001000101001001001101,8202,0.059638233451419186,-111.71373055770574,0.29819116725709593,949566.7097404988,1.0,0.8,0.9
101000001010000001000101001001001101,5420,0.041948359047953375,-107.24706890037574,0.20974179523976688,911600.0856531938,1.0,0.8,1.0
101000001010000001000101001000001101,8798,0.0666666666666667,-116.5475935828877,0.3333333333333335,990654.5454545454,1.0,0.6000000000000001,1.0
101000001010000001000001001000001101,2230,0.0,-85.46823529411763,0.0,726479.9999999999,1.0,0.5000000000000001,1.0
101000001010000001000101001001001101,4020,0.041948359047953375,-107.24706890037574,0.20974179523976688,911600.0856531938,1.0,0.8,1.0
101001001010010001000101001000101101,2008,15.877104668210979,-75.50390283305758,0.09712455514016116,776573.4520170445,1.1102230246251565E-16,0.9,1.0
101000001010000001000101001000101111,9216,0.3346408294505653,-131.1805332484501,0.563960399171045,1116920.246983565,0.6000000000000001,0.9,0.9
101000001010000001000100000000100111,2990,0.4128682636950428,-127.49071051906364,0.9550975703934326,1085556.75378378,0.6000000000000001,0.8,0.8
101000001010000001000101001010001101,7744,0.0,-106.83529411764705,0.0,908100.0,1.0,0.6000000000000001,1.0
101000001010000001000101001000001101,4150,0.0666666666666667,-116.5475935828877,0.3333333333333335,990654.5454545454,1.0,0.6000000000000001,1.0
101000001010000001010101001001001101,2142,0.2225674343951572,-91.9047903193872,0.0035934238940044105,783076.4320865303,0.6000000000000001,0.9,1.0
101000001010000001000101001001001101,6462,0.041948359047953375,-107.24706890037574,0.20974179523976688,911600.0856531938,1.0,0.8,1.0
100111010101101010101111111010101110,654,15.871829456581866,-56.90249586891596,0.0707484969945934,618461.4928218408,1.1102230246251565E-16,1.0,1.0
101000001010000001000101001010001101,9176,0.0,-106.83529411764705,0.0,908100.0,1.0,0.6000000000000001,1.0
101000001010000001000101001001001101,6928,0.041948359047953375,-107.24706890037574,0.20974179523976688,911600.0856531938,1.0,0.8,1.0
101000001000000101001000010011000101,1390,0.35392190990052186,-98.27397523602505,0.6603658014208276,837214.503877952,0.6000000000000001,0.9,1.0
111000001010000001000101001010001101,5124,0.4479400086720374,-121.69953898292458,0.2499999999999999,1037828.5714285712,0.40000000000000013,0.6000000000000001,1.0
101000001010000001000101001000001101,8926,0.0666666666666667,-116.5475935828877,0.3333333333333335,990654.5454545454,1.0,0.6000000000000001,1.0
101000001010000001000101001001001101,2442,0.041948359047953375,-107.24706890037574,0.20974179523976688,911600.0856531938,1.0,0.8,1.0
101000001010000001000101001010001101,6550,0.0,-106.83529411764705,0.0,908100.0,1.0,0.6000000000000001,1.0
101100001000000001000101001001001101,1868,0.059638233451419186,-111.71373055770574,0.29819116725709593,949566.7097404988,1.0,0.8,0.9
101000001010000001000101001010001101,2700,0.0,-106.83529411764705,0.0,908100.0,1.0,0.6000000000000001,1.0
101000001010000001000101011010001101,6074,0.13176048847918015,-110.51751319332918,0.17425237735561871,940222.5972538665,0.8,0.8,1.0
101000001010010101001111001000111111,402,15.927465360485117,-95.0721360113635,0.34892801651085215,942903.4340326448,1.1102230246251565E-16,1.0,1.0
101000001010000001000101001001001101,2112,0.041948359047953375,-107.24706890037574,0.20974179523976688,911600.0856531938,1.0,0.8,1.0
111000110011111111011011101101111100,0,15.97056578930617,-42.417300890753026,0.5644301606161097,495337.33550745575,1.1102230246251565E-16,1.0,0.9
101000001010000001000101001010001101,2242,0.0,-106.83529411764705,0.0,908100.0,1.0,0.6000000000000001,1.0
101111001010011111101111001101011101,294,15.876119683534807,-63.99288460546623,0.09219963175930146,678729.797082518,1.1102230246251565E-16,1.0,1.0
101000001010000001000101001000001101,2942,0.0666666666666667,-116.5475935828877,0.3333333333333335,990654.5454545454,1.0,0.6000000000000001,1.0
101000001010000001000101001001001101,6238,0.041948359047953375,-107.24706890037574,0.20974179523976688,911600.0856531938,1.0,0.8,1.0
101000000010010101101111001101111110,882,15.859756342605978,-63.77297246716482,0.010382927115158758,676860.5439069561,1.1102230246251565E-16,1.0,1.0
101100001000000001000101001010001101,3752,0.04194835904795333,-107.24706890037572,0.20974179523976666,911600.0856531936,1.0,0.8,1.0
101000001010000001000100001010000101,1898,0.13333333333333336,-128.20235294117646,0.6666666666666667,1089720.0,1.0,0.6000000000000001,0.9
101000001010000001000101001010001101,4704,0.0,-106.83529411764705,0.0,908100.0,1.0,0.6000000000000001,1.0
101000001010000001000100100011000101,1426,0.0775922500725171,-93.1235218854189,0.38796125036258555,791549.9360260606,1.0,0.8,1.0
101000001010000001000101001000101101,8906,0.08912586197027975,-118.97146877261662,0.4456293098513987,1011257.4845672413,1.0,0.9,0.9
101000001010000001000101001001001101,7830,0.041948359047953375,-107.24706890037574,0.20974179523976688,911600.0856531938,1.0,0.8,1.0
101000001010000001000100001010010101,6264,0.10614319495274875,-116.64299165180516,0.5307159747637438,991465.4290403438,1.0,0.8,0.9
101000001010000001000101001010001101,5992,0.0,-106.83529411764705,0.0,908100.0,1.0,0.6000000000000001,1.0
101100001000000001000101001000101101,7276,0.08912586197027972,-115.36131642835048,0.4456293098513986,980571.189640979,1.0,0.8,0.9
101000001010000001000101001001001101,7400,0.041948359047953375,-107.24706890037574,0.20974179523976688,911600.0856531938,1.0,0.8,1.0
101000011010000001000101011010001101,1994,15.88947919621605,-85.27642116980533,0.1589971951655098,859639.8578794004,1.1102230246251565E-16,1.0,1.0
101000011010000101001100010111100101,1496,15.937743980975144,-73.94032637333585,0.40032111896098965,763283.0521094098,1.1102230246251565E-16,1.0,1.0
101000001010000001000101001001001101,6848,0.041948359047953375,-107.24706890037574,0.20974179523976688,911600.0856531938,1.0,0.8,1.0
010010111010111110101111001100011011,238,15.88904050051804,-59.66551323993791,0.15680371667546766,641947.1404755273,1.1102230246251565E-16,1.0,1.0
101000001010000001000101001001001101,2506,0.041948359047953375,-107.24706890037574,0.20974179523976688,911600.0856531938,1.0,0.8,1.0
101000001000000001000101001010001101,8456,0.0666666666666667,-116.5475935828877,0.3333333333333335,990654.5454545454,1.0,0.6000000000000001,1.0
101000001010010101001101011101011101,1028,15.869409333306498,-70.07613738209243,0.05864788061775594,730437.4456838407,1.1102230246251565E-16,1.0,1.0
101000000111000001000101011001001100,1576,0.04392892070324548,-63.82176854183727,0.2196446035162274,542485.0326056168,1.0,1.0,1.0
111111010111011101010000111011110110,224,15.87614194758104,-60.25133809615325,0.09231095199047079,646926.6517533577,1.1102230246251565E-16,1.0,1.0
110111000111011100010000111001100110,316,15.904259183009621,-61.60804508421836,0.23289712913337446,658458.6611519111,1.1102230246251565E-16,1.0,0.9
101000001010000001000101001010001101,3792,0.0,-106.83529411764705,0.0,908100.0,1.0,0.6000000000000001,1.0
101000001010000001000101001001001101,7390,0.041948359047953375,-107.24706890037574,0.20974179523976688,911600.0856531938,1.0,0.8,1.0
101000001010000001000101001000101101,2100,0.08912586197027975,-118.97146877261662,0.4456293098513987,1011257.4845672413,1.0,0.9,0.9
101000001010000001000101001001001101,8010,0.041948359047953375,-107.24706890037574,0.20974179523976688,911600.0856531938,1.0,0.8,1.0
001111001010100001110000111010100001,240,15.931748401583556,-39.83559398354349,0.3703432220030478,473392.82679617475,1.1102230246251565E-16,1.0,1.0
101000001010000001000100001000000101,2064,0.2,-142.4470588235294,1.0,1210800.0,1.0,0.6000000000000001,0.9
101000001011000001000100001000100101,1978,0.19133806672262624,-130.5500109647994,0.9566903336131312,1109675.0932007951,1.0,1.0,0.9
101000001010000001000101001010001101,6826,0.0,-106.83529411764705,0.0,908100.0,1.0,0.6000000000000001,1.0
101000001000000001000101001010001101,7268,0.0666666666666667,-116.5475935828877,0.3333333333333335,990654.5454545454,1.0,0.6000000000000001,1.0
111000001000000001000101001001001101,9634,0.32184874961635634,-127.20751547916896,0.5,1083149.5959446752,0.6000000000000001,0.6000000000000001,0.9
101000001010000001000101001000001101,4540,0.0666666666666667,-116.5475935828877,0.3333333333333335,990654.5454545454,1.0,0.6000000000000001,1.0
101000001010000001000101001000001101,5006,0.0666666666666667,-116.5475935828877,0.3333333333333335,990654.5454545454,1.0,0.6000000000000001,1.0
101000001010000001000101001001001101,4034,0.041948359047953375,-107.24706890037574,0.20974179523976688,911600.0856531938,1.0,0.8,1.0
101000001010010001000101001010101111,1332,15.88509135682768,-93.92780837535373,0.13705799822366782,933176.6491265618,1.1102230246251565E-16,0.9,1.0
101000001010000001000101001010001101,5798,0.0,-106.83529411764705,0.0,908100.0,1.0,0.6000000000000001,1.0
101000001010000001001100010001000111,1150,0.5203959733943485,-110.7636428302244,0.6122798236115554,944873.4541306196,0.40000000000000013,0.8,0.9
101000001010000001000101001001001101,2966,0.041948359047953375,-107.24706890037574,0.20974179523976688,911600.0856531938,1.0,0.8,1.0
101000001010000001000101001001001111,6290,0.3022009598245817,-121.79168921608897,0.40176105104112725,1037115.0727084953,0.6000000000000001,0.8,0.9
101000001010000001000101001010001101,4742,0.0,-106.83529411764705,0.0,908100.0,1.0,0.6000000000000001,1.0
101000001001000101000101001010101101,1590,0.32389527854920674,-114.92421783058577,0.5102326446642523,978741.5659317181,0.6000000000000001,1.0,0.9
101000001010000001000101001001001101,5756,0.041948359047953375,-107.24706890037574,0.20974179523976688,911600.0856531938,1.0,0.8,1.0
000000100000101010010011010011001010,0,15.874154966226822,-41.8231681111845,0.08237604521937358,490287.2068811233,1.1102230246251565E-16,1.0,0.9
101000001010000001000101001001001101,5210,0.041948359047953375,-107.24706890037574,0.20974179523976688,911600.0856531938,1.0,0.8,1.0
010111000101011100110000111011110010,194,15.903580666308855,-64.14980219197432,0.22950454562953793,680063.5965678368,1.1102230246251565E-16,1.0,1.0
101000001000000001000101001010101101,1550,0.18603587497833612,-118.87455875960856,0.4456293098513987,1011257.4845672413,0.8,0.9,0.9
101000001010000001000101001000001101,3374,0.0666666666666667,-116.5475935828877,0.3333333333333335,990654.5454545454,1.0,0.6000000000000001,1.0
101000001010000001000101001001101101,7442,0.16508963616428238,-110.75959001350815,0.34089811578112994,942280.2502253877,0.8,0.9,1.0
101000001010000001000101001000001101,8670,0.0666666666666667,-116.5475935828877,0.3333333333333335,990654.5454545454,1.0,0.6000000000000001,1.0
101000001010000001000101001010001101,7126,0.0,-106.83529411764705,0.0,908100.0,1.0,0.6000000000000001,1.0
101000001010000001000101001001001101,5044,0.041948359047953375,-107.24706890037574,0.20974179523976688,911600.0856531938,1.0,0.8,1.0
101000001010000001000101001000001101,3906,0.0666666666666667,-116.5475935828877,0.3333333333333335,990654.5454545454,1.0,0.6000000000000001,1.0
111011001111110001101111001101111111,340,15.882750279576994,-75.99034390228171,0.1253526119702384,780708.2011054496,1.1102230246251565E-16,1.0,1.0
101000001010000001000101001010001101,9262,0.0,-106.83529411764705,0.0,908100.0,1.0,0.6000000000000001,1.0
101000101000000001000100000010000101,1552,0.22985408605678237,-85.18735512429264,0.6647203652436298,724916.2536670559,0.8,0.40000000000000013,0.9
101000001000000001000101001010001101,8640,0.0666666666666667,-116.5475935828877,0.3333333333333335,990654.5454545454,1.0,0.6000000000000001,1.0
101000001010000001000101001001001101,7392,0.041948359047953375,-107.24706890037574,0.20974179523976688,911600.0856531938,1.0,0.8,1.0
101000001010000001000100001000000101,8578,0.2,-142.4470588235294,1.0,1210800.0,1.0,0.6000000000000001,0.9
101000001010000001000101001000001101,2396,0.0666666666666667,-116.5475935828877,0.3333333333333335,990654.5454545454,1.0,0.6000000000000001,1.0
111000001010000101000101101011001101,1478,0.7662060224776422,-111.28189063803671,0.3361800907081186,951837.3154601682,0.20000000000000018,1.0,1.0
101000001000000001000101001010001101,8786,0.0666666666666667,-116.5475935828877,0.3333333333333335,990654.5454545454,1.0,0.6000000000000001,1.0
101000001010000001000101001010001101,9970,0.0,-106.83529411764705,0.0,908100.0,1.0,0.6000000000000001,1.0
101000001010000001000101001001001101,1784,0.041948359047953375,-107.24706890037574,0.20974179523976688,911600.0856531938,1.0,0.8,1.0
101000001010000001000101001000001101,7030,0.0666666666666667,-116.5475935828877,0.3333333333333335,990654.5454545454,1.0,0.6000000000000001,1.0
101000001010000101001100010011000101,1472,0.480768486320556,-98.12549820184395,0.41414238824259286,837449.2247893859,0.40000000000000013,1.0,1.0
101000001010000001000101000010001101,8508,0.10000000000000005,-77.69839572192512,0.5000000000000002,660436.3636363635,1.0,0.6000000000000001,1.0
101000001011000001000101001001001101,1640,0.04026063910666933,-100.315067676658,0.20130319553334663,852678.075251593,1.0,1.0,1.0
101000001011000001000101001010001101,3468,0.0,-99.73265363667954,0.0,847727.5559117761,1.0,0.8,1.0
101000001010000001000101001010001101,4228,0.0,-106.83529411764705,0.0,908100.0,1.0,0.6000000000000001,1.0
101000001000000001000000100011000111,1344,0.8693080351935626,-111.85936114371802,0.8516901542877202,956745.8147584593,0.20000000000000018,0.5000000000000001,0.9
101000001010000001000101001010001101,8686,0.0,-106.83529411764705,0.0,908100.0,1.0,0.6000000000000001,1.0
101000001000000001000100001010100101,1740,0.2879295270867429,-138.98195279926247,0.9550975703934326,1182170.3339042994,0.8,0.9,0.8
101000001010000001000101001000001101,9948,0.0666666666666667,-116.5475935828877,0.3333333333333335,990654.5454545454,1.0,0.6000000000000001,1.0
111011001011111111111111001010101111,792,15.857679757182947,-72.10289311167219,2.220446049250313E-16,747664.8693852687,1.1102230246251565E-16,1.0,1.0
101000001010000001000101001001001101,3240,0.041948359047953375,-107.24706890037574,0.20974179523976688,911600.0856531938,1.0,0.8,1.0
101000001010000001000101001001001101,7104,0.041948359047953375,-107.24706890037574,0.20974179523976688,911600.0856531938,1.0,0.8,1.0
101000001000000001000101001010001101,9416,0.0666666666666667,-116.5475935828877,0.3333333333333335,990654.5454545454,1.0,0.6000000000000001,1.0
111001011111101101011111000010101111,1384,15.877024766826475,-65.06479059475755,0.09672504821764072,687840.9979914943,1.1102230246251565E-16,1.0,1.0
101010001011110101101001011010111111,592,15.857720306951009,-67.15648015926065,2.0274884031579177E-4,705620.3592897706,1.1102230246251565E-16,1.0,1.0
101000001010000001000101001001001101,2514,0.041948359047953375,-107.24706890037574,0.20974179523976688,911600.0856531938,1.0,0.8,1.0
111011001010010011101111000001101111,636,15.90380715986979,-85.40213932045694,0.23063701343422094,860708.4621599391,1.1102230246251565E-16,1.0,1.0
101000001010000001000101001001001101,6916,0.041948359047953375,-107.24706890037574,0.20974179523976688,911600.0856531938,1.0,0.8,1.0
010001001101111110101111111001011001,314,15.857679757182947,-58.207872102164146,1.1102230246251565E-16,629557.1908044503,1.1102230246251565E-16,1.0,1.0
101000001010000001000101001001001101,2994,0.041948359047953375,-107.24706890037574,0.20974179523976688,911600.0856531938,1.0,0.8,1.0
101000001010000001000101001000001101,4944,0.0666666666666667,-116.5475935828877,0.3333333333333335,990654.5454545454,1.0,0.6000000000000001,1.0
101000001010000001000101001011001101,5498,0.0,-99.73265363667957,0.0,847727.5559117764,1.0,0.8,1.0
101000001010000001000101001000001101,9332,0.0666666666666667,-116.5475935828877,0.3333333333333335,990654.5454545454,1.0,0.6000000000000001,1.0
101000001010000001001100110011010101,572,15.861102639846774,-65.02850026574828,0.01711441331913066,687532.5301949155,1.1102230246251565E-16,0.8,1.0
101000001010000001000101001000001101,5048,0.0666666666666667,-116.5475935828877,0.3333333333333335,990654.5454545454,1.0,0.6000000000000001,1.0
101000001010000011000110001010100111,1376,16.0129342271652,-124.26436247534386,0.7762723499112733,1191037.3589764778,1.1102230246251565E-16,1.0,0.9
101000001010000001000100000010010101,1646,0.06177726646469197,-86.80894004935422,0.30888633232345986,737875.9904195109,1.0,0.8,1.0
101000001111110101000111001010101111,1008,15.906510063854817,-88.51943738590046,0.24415153335935602,887205.4957162089,1.1102230246251565E-16,1.0,1.0
101000001010000001000101001001001101,5054,0.041948359047953375,-107.24706890037574,0.20974179523976688,911600.0856531938,1.0,0.8,1.0
101000001010000001000101001010001101,8972,0.0,-106.83529411764705,0.0,908100.0,1.0,0.6000000000000001,1.0
101100001000000001000101001001001101,3978,0.059638233451419186,-111.71373055770574,0.29819116725709593,949566.7097404988,1.0,0.8,0.9
101000001010000001001100100011000101,1234,0.09691001300805639,-79.55819336821627,0.0,677068.3787404067,0.8,0.8,1.0
101000001010000001000100001000000111,4870,0.4218487496163563,-155.1749426942339,1.0,1320872.727272727,0.6000000000000001,0.6000000000000001,0.8
101110001010110101000000100001000111,324,15.955622238746018,-79.881302584155,0.4897124078153551,813781.3499013726,1.1102230246251565E-16,1.0,1.0
101000001010000001000101001001001101,6646,0.041948359047953375,-107.24706890037574,0.20974179523976688,911600.0856531938,1.0,0.8,1.0
010110001011001100111011001000011001,248,15.899604265915551,-46.69337189870011,0.2096225436630197,531683.9390750059,1.1102230246251565E-16,1.0,1.0
101010001000000001010101001101011101,1934,0.7537890194982426,-88.26164368481491,0.27409507581112047,756165.216357783,0.20000000000000018,1.0,0.9
101000001001000001000101101001001101,1720,0.06132704598304932,-97.85030257049368,0.3066352299152466,831727.5718491963,1.0,1.0,0.9
101000001010000001000100001010100101,1838,0.23323684164849423,-127.61564925567194,0.6816341432021892,1085556.75378378,0.8,0.9,0.9
101100001000000001000101001001001101,3716,0.059638233451419186,-111.71373055770574,0.29819116725709593,949566.7097404988,1.0,0.8,0.9
101000001010000001000110100011000101,1574,0.8107775206514015,-109.85922688242911,0.5590375815769151,939744.6735375036,0.20000000000000018,0.8,0.9
010111000111011100010111001100001010,166,15.907364437699306,-66.91483493211173,0.24842340258179152,703566.3748590047,1.1102230246251565E-16,1.0,1.0
101000001010000001001111001010101101,1490,15.88509135682768,-93.92780837535372,0.1370579982236676,933176.6491265617,1.1102230246251565E-16,0.9,1.0
101000001010000001000101001001001101,4496,0.041948359047953375,-107.24706890037574,0.20974179523976688,911600.0856531938,1.0,0.8,1.0
101111001010010101001100111010010111,348,15.896974896400653,-81.39681437882251,0.19647569608853777,826663.2001560464,1.1102230246251565E-16,1.0,1.0
101000001010000001000101001010001101,2744,0.0,-106.83529411764705,0.0,908100.0,1.0,0.6000000000000001,1.0
101000001010000001000101001001001101,3368,0.041948359047953375,-107.24706890037574,0.20974179523976688,911600.0856531938,1.0,0.8,1.0
101000001010000001000101001000001101,2652,0.0666666666666667,-116.5475935828877,0.3333333333333335,990654.5454545454,1.0,0.6000000000000001,1.0
100000001010000000000101101011001101,1538,0.13034127733599138,-108.13481570197507,0.6517063866799568,919145.9334667881,1.0,0.8,0.9
101000001010000001000101001010001101,5870,0.0,-106.83529411764705,0.0,908100.0,1.0,0.6000000000000001,1.0
101000001010000001000101001001001101,7014,0.041948359047953375,-107.24706890037574,0.20974179523976688,911600.0856531938,1.0,0.8,1.0
101000001010000001000101001010001101,2164,0.0,-106.83529411764705,0.0,908100.0,1.0,0.6000000000000001,1.0
101000001010000001000101001000011101,7580,0.0638854776154876,-107.76640085196551,0.319427388077438,916014.4072417069,1.0,0.8,1.0
101000001110000001000100001001000101,2140,0.1713985018037023,-116.7317083296039,0.8569925090185115,992219.5208016332,1.0,1.0,0.9
101000001000000001000100001010000101,6054,0.2,-142.4470588235294,1.0,1210800.0,1.0,0.6000000000000001,0.9
101000001010000001000101001001001101,5382,0.041948359047953375,-107.24706890037574,0.20974179523976688,911600.0856531938,1.0,0.8,1.0
001010001111110001010000010000000011,0,16.057479757182946,15.857679468741107,0.999,0.002451755629069646,1.1102230246251565E-16,0.9,1.0
101000001010000001000101001001001101,5346,0.041948359047953375,-107.24706890037574,0.20974179523976688,911600.0856531938,1.0,0.8,1.0
101000001010000001000101001010001101,6434,0.0,-106.83529411764705,0.0,908100.0,1.0,0.6000000000000001,1.0
110001111010111110101111001101011101,280,15.862866650679639,-61.361576634045434,0.02593446748345951,656363.6793254412,1.1102230246251565E-16,1.0,1.0
111010001010010001001101011101011101,506,15.88200562429814,-79.81661646797457,0.121629335575969,813231.517913839,1.1102230246251565E-16,1.0,1.0
101000001010000001001100100011000101,1454,0.09691001300805639,-79.55819336821627,0.0,677068.3787404067,0.8,0.8,1.0
101000001010000001000101001001001101,7932,0.041948359047953375,-107.24706890037574,0.20974179523976688,911600.0856531938,1.0,0.8,1.0
100100001001000000000101001000001101,4014,0.17033803085754406,-122.95303850964532,0.8516901542877203,1045100.8273319852,1.0,0.8,0.8
001000001000000001000101001110101001,1628,0.12383473679203354,-60.72360062520368,0.13462361891988572,516974.34042479977,0.8,0.7000000000000001,1.0
101100001000000101100101001010011101,2068,15.918155122267239,-81.05577923073474,0.3023768254214618,823764.4013973004,1.1102230246251565E-16,1.0,1.0
100000001011000000000101001011001101,1862,0.10187270640876125,-108.13481570197509,0.5093635320438062,919145.9334667883,1.0,1.0,0.9
101000001000000011000101001010001101,9250,0.04194835904795333,-107.24706890037574,0.20974179523976666,911600.0856531938,1.0,0.8,1.0
101000001010000001000101001001001101,3894,0.041948359047953375,-107.24706890037574,0.20974179523976688,911600.0856531938,1.0,0.8,1.0
101000101010000001000101101010001101,1566,0.13560460284758172,-86.27468687033294,0.1934729491976266,734158.5735083985,0.8,0.9,1.0
101000001010000001000101001010001101,7050,0.0,-106.83529411764705,0.0,908100.0,1.0,0.6000000000000001,1.0
101000001010000001000101001010001101,3566,0.0,-106.83529411764705,0.0,908100.0,1.0,0.6000000000000001,1.0
110110000110011110101101001100001100,0,15.860643180820864,-49.40480873443275,0.014817118189582645,554731.1521787335,1.1102230246251565E-16,1.0,1.0
101000001110000001000100001010100101,1644,0.23518663607804552,-118.00058416241924,0.6913831153499457,1003828.7004911321,0.8,1.0,0.9
101000001010000001000101001000001101,4812,0.0666666666666667,-116.5475935828877,0.3333333333333335,990654.5454545454,1.0,0.6000000000000001,1.0
101000001010000101001100000000000111,1012,0.8442773188977699,-109.07147779500701,0.7265365728087567,933048.8062944157,0.20000000000000018,0.8,0.9
101000001010000001000101001000001101,3568,0.0666666666666667,-116.5475935828877,0.3333333333333335,990654.5454545454,1.0,0.6000000000000001,1.0
101000001000000001000101001001001101,1814,0.06666666666666668,-112.31816562798068,0.33333333333333337,954704.4078378357,1.0,0.6000000000000001,0.9
111011011110111111101111001101011111,326,15.868943360948874,-69.36848743480546,0.056318018829635275,724422.4211319014,1.1102230246251565E-16,1.0,1.0
101000001010000001000101001010001101,3150,0.0,-106.83529411764705,0.0,908100.0,1.0,0.6000000000000001,1.0
101000001010000001000001001000001101,8056,0.0,-85.46823529411763,0.0,726479.9999999999,1.0,0.5000000000000001,1.0
101000001010000001000101001001001101,6198,0.041948359047953375,-107.24706890037574,0.20974179523976688,911600.0856531938,1.0,0.8,1.0
101000001010000001000101001001001101,2106,0.041948359047953375,-107.24706890037574,0.20974179523976688,911600.0856531938,1.0,0.8,1.0
101000001010000001000101001000011101,3938,0.0638854776154876,-107.76640085196551,0.319427388077438,916014.4072417069,1.0,0.8,1.0
101000001010000001000101101011111101,1614,0.7288032750933231,-93.40375606245075,0.14916635378652288,799873.1715676875,0.20000000000000018,0.9,1.0
101000001010000001000101001001001101,7056,0.041948359047953375,-107.24706890037574,0.20974179523976688,911600.0856531938,1.0,0.8,1.0
111111001010000101101111001010101111,610,15.927067971268476,-95.67810745252538,0.34694107042764877,948054.1912825208,1.1102230246251565E-16,1.0,1.0
101000001010000001000101001001001101,2728,0.041948359047953375,-107.24706890037574,0.20974179523976688,911600.0856531938,1.0,0.8,1.0
101100001000000001000100001011000101,1866,0.1686823971659396,-121.15824328788861,0.843411985829698,1029845.0679470532,1.0,1.0,0.9
101000001010000001011100110011000101,1332,0.7125808170394657,-74.54032091545187,0.0680540635172362,639533.9728181971,0.20000000000000018,0.9,1.0
111000001010010101001001001010101111,1256,15.868265178597019,-81.90702932480988,0.05292710707035808,831000.0271969391,1.1102230246251565E-16,1.0,1.0
101100001010000001000101001000001101,3006,0.07161032819040933,-107.24706890037572,0.35805164095204667,911600.0856531936,1.0,0.8,1.0
101000001010000001000101001000001101,2486,0.0666666666666667,-116.5475935828877,0.3333333333333335,990654.5454545454,1.0,0.6000000000000001,1.0
101000001010000001000101001000001101,4756,0.0666666666666667,-116.5475935828877,0.3333333333333335,990654.5454545454,1.0,0.6000000000000001,1.0
101101001010000111001100010011010101,1098,15.874113360776478,-66.65286035177562,0.08216801796765971,701339.5909261478,1.1102230246251565E-16,1.0,1.0
101000001010000001000101001001001101,6280,0.041948359047953375,-107.24706890037574,0.20974179523976688,911600.0856531938,1.0,0.8,1.0
101000001010000001000101101111001101,1602,0.09691001300805643,-89.14093709394263,2.220446049250313E-16,758521.7004090808,0.8,0.8,1.0
100101011001110100101001011010111111,256,15.889048641123498,-64.97332814895911,0.15684441970276164,687063.5672022075,1.1102230246251565E-16,1.0,1.0
101000001010000001001100100011000101,1414,0.09691001300805639,-79.55819336821627,0.0,677068.3787404067,0.8,0.8,1.0
101000001010000001000101001000001101,5370,0.0666666666666667,-116.5475935828877,0.3333333333333335,990654.5454545454,1.0,0.6000000000000001,1.0
100011101000101010010011010011001111,234,15.903524453579335,-64.40134290715423,0.2292234819819402,682201.6926468661,1.1102230246251565E-16,1.0,1.0
101000001010000001000101001000001101,8910,0.0666666666666667,-116.5475935828877,0.3333333333333335,990654.5454545454,1.0,0.6000000000000001,1.0
111011011110011111101111101101011111,352,15.884039409079197,-73.32733828427587,0.13179825948125168,758072.6533523999,1.1102230246251565E-16,1.0,1.0
101001001010000001000101001001001101,2132,0.42018648552887944,-91.96839073192871,0.11123238428421,785113.8112951063,0.40000000000000013,0.8,1.0
101100001100000001000101001010001101,6100,0.13717065211472562,-100.21815766364989,0.2013031955333462,852678.0752515926,0.8,0.8,1.0
101000001010000001000101001000001101,3676,0.0666666666666667,-116.5475935828877,0.3333333333333335,990654.5454545454,1.0,0.6000000000000001,1.0
100000001010000000000101001001001101,6302,0.17033803085754406,-127.84335651403923,0.8516901542877203,1086668.5303693335,1.0,0.8,0.9
101000001010000001000101001000001101,8890,0.0666666666666667,-116.5475935828877,0.3333333333333335,990654.5454545454,1.0,0.6000000000000001,1.0
101000001010000001000101001010001101,4176,0.0,-106.83529411764705,0.0,908100.0,1.0,0.6000000000000001,1.0
101000001010000001000101001001001101,4958,0.041948359047953375,-107.24706890037574,0.20974179523976688,911600.0856531938,1.0,0.8,1.0
111000001010111001001100110011000111,1146,15.863525340776537,-68.87114434172503,0.0292279179679511,720195.0048407178,1.1102230246251565E-16,0.9,1.0
111011001010011011101111110001001111,782,15.884386834996475,-75.92843363784063,0.13353538906763796,780181.9638577003,1.1102230246251565E-16,1.0,1.0
101000001010000001000101001010001101,5032,0.0,-106.83529411764705,0.0,908100.0,1.0,0.6000000000000001,1.0
101001001010000101101111001101011101,600,15.858452956120042,-71.4745332949929,0.003865994685470997,742323.8109434947,1.1102230246251565E-16,1.0,1.0
101000001010000001000101001010001101,9266,0.0,-106.83529411764705,0.0,908100.0,1.0,0.6000000000000001,1.0
101000001010000001000101001010001101,9446,0.0,-106.83529411764705,0.0,908100.0,1.0,0.6000000000000001,1.0
101000001010000001000101001000001101,6714,0.0666666666666667,-116.5475935828877,0.3333333333333335,990654.5454545454,1.0,0.6000000000000001,1.0
111010000010011111101111010011011110,796,15.872902071116764,-69.68840875225199,0.07611156966908394,727141.752330197,1.1102230246251565E-16,1.0,1.0
101000001010000001000101001010001101,4246,0.0,-106.83529411764705,0.0,908100.0,1.0,0.6000000000000001,1.0
101000001010000001000101001000011101,5020,0.0638854776154876,-107.76640085196551,0.319427388077438,916014.4072417069,1.0,0.8,1.0
101000001010000001000101001010001101,2428,0.0,-106.83529411764705,0.0,908100.0,1.0,0.6000000000000001,1.0
101000001010000001000101001010001101,3308,0.0,-106.83529411764705,0.0,908100.0,1.0,0.6000000000000001,1.0
101000001010000001000101001001001101,4732,0.041948359047953375,-107.24706890037574,0.20974179523976688,911600.0856531938,1.0,0.8,1.0
101000001010000001000101001000001101,2526,0.0666666666666667,-116.5475935828877,0.3333333333333335,990654.5454545454,1.0,0.6000000000000001,1.0
111100110100100001101100011000110100,110,15.879736167351952,-48.32106694961996,0.11028205084502352,545519.3470078247,1.1102230246251565E-16,1.0,0.9
101000001000000001000101001011001101,1588,0.07161032819040929,-107.24706890037574,0.35805164095204645,911600.0856531938,1.0,0.8,1.0
111000001010000001000101001010001101,8844,0.4479400086720374,-121.69953898292458,0.2499999999999999,1037828.5714285712,0.40000000000000013,0.6000000000000001,1.0
001101001010100001110100111010110011,126,15.894454224599134,-49.14631679325876,0.18387233708093342,552533.9706787546,1.1102230246251565E-16,1.0,1.0
101111001010111111101111001010101111,408,15.866832863838601,-70.19105352759527,0.04576553327827204,731414.2329206149,1.1102230246251565E-16,1.0,1.0
010010111010110010010100111010010011,290,15.866071387605183,-47.95860708222226,0.04195815211118581,542438.4381349442,1.1102230246251565E-16,1.0,0.9
101000001010000001000101001010001101,8610,0.0,-106.83529411764705,0.0,908100.0,1.0,0.6000000000000001,1.0
101000001010000001000101001001001101,6352,0.041948359047953375,-107.24706890037574,0.20974179523976688,911600.0856531938,1.0,0.8,1.0
101000001010000001000101001000001101,9062,0.0666666666666667,-116.5475935828877,0.3333333333333335,990654.5454545454,1.0,0.6000000000000001,1.0
101000001010000001000101001001001101,5348,0.041948359047953375,-107.24706890037574,0.20974179523976688,911600.0856531938,1.0,0.8,1.0
101000001010000001000101001000001101,6592,0.0666666666666667,-116.5475935828877,0.3333333333333335,990654.5454545454,1.0,0.6000000000000001,1.0
101000001010000101001111010011011111,400,15.913730815717418,-90.07382246284672,0.28025529267236093,900417.7688702522,1.1102230246251565E-16,1.0,1.0
101000001010000001000101001001001101,3600,0.041948359047953375,-107.24706890037574,0.20974179523976688,911600.0856531938,1.0,0.8,1.0
101110001010111111101111001100011101,378,15.860070700818405,-64.37859053900645,0.011954718177290546,682008.2975176099,1.1102230246251565E-16,1.0,1.0
101000001010000001000101001001001101,4408,0.041948359047953375,-107.24706890037574,0.20974179523976688,911600.0856531938,1.0,0.8,1.0
101000001010000001000101001010001101,8818,0.0,-106.83529411764705,0.0,908100.0,1.0,0.6000000000000001,1.0
101000001010000001000101001010001101,5080,0.0,-106.83529411764705,0.0,908100.0,1.0,0.6000000000000001,1.0
101000001010000001000101001001001101,3938,0.041948359047953375,-107.24706890037574,0.20974179523976688,911600.0856531938,1.0,0.8,1.0
101000001010000001000101001000001101,2222,0.0666666666666667,-116.5475935828877,0.3333333333333335,990654.5454545454,1.0,0.6000000000000001,1.0
101000001010000001000101001010001101,8636,0.0,-106.83529411764705,0.0,908100.0,1.0,0.6000000000000001,1.0
101000001010000001000100011001000101,2158,0.16679698189935638,-127.43305669260855,0.833984909496782,1083180.9818871727,1.0,0.8,0.9
101010001010000011001100010111100101,992,15.945799701880802,-81.61907116288481,0.44059972348927734,828552.382820576,1.1102230246251565E-16,1.0,1.0
101100001010000001000100001010000101,6082,0.1277709552309751,-117.20782230978863,0.6388547761548755,996266.4896332034,1.0,0.8,0.9
111000001010000001000000001001100101,2040,0.8673350663435769,-113.7821527642565,0.8418253100377922,973089.5435330364,0.20000000000000018,0.9,0.9
101000001010000001000101011001001101,1680,0.06817962315622605,-110.85650002651623,0.3408981157811303,942280.250225388,1.0,0.8,1.0
101000001010000001000101001000001101,6254,0.0666666666666667,-116.5475935828877,0.3333333333333335,990654.5454545454,1.0,0.6000000000000001,1.0
101000001010100001000100001000000101,3754,0.251891608494234,-115.63011428330236,0.7749079774308878,983679.7065186385,0.8,0.7000000000000001,0.9
101100001001000001000110000011000101,1450,0.8713114304185949,-107.78221964614893,0.8617071304128824,922090.1120291221,0.20000000000000018,1.0,0.9
101000001010000001000101001000001101,6458,0.0666666666666667,-116.5475935828877,0.3333333333333335,990654.5454545454,1.0,0.6000000000000001,1.0
101000001010000001000101001010001101,9522,0.0,-106.83529411764705,0.0,908100.0,1.0,0.6000000000000001,1.0
101000001010000001000101000001001101,2266,0.0,-90.38667958664618,0.0,768286.7764864926,1.0,0.8,1.0
101000001010000001000101001001001101,5692,0.041948359047953375,-107.24706890037574,0.20974179523976688,911600.0856531938,1.0,0.8,1.0
101000001010000001000101001010001101,9452,0.0,-106.83529411764705,0.0,908100.0,1.0,0.6000000000000001,1.0
100111010101101010101111111010101110,538,15.871829456581866,-56.90249586891596,0.0707484969945934,618461.4928218408,1.1102230246251565E-16,1.0,1.0
101000001000000001000101001001001101,1892,0.06666666666666668,-112.31816562798068,0.33333333333333337,954704.4078378357,1.0,0.6000000000000001,0.9
101000001010000001000101001001001101,3564,0.041948359047953375,-107.24706890037574,0.20974179523976688,911600.0856531938,1.0,0.8,1.0
101000001010000001000101001000001101,6446,0.0666666666666667,-116.5475935828877,0.3333333333333335,990654.5454545454,1.0,0.6000000000000001,1.0
101000001010000001000110001001000101,6768,0.8765153874311333,-140.9716388426892,0.887726915475574,1204200.1751997145,0.20000000000000018,0.8,0.8
101000001011000001000101001000001101,5564,0.06388547761548755,-107.76640085196549,0.31942738807743776,916014.4072417066,1.0,0.8,1.0
101000001010000001000101001001001101,4730,0.041948359047953375,-107.24706890037574,0.20974179523976688,911600.0856531938,1.0,0.8,1.0
101000001010000001000101001010001101,3372,0.0,-106.83529411764705,0.0,908100.0,1.0,0.6000000000000001,1.0
101000001000000001000000001001000101,1802,0.2,-101.5760233093165,1.0,863396.1981291902,1.0,0.30000000000000016,0.8
101010001010010001000100001000100111,7354,16.014767019955425,-116.97814642747593,0.7854363138623996,1129104.5225696005,1.1102230246251565E-16,1.0,0.9
101000001010000001000101001001001101,3950,0.041948359047953375,-107.24706890037574,0.20974179523976688,911600.0856531938,1.0,0.8,1.0
101000001010000001000101001010001101,4084,0.0,-106.83529411764705,0.0,908100.0,1.0,0.6000000000000001,1.0
101000001001000101001100010011000101,1412,0.8401278700278567,-97.13705145695988,0.7057893284591912,831606.1824210151,0.20000000000000018,1.0,0.9
101000001010000001000101001010001101,8596,0.0,-106.83529411764705,0.0,908100.0,1.0,0.6000000000000001,1.0
101000001010010001000111001010001111,952,15.897679757182946,-102.84820259575824,0.20000000000000018,1009000.0000000001,1.1102230246251565E-16,0.6000000000000001,1.0
101000001010000001000101001010001101,5180,0.0,-106.83529411764705,0.0,908100.0,1.0,0.6000000000000001,1.0
101000001000000001000101001010001111,9236,0.49794000867203747,-131.09165275150895,0.5,1117661.5384615383,0.40000000000000013,0.6000000000000001,0.9
001110101010011011111100010001000011,0,15.930221969382224,-37.069028546924926,0.36271106099638595,449877.0205849169,1.1102230246251565E-16,1.0,1.0
101100001010000001000100001011000101,1824,0.11927646690283833,-111.71373055770573,0.5963823345141916,949566.7097404987,1.0,1.0,0.9
101000001010000001001100001001000101,1570,0.3279919445691051,-107.02522015075938,0.5307159747637438,911600.0856531938,0.6000000000000001,0.8,0.9
101000011010000001000101001001001101,1680,0.7366431571377758,-96.55950177751605,0.18836576400878635,826697.0101457426,0.20000000000000018,1.0,1.0
101000001010000001000101001001001101,2398,0.041948359047953375,-107.24706890037574,0.20974179523976688,911600.0856531938,1.0,0.8,1.0
101100001000000001000101001001001101,1778,0.059638233451419186,-111.71373055770574,0.29819116725709593,949566.7097404988,1.0,0.8,0.9
111011011111110101101111001101011111,278,15.879982887836663,-72.34918316672568,0.11151565326858148,749758.3348532234,1.1102230246251565E-16,1.0,1.0
101000001010000001000101001010001101,3642,0.0,-106.83529411764705,0.0,908100.0,1.0,0.6000000000000001,1.0
101000001010000001000101001010001101,6564,0.0,-106.83529411764705,0.0,908100.0,1.0,0.6000000000000001,1.0
101000001010000001000101001010001101,9362,0.0,-106.83529411764705,0.0,908100.0,1.0,0.6000000000000001,1.0
101000001010000001000101001001001101,3472,0.041948359047953375,-107.24706890037574,0.20974179523976688,911600.0856531938,1.0,0.8,1.0
101000001010000001000101001010001101,2774,0.0,-106.83529411764705,0.0,908100.0,1.0,0.6000000000000001,1.0
101000001010000001000101001001001101,4102,0.041948359047953375,-107.24706890037574,0.20974179523976688,911600.0856531938,1.0,0.8,1.0
101000001010000001000101001001001101,7862,0.041948359047953375,-107.24706890037574,0.20974179523976688,911600.0856531938,1.0,0.8,1.0
101111011010010101001101001000101111,466,15.891066245517472,-78.09856685005552,0.1669324416726249,798628.096161527,1.1102230246251565E-16,1.0,1.0
101000001000000011000101001010001101,8626,0.04194835904795333,-107.24706890037574,0.20974179523976666,911600.0856531938,1.0,0.8,1.0
101000001010000001000101001001001101,3634,0.041948359047953375,-107.24706890037574,0.20974179523976688,911600.0856531938,1.0,0.8,1.0
101000001010000001000101001000001101,7260,0.0666666666666667,-116.5475935828877,0.3333333333333335,990654.5454545454,1.0,0.6000000000000001,1.0
101000001010000001000101001010001101,2598,0.0,-106.83529411764705,0.0,908100.0,1.0,0.6000000000000001,1.0
101000001010000001000101001010001101,3006,0.0,-106.83529411764705,0.0,908100.0,1.0,0.6000000000000001,1.0
101000001010000001000101001010001101,8224,0.0,-106.83529411764705,0.0,908100.0,1.0,0.6000000000000001,1.0
101000001000000011000101001010001101,8140,0.04194835904795333,-107.24706890037574,0.20974179523976666,911600.0856531938,1.0,0.8,1.0
101000001010000001000101001010001101,8032,0.0,-106.83529411764705,0.0,908100.0,1.0,0.6000000000000001,1.0
101000001010000001000101001010001101,2392,0.0,-106.83529411764705,0.0,908100.0,1.0,0.6000000000000001,1.0
101000001010000001000101001001001101,8038,0.041948359047953375,-107.24706890037574,0.20974179523976688,911600.0856531938,1.0,0.8,1.0
110111000111011100010100111011110110,276,15.909366820219294,-74.01979688151745,0.2584353151817379,763958.5514289534,1.1102230246251565E-16,1.0,0.9
101000001001000011000100001010100101,1690,0.3902195973606878,-120.71095895015198,0.8418542387216574,1027928.8654480309,0.6000000000000001,1.0,0.9
101000001010000001000101001010001101,5310,0.0,-106.83529411764705,0.0,908100.0,1.0,0.6000000000000001,1.0
101000001010000001000101001001001101,4148,0.041948359047953375,-107.24706890037574,0.20974179523976688,911600.0856531938,1.0,0.8,1.0
101000001010000001000101001010001101,4912,0.0,-106.83529411764705,0.0,908100.0,1.0,0.6000000000000001,1.0
101000001010000101001100010110000101,1146,0.7660190752716612,-86.13112079435354,0.3352453546782138,738055.7717888613,0.20000000000000018,1.0,1.0
101000001010000001000101001000001101,4658,0.0666666666666667,-116.5475935828877,0.3333333333333335,990654.5454545454,1.0,0.6000000000000001,1.0
101000001010000001000101001000001101,8106,0.0666666666666667,-116.5475935828877,0.3333333333333335,990654.5454545454,1.0,0.6000000000000001,1.0
101000001010000001001100110011000101,1144,0.2530861919959894,-84.15756228393475,0.15618721189816553,717224.9937851845,0.6000000000000001,0.8,1.0
101000001010000001000101001000001101,6568,0.0666666666666667,-116.5475935828877,0.3333333333333335,990654.5454545454,1.0,0.6000000000000001,1.0
101000001010000001001110001011000101,9342,15.954517943494322,-98.65846369395501,0.48419093155688,973387.2193346727,1.1102230246251565E-16,0.8,0.9
101000001010000001000101001001001101,7644,0.041948359047953375,-107.24706890037574,0.20974179523976688,911600.0856531938,1.0,0.8,1.0
101000001010000001000101001010001101,9046,0.0,-106.83529411764705,0.0,908100.0,1.0,0.6000000000000001,1.0
101000001010000001000100011000000101,6094,0.1910195140786865,-139.07886281227056,0.9550975703934326,1182170.3339042997,1.0,0.8,0.8
101000001010000001000100001001000101,1790,0.17033803085754406,-127.84335651403923,0.8516901542877203,1086668.5303693335,1.0,0.8,0.9
101001001010000101001111001000101111,596,15.929399462752073,-100.11334754356426,0.35859852784563406,985753.7320563513,1.1102230246251565E-16,1.0,1.0
101000001010000001000101001010001101,7850,0.0,-106.83529411764705,0.0,908100.0,1.0,0.6000000000000001,1.0
101000001010000001000101001010001101,9054,0.0,-106.83529411764705,0.0,908100.0,1.0,0.6000000000000001,1.0
101000001111110101101111001101011111,790,15.867560966419727,-70.20312860948597,0.04940604618390665,731516.8711166858,1.1102230246251565E-16,1.0,1.0
101111001010010111001100111110100101,258,15.896105429915147,-74.4397415038004,0.1921283636610015,767528.0807183585,1.1102230246251565E-16,1.0,1.0
101000001010000001000101001000011101,8150,0.0638854776154876,-107.76640085196551,0.319427388077438,916014.4072417069,1.0,0.8,1.0
101000001010000001000101001010001101,8658,0.0,-106.83529411764705,0.0,908100.0,1.0,0.6000000000000001,1.0
101001001010000101000111001010101111,788,15.929399462752073,-105.27400639383906,0.35859852784563406,1029619.3322836871,1.1102230246251565E-16,1.0,1.0
101000001010000001000101001001001101,2938,0.041948359047953375,-107.24706890037574,0.20974179523976688,911600.0856531938,1.0,0.8,1.0
101000001010000001000100001010000101,3118,0.13333333333333336,-128.20235294117646,0.6666666666666667,1089720.0,1.0,0.6000000000000001,0.9
101000001010000001000101001000001101,3376,0.0666666666666667,-116.5475935828877,0.3333333333333335,990654.5454545454,1.0,0.6000000000000001,1.0
101000001010000001000101001010001101,7742,0.0,-106.83529411764705,0.0,908100.0,1.0,0.6000000000000001,1.0
101000001010000001000101001010001101,4948,0.0,-106.83529411764705,0.0,908100.0,1.0,0.6000000000000001,1.0
101000001110000001000101001001001101,2012,0.040260639106669285,-100.31506767665797,0.2013031955333464,852678.0752515928,1.0,1.0,1.0
101000001010000001000101001001001101,4346,0.041948359047953375,-107.24706890037574,0.20974179523976688,911600.0856531938,1.0,0.8,1.0
101000001000000001000101001010001101,9092,0.0666666666666667,-116.5475935828877,0.3333333333333335,990654.5454545454,1.0,0.6000000000000001,1.0
111010001110101111101111010111101101,720,15.900498857887568,-75.95348511258953,0.2140955035231027,780394.9013930662,1.1102230246251565E-16,1.0,1.0
101100001010000001000100001000000101,9582,0.2,-127.84335651403923,1.0,1086668.5303693335,1.0,0.8,0.9
101000001010000001000101001000001101,7654,0.0666666666666667,-116.5475935828877,0.3333333333333335,990654.5454545454,1.0,0.6000000000000001,1.0
101000001011000001000101001001001101,2196,0.04026063910666933,-100.315067676658,0.20130319553334663,852678.075251593,1.0,1.0,1.0
101000001010000001000101001010001101,9372,0.0,-106.83529411764705,0.0,908100.0,1.0,0.6000000000000001,1.0
101000001010000001000101001001001101,7028,0.041948359047953375,-107.24706890037574,0.20974179523976688,911600.0856531938,1.0,0.8,1.0
101000001010000001000100101010100101,1666,0.33562784083211045,-117.87564542581094,0.5688954560787707,1003828.7004911321,0.6000000000000001,0.9,0.9
101000001010000001000101001001001101,7020,0.041948359047953375,-107.24706890037574,0.20974179523976688,911600.0856531938,1.0,0.8,1.0
101000001010000001000101001010001101,4186,0.0,-106.83529411764705,0.0,908100.0,1.0,0.6000000000000001,1.0
100100001000000000000101001010001101,3766,0.17033803085754404,-127.84335651403923,0.8516901542877202,1086668.5303693335,1.0,0.8,0.9
101000001010001001000101001001001101,2120,0.09762869778685725,-92.0297290559955,0.0035934238940042995,783076.4320865303,0.8,0.9,1.0
101010001010110101111111001001011111,612,15.878019032644135,-74.34753730877958,0.10169637730593817,766744.3450606815,1.1102230246251565E-16,1.0,1.0
101000001010000001000101001010001101,5524,0.0,-106.83529411764705,0.0,908100.0,1.0,0.6000000000000001,1.0
101000001010000001000101001001001101,5990,0.041948359047953375,-107.24706890037574,0.20974179523976688,911600.0856531938,1.0,0.8,1.0
111000001010000001000111001010101111,1382,15.966644686967713,-125.31292614538071,0.544824648923836,1199950.1501717912,1.1102230246251565E-16,0.9,0.9
101000001010011101101111001001101111,946,15.895332040766094,-82.33098066778756,0.18826141791573692,834603.6136122493,1.1102230246251565E-16,1.0,1.0
111000001010010101001101011101011111,724,15.908510699718672,-88.51204581397116,0.254154712678627,887142.6673548099,1.1102230246251565E-16,1.0,1.0
011010001000011111101111000101011001,268,15.901349575577779,-49.61994979869391,0.21834909197415953,556559.8512249533,1.1102230246251565E-16,1.0,1.0
101000001010000001000101001011001101,1836,0.0,-99.73265363667957,0.0,847727.5559117764,1.0,0.8,1.0
101100001010000001000001001011001101,1902,0.06561470893165686,-78.0342131067695,0.3280735446582843,663290.8114075407,1.0,1.0,1.0
101000001010000001000101001010001101,6882,0.0,-106.83529411764705,0.0,908100.0,1.0,0.6000000000000001,1.0
110011011000101100010001010001111101,104,16.057479757182946,15.857679565811381,0.999,0.0016266583040828004,1.1102230246251565E-16,0.9,0.9
101000001010000101001100100011000101,1486,0.2663459629334183,-88.27213501044763,0.22248606658530978,752198.8619605439,0.6000000000000001,1.0,1.0
110111010101010100101111001101011110,208,15.91379946377448,-71.91439502290793,0.2805985329576609,746062.6356307724,1.1102230246251565E-16,1.0,0.9
101000001010000101001100010111000101,1286,0.7745138928996059,-90.35679048475617,0.3777194428179371,773973.9641572837,0.20000000000000018,1.0,1.0
101000001010000001000101001001001101,2454,0.041948359047953375,-107.24706890037574,0.20974179523976688,911600.0856531938,1.0,0.8,1.0
101000001010000001000101001001001101,2632,0.041948359047953375,-107.24706890037574,0.20974179523976688,911600.0856531938,1.0,0.8,1.0
101000001010000001000101001001001101,3016,0.041948359047953375,-107.24706890037574,0.20974179523976688,911600.0856531938,1.0,0.8,1.0
101000001011000001000100001011000101,1658,0.13034127733599146,-108.13481570197509,0.6517063866799573,919145.9334667883,1.0,1.0,0.9
101000001010111111101111001010101111,916,15.859334030485503,-73.55135385695318,0.008271366512779377,759976.7857201571,1.1102230246251565E-16,1.0,1.0
101000001010000001000101001000011101,4750,0.0638854776154876,-107.76640085196551,0.319427388077438,916014.4072417069,1.0,0.8,1.0
101000001010000001000101001010001101,8398,0.0,-106.83529411764705,0.0,908100.0,1.0,0.6000000000000001,1.0
101000001010000001000101001010001101,3384,0.0,-106.83529411764705,0.0,908100.0,1.0,0.6000000000000001,1.0
101000001010000001000101001001001101,2182,0.041948359047953375,-107.24706890037574,0.20974179523976688,911600.0856531938,1.0,0.8,1.0
101101001110000001000100001010100101,1910,15.940085504037624,-81.88184434050928,0.4120287342733876,830785.9548303839,1.1102230246251565E-16,1.0,1.0
101000001010000001000010000001000101,1408,0.4218487496163563,-122.88140064443861,1.0,1046377.6198494673,0.6000000000000001,0.7000000000000001,0.9
101000001010000001000101001010001101,6158,0.0,-106.83529411764705,0.0,908100.0,1.0,0.6000000000000001,1.0
111011000100101101110011110001111100,0,16.057479757182946,15.857679591380862,0.999,0.0014093177250584501,1.1102230246251565E-16,0.9,1.0
101000001010011101101111001101001111,692,15.869723550129512,-76.396914101277,0.060218964732831726,784164.0477969096,1.1102230246251565E-16,1.0,1.0
101000001010000001000101001001001101,7608,0.041948359047953375,-107.24706890037574,0.20974179523976688,911600.0856531938,1.0,0.8,1.0
111000001010000001000101001000001101,1868,0.49794000867203747,-131.09165275150895,0.5,1117661.5384615383,0.40000000000000013,0.6000000000000001,0.9
111010001001111111101111101001011101,656,15.88384474970648,-72.56327471921293,0.13082496261766252,751578.113049365,1.1102230246251565E-16,1.0,1.0
101000001010000001000101001001001101,4268,0.041948359047953375,-107.24706890037574,0.20974179523976688,911600.0856531938,1.0,0.8,1.0
101000001000000011000101001010001101,8780,0.04194835904795333,-107.24706890037574,0.20974179523976666,911600.0856531938,1.0,0.8,1.0
101000001010000001000101001000001101,8840,0.0666666666666667,-116.5475935828877,0.3333333333333335,990654.5454545454,1.0,0.6000000000000001,1.0
101000001010000001000101001010001101,2386,0.0,-106.83529411764705,0.0,908100.0,1.0,0.6000000000000001,1.0
101000001010000001000101001001001101,5092,0.041948359047953375,-107.24706890037574,0.20974179523976688,911600.0856531938,1.0,0.8,1.0
101000001010000001000101001001001101,3664,0.041948359047953375,-107.24706890037574,0.20974179523976688,911600.0856531938,1.0,0.8,1.0
101000001010010001000101001010001101,4772,0.7656366710026852,-90.87413923936145,0.33333333333333304,778371.4285714285,0.20000000000000018,0.6000000000000001,1.0
111000001000000001001100110011000101,1496,0.8232674600660496,-102.58016956703831,0.6214872786501553,877872.6863566817,0.20000000000000018,0.8,0.9
101000001010000001000101001001001101,3162,0.041948359047953375,-107.24706890037574,0.20974179523976688,911600.0856531938,1.0,0.8,1.0
101000001010000001000101001001001101,2114,0.041948359047953375,-107.24706890037574,0.20974179523976688,911600.0856531938,1.0,0.8,1.0
101000001010000001000101001000001101,3046,0.0666666666666667,-116.5475935828877,0.3333333333333335,990654.5454545454,1.0,0.6000000000000001,1.0
101000001010000001000101001010001101,3652,0.0,-106.83529411764705,0.0,908100.0,1.0,0.6000000000000001,1.0
101000001010000001000101001000001101,9922,0.0666666666666667,-116.5475935828877,0.3333333333333335,990654.5454545454,1.0,0.6000000000000001,1.0
101001011011101111101011011110001111,168,15.881745232509802,-61.886922331808506,0.1203273766342765,660829.1177564274,1.1102230246251565E-16,1.0,1.0
101000001010000001000101001010001101,9524,0.0,-106.83529411764705,0.0,908100.0,1.0,0.6000000000000001,1.0
101000001010000001000101001010001101,4508,0.0,-106.83529411764705,0.0,908100.0,1.0,0.6000000000000001,1.0
010110011000111010001010101011110011,172,15.880012825603039,-55.053435219568556,0.11166534210046386,602744.4773023878,1.1102230246251565E-16,1.0,0.9
111110011000111001001010101010100111,238,15.927308332481017,-81.19271823777503,0.3481428764903556,824928.3829571428,1.1102230246251565E-16,1.0,0.9
101000001010100001001100010011000111,1430,15.915206673958135,-78.30825151479952,0.2876345838759401,800410.415811851,1.1102230246251565E-16,0.9,1.0
101000001010000001000101001000001101,2928,0.0666666666666667,-116.5475935828877,0.3333333333333335,990654.5454545454,1.0,0.6000000000000001,1.0
001010111000100101001111001001101011,432,15.89212475251378,-68.35205168915702,0.17222497665416348,715782.7172938897,1.1102230246251565E-16,1.0,1.0
101011011001111011101111101001011101,362,15.911866312782712,-55.2981906977286,0.270932777998822,604824.8988667482,1.1102230246251565E-16,1.0,1.0
010111000111011100010000111011100010,152,15.872149037219424,-62.49879021745123,0.07234640018239158,666029.9947843906,1.1102230246251565E-16,1.0,1.0
101000001010000001000101001000001101,5508,0.0666666666666667,-116.5475935828877,0.3333333333333335,990654.5454545454,1.0,0.6000000000000001,1.0
101000001010000001000100001001000101,1890,0.17033803085754406,-127.84335651403923,0.8516901542877203,1086668.5303693335,1.0,0.8,0.9
101010001010111001001100110011000111,1068,15.865382718357923,-62.64588812026675,0.03851480587487943,667280.3269583224,1.1102230246251565E-16,1.0,1.0
101000001000000101001100110011000101,1274,0.3424412553817604,-97.71783623364095,0.6029625288270205,832487.3223576872,0.6000000000000001,1.0,0.9
100100001001000000000101001000001101,8534,0.17033803085754406,-122.95303850964532,0.8516901542877203,1045100.8273319852,1.0,0.8,0.8
100000001010000000000101001000001111,8858,0.4218487496163563,-155.1749426942339,1.0,1320872.727272727,0.6000000000000001,0.6000000000000001,0.8
101000001010000001000101001010001101,2896,0.0,-106.83529411764705,0.0,908100.0,1.0,0.6000000000000001,1.0
101000001010000001000101001010001101,7144,0.0,-106.83529411764705,0.0,908100.0,1.0,0.6000000000000001,1.0
101100001001011111001111101101001101,514,15.860032380605105,-68.78174365568414,0.011763117110789256,719435.0990093703,1.1102230246251565E-16,1.0,1.0
101000001010000001000101001001001101,6414,0.041948359047953375,-107.24706890037574,0.20974179523976688,911600.0856531938,1.0,0.8,1.0
111011011001111111101100110001010101,296,15.876186919202254,-63.27908536915206,0.09253581009654144,672662.5035738476,1.1102230246251565E-16,1.0,1.0
101000001010000001001100110011000101,1182,0.2530861919959894,-84.15756228393475,0.15618721189816553,717224.9937851845,0.6000000000000001,0.8,1.0
101000001000000001001100110011000101,1520,0.3219145689787395,-88.40144634576734,0.5003290968119158,753298.0083107614,0.6000000000000001,0.8,0.9
101000001010000001000101101011001101,1500,0.0,-93.98479615627475,0.0,798870.7673283354,1.0,0.8,1.0
101000001000000001000101001010001101,3962,0.0666666666666667,-116.5475935828877,0.3333333333333335,990654.5454545454,1.0,0.6000000000000001,1.0
010111000100111010100011110000101000,0,15.877622549745013,-50.77212328034598,0.09971396281033074,566353.325818996,1.1102230246251565E-16,0.9,1.0
101000001010000001000100001011000101,1744,0.1277709552309751,-117.20782230978867,0.6388547761548755,996266.4896332037,1.0,0.8,0.9
101000001010000001000101001010001101,9604,0.0,-106.83529411764705,0.0,908100.0,1.0,0.6000000000000001,1.0
101100001010000001001100010011000101,1292,0.2635952088743356,-84.42235873462892,0.2087322962898963,719475.7636160848,0.6000000000000001,1.0,1.0
101001001000000001000100001001000101,1710,0.35518208294968967,-112.09631687836433,0.6666666666666667,954704.4078378358,0.6000000000000001,0.6000000000000001,0.9
101000001010000001000101001001001101,3874,0.041948359047953375,-107.24706890037574,0.20974179523976688,911600.0856531938,1.0,0.8,1.0
101000001010000101001100010111000101,888,0.7745138928996059,-90.35679048475617,0.3777194428179371,773973.9641572837,0.20000000000000018,1.0,1.0
101000000010000111001100010001000110,1042,0.5010219716912513,-80.11522601198799,0.5154098150960693,684361.9111756101,0.40000000000000013,0.8,1.0
101000001000000001000101001001001101,1730,0.06666666666666668,-112.31816562798068,0.33333333333333337,954704.4078378357,1.0,0.6000000000000001,0.9
101000001010000001000100011001000101,7314,0.16679698189935638,-127.43305669260855,0.833984909496782,1083180.9818871727,1.0,0.8,0.9
101000001010000001000101001000001101,9320,0.0666666666666667,-116.5475935828877,0.3333333333333335,990654.5454545454,1.0,0.6000000000000001,1.0
111011011111111111101111010010101111,630,15.87228323811942,-71.10335023831665,0.07301740468237261,739168.7549617466,1.1102230246251565E-16,1.0,1.0
101000001110000001000101001000001101,9840,0.06388547761548755,-107.76640085196549,0.31942738807743776,916014.4072417066,1.0,0.8,1.0
101000001010000001010101001010001101,2460,0.13911476723976496,-91.24268697980439,0.21102377115854276,776386.5744389058,0.8,0.7000000000000001,1.0
101000001010000001000101001000001101,3796,0.0666666666666667,-116.5475935828877,0.3333333333333335,990654.5454545454,1.0,0.6000000000000001,1.0
101000001010000001000101001001001101,5076,0.041948359047953375,-107.24706890037574,0.20974179523976688,911600.0856531938,1.0,0.8,1.0
111000001010000001001101001001001101,3720,15.889435380947727,-91.28904323720977,0.1587781188239038,910747.1454523382,1.1102230246251565E-16,0.8,1.0
101000001010000001000101001001001101,5746,0.041948359047953375,-107.24706890037574,0.20974179523976688,911600.0856531938,1.0,0.8,1.0
111000001010010001001101011101011101,666,15.858507383309393,-75.56014463545579,0.004138130632225456,777051.5073374292,1.1102230246251565E-16,0.8,1.0
101000001010000001000101001001001101,5998,0.041948359047953375,-107.24706890037574,0.20974179523976688,911600.0856531938,1.0,0.8,1.0
111000001000011111101111111101011101,490,15.902620779293658,-77.5364293337693,0.22470511055355802,793849.9272730942,1.1102230246251565E-16,1.0,1.0
101000001010000001000101001010001111,7938,0.4479400086720374,-121.69953898292458,0.2499999999999999,1037828.5714285712,0.40000000000000013,0.6000000000000001,1.0
101000001010000001000101001001001101,2864,0.041948359047953375,-107.24706890037574,0.20974179523976688,911600.0856531938,1.0,0.8,1.0
101000001010000001000101001001001101,4796,0.041948359047953375,-107.24706890037574,0.20974179523976688,911600.0856531938,1.0,0.8,1.0
101000001010000001010101001001101101,1950,0.7329754175777659,-96.56137135239507,0.17002706620873675,826712.9015322143,0.20000000000000018,1.0,1.0
101000001010000001000101001000001101,2588,0.0666666666666667,-116.5475935828877,0.3333333333333335,990654.5454545454,1.0,0.6000000000000001,1.0
101000001010000001000101001010001101,2692,0.0,-106.83529411764705,0.0,908100.0,1.0,0.6000000000000001,1.0
101000001010000001000101001001001101,3808,0.041948359047953375,-107.24706890037574,0.20974179523976688,911600.0856531938,1.0,0.8,1.0
101000001010001001000100110111000101,1328,0.4422660857636336,-77.30421344384827,0.22163038545798075,660468.3043464227,0.40000000000000013,0.9,1.0
101000001010000001000101001010001101,3932,0.0,-106.83529411764705,0.0,908100.0,1.0,0.6000000000000001,1.0
101100001000000001000101001010001101,2740,0.04194835904795333,-107.24706890037572,0.20974179523976666,911600.0856531936,1.0,0.8,1.0
101000001010000001000101001010001101,3594,0.0,-106.83529411764705,0.0,908100.0,1.0,0.6000000000000001,1.0
101000001010000001000101001001001101,4378,0.041948359047953375,-107.24706890037574,0.20974179523976688,911600.0856531938,1.0,0.8,1.0
011001011110010001000111001000101001,1172,15.858184106658507,-66.05740121407338,0.0025217473778031962,696278.1882556787,1.1102230246251565E-16,1.0,1.0
101000001010000001000101001010001101,3986,0.0,-106.83529411764705,0.0,908100.0,1.0,0.6000000000000001,1.0
101000001010000001000101001001001101,2554,0.041948359047953375,-107.24706890037574,0.20974179523976688,911600.0856531938,1.0,0.8,1.0
101100001001011111001111101101011101,354,15.86033174431926,-67.9560927980823,0.013259935681566692,712417.0667197546,1.1102230246251565E-16,1.0,1.0
101000001010000001000101001001001101,3356,0.041948359047953375,-107.24706890037574,0.20974179523976688,911600.0856531938,1.0,0.8,1.0
101000001010000001000101001010001111,7886,0.4479400086720374,-121.69953898292458,0.2499999999999999,1037828.5714285712,0.40000000000000013,0.6000000000000001,1.0
101000001010100101001101011101011101,386,15.860930894165499,-69.9929236154295,0.016255684912764634,729730.1286672058,1.1102230246251565E-16,1.0,1.0
101000001010000001000101001000001101,6818,0.0666666666666667,-116.5475935828877,0.3333333333333335,990654.5454545454,1.0,0.6000000000000001,1.0
101000001010000001000101001001001101,2862,0.041948359047953375,-107.24706890037574,0.20974179523976688,911600.0856531938,1.0,0.8,1.0
101000001010000001000101101010001101,4376,0.0,-99.73265363667954,0.0,847727.5559117761,1.0,0.8,1.0
101000001000000001000100100011000101,1334,0.16346947715846366,-99.83512281125955,0.8173473857923184,848598.5438957062,1.0,0.8,0.9
101000001010000001000101001000001101,4462,0.0666666666666667,-116.5475935828877,0.3333333333333335,990654.5454545454,1.0,0.6000000000000001,1.0
101000001010000001000101001000001101,8202,0.0666666666666667,-116.5475935828877,0.3333333333333335,990654.5454545454,1.0,0.6000000000000001,1.0
101000001101000101001100010011000101,1486,0.8421535726212062,-93.19317656932171,0.7159178414259382,798083.2458760907,0.20000000000000018,1.0,0.9
101000001010000001000100001010000101,4678,0.13333333333333336,-128.20235294117646,0.6666666666666667,1089720.0,1.0,0.6000000000000001,0.9
101000001010000001000101001001001101,4828,0.041948359047953375,-107.24706890037574,0.20974179523976688,911600.0856531938,1.0,0.8,1.0
101000001010000001000101001010001101,3334,0.0,-106.83529411764705,0.0,908100.0,1.0,0.6000000000000001,1.0
101000001010000001000101001000001101,2250,0.0666666666666667,-116.5475935828877,0.3333333333333335,990654.5454545454,1.0,0.6000000000000001,1.0
101000001010000001000101001000001101,3782,0.0666666666666667,-116.5475935828877,0.3333333333333335,990654.5454545454,1.0,0.6000000000000001,1.0
101000001010000001000101001000001101,5736,0.0666666666666667,-116.5475935828877,0.3333333333333335,990654.5454545454,1.0,0.6000000000000001,1.0
101000001010000001000101001001001101,6552,0.041948359047953375,-107.24706890037574,0.20974179523976688,911600.0856531938,1.0,0.8,1.0
101000001010000001000101111011001101,2136,0.12824771265328122,-97.71298539492629,0.15668849822612407,831384.1109674419,0.8,0.8,1.0
101000001010000001000101001000001101,3540,0.0666666666666667,-116.5475935828877,0.3333333333333335,990654.5454545454,1.0,0.6000000000000001,1.0
101000001010000001000101001001001101,5772,0.041948359047953375,-107.24706890037574,0.20974179523976688,911600.0856531938,1.0,0.8,1.0
101000001010000001000101001001001101,7044,0.041948359047953375,-107.24706890037574,0.20974179523976688,911600.0856531938,1.0,0.8,1.0
101000001010000001000101001000001101,8716,0.0666666666666667,-116.5475935828877,0.3333333333333335,990654.5454545454,1.0,0.6000000000000001,1.0
101000001010000001000101001010001101,9454,0.0,-106.83529411764705,0.0,908100.0,1.0,0.6000000000000001,1.0
101000001010000001000101001000001101,2572,0.0666666666666667,-116.5475935828877,0.3333333333333335,990654.5454545454,1.0,0.6000000000000001,1.0
101000001010000001000101001000011101,4110,0.0638854776154876,-107.76640085196551,0.319427388077438,916014.4072417069,1.0,0.8,1.0
101000001010000001000101001000001101,4506,0.0666666666666667,-116.5475935828877,0.3333333333333335,990654.5454545454,1.0,0.6000000000000001,1.0
101000001000000001000101001010001101,9646,0.0666666666666667,-116.5475935828877,0.3333333333333335,990654.5454545454,1.0,0.6000000000000001,1.0
101000001010000001000101101011001101,1526,0.0,-93.98479615627475,0.0,798870.7673283354,1.0,0.8,1.0
101000011011101101000110111011110101,300,15.939816480370146,-80.46803105928024,0.41068361593600033,818768.541939937,1.1102230246251565E-16,1.0,0.9
101000001000000001000101001010001101,5140,0.0666666666666667,-116.5475935828877,0.3333333333333335,990654.5454545454,1.0,0.6000000000000001,1.0
111000001010000001000101001001001101,1776,0.47829221888026285,-121.61559795703329,0.40176105104112725,1037115.0727084953,0.40000000000000013,0.8,0.9
101000001010000001000101001001001101,3190,0.041948359047953375,-107.24706890037574,0.20974179523976688,911600.0856531938,1.0,0.8,1.0
101000001010000001000101001010001101,5266,0.0,-106.83529411764705,0.0,908100.0,1.0,0.6000000000000001,1.0
101000001010000001000101001001001101,4436,0.041948359047953375,-107.24706890037574,0.20974179523976688,911600.0856531938,1.0,0.8,1.0
101000001010000001000101001001001101,7552,0.041948359047953375,-107.24706890037574,0.20974179523976688,911600.0856531938,1.0,0.8,1.0
110001111010111110100100111010110111,242,15.900577312179333,-68.31997591470804,0.21448777498193572,715510.0732110734,1.1102230246251565E-16,1.0,0.9
101000001010000001000100001010000101,5920,0.13333333333333336,-128.20235294117646,0.6666666666666667,1089720.0,1.0,0.6000000000000001,0.9
101000001010000001000101001001001101,8800,0.041948359047953375,-107.24706890037574,0.20974179523976688,911600.0856531938,1.0,0.8,1.0
101000001010000001000101001010001101,9152,0.0,-106.83529411764705,0.0,908100.0,1.0,0.6000000000000001,1.0
101000001010000001000101001000001101,2516,0.0666666666666667,-116.5475935828877,0.3333333333333335,990654.5454545454,1.0,0.6000000000000001,1.0
111011001111110101000111001010101111,776,15.912330781951466,-90.63912563198902,0.27325512384259854,905222.8458079618,1.1102230246251565E-16,1.0,1.0
101000001110000001000101001001001101,2098,0.040260639106669285,-100.31506767665797,0.2013031955333464,852678.0752515928,1.0,1.0,1.0
101000001000000001000100001010100101,1636,0.2879295270867429,-138.98195279926247,0.9550975703934326,1182170.3339042994,0.8,0.9,0.8
101000001010000001000101001010001101,9184,0.0,-106.83529411764705,0.0,908100.0,1.0,0.6000000000000001,1.0
101000001010000001000101101000001101,9130,0.06388547761548755,-107.76640085196547,0.31942738807743776,916014.4072417065,1.0,0.8,1.0
101000001010000001000101001000001101,3140,0.0666666666666667,-116.5475935828877,0.3333333333333335,990654.5454545454,1.0,0.6000000000000001,1.0
101000001010000101001100010111000101,698,0.7745138928996059,-90.35679048475617,0.3777194428179371,773973.9641572837,0.20000000000000018,1.0,1.0
101000001010000001000101001001001101,4840,0.041948359047953375,-107.24706890037574,0.20974179523976688,911600.0856531938,1.0,0.8,1.0
101000001010000001000101001000001101,2822,0.0666666666666667,-116.5475935828877,0.3333333333333335,990654.5454545454,1.0,0.6000000000000001,1.0
101000001010000101001101011010101111,830,15.92255048917351,-99.23801610708125,0.32435365995281673,978313.4148462457,1.1102230246251565E-16,1.0,1.0
101000001010000001000101001000001101,3910,0.0666666666666667,-116.5475935828877,0.3333333333333335,990654.5454545454,1.0,0.6000000000000001,1.0
101000001010000001000101001000001101,9436,0.0666666666666667,-116.5475935828877,0.3333333333333335,990654.5454545454,1.0,0.6000000000000001,1.0
101000001010000001000101001001001101,1884,0.041948359047953375,-107.24706890037574,0.20974179523976688,911600.0856531938,1.0,0.8,1.0
101000001010000001000101001001001101,5198,0.041948359047953375,-107.24706890037574,0.20974179523976688,911600.0856531938,1.0,0.8,1.0
101000001010000001000100001000000101,9468,0.2,-142.4470588235294,1.0,1210800.0,1.0,0.6000000000000001,0.9
101000001010000001000101001001001101,6342,0.041948359047953375,-107.24706890037574,0.20974179523976688,911600.0856531938,1.0,0.8,1.0
101010001010000001000101001010001111,8522,0.7690718440754898,-122.61017278210817,0.3505091986973564,1048127.7136847755,0.20000000000000018,0.8,1.0
101100001000000001000101001010001101,5980,0.04194835904795333,-107.24706890037572,0.20974179523976666,911600.0856531936,1.0,0.8,1.0
001111001010000001110100101010010011,112,15.89053076472372,-49.8380794340552,0.16425503770387184,558413.9531255243,1.1102230246251565E-16,1.0,1.0
101000001010000001001100110011000101,1078,0.2530861919959894,-84.15756228393475,0.15618721189816553,717224.9937851845,0.6000000000000001,0.8,1.0
101000001010000001000101001010001101,9218,0.0,-106.83529411764705,0.0,908100.0,1.0,0.6000000000000001,1.0
101000001010000001000101001000001101,2270,0.0666666666666667,-116.5475935828877,0.3333333333333335,990654.5454545454,1.0,0.6000000000000001,1.0
101000001010000001000101001000001101,2770,0.0666666666666667,-116.5475935828877,0.3333333333333335,990654.5454545454,1.0,0.6000000000000001,1.0
100100001010000000000101001001001101,6984,0.1686823971659396,-121.15824328788861,0.843411985829698,1029845.0679470532,1.0,1.0,0.9
101000001010000001000101001000001101,2786,0.0666666666666667,-116.5475935828877,0.3333333333333335,990654.5454545454,1.0,0.6000000000000001,1.0
101000001010000001000101001001001101,7478,0.041948359047953375,-107.24706890037574,0.20974179523976688,911600.0856531938,1.0,0.8,1.0
101000001010000001000101001001001101,3888,0.041948359047953375,-107.24706890037574,0.20974179523976688,911600.0856531938,1.0,0.8,1.0
101000001010000001000101001010001111,9560,0.4479400086720374,-121.69953898292458,0.2499999999999999,1037828.5714285712,0.40000000000000013,0.6000000000000001,1.0
101000001010000001000101001010001101,4848,0.0,-106.83529411764705,0.0,908100.0,1.0,0.6000000000000001,1.0
101000001011000001000100100011000101,1372,0.08284271247461898,-86.90632837277245,0.4142135623730949,738703.7911685659,1.0,1.0,1.0
101000001010000001000101001001001101,6766,0.041948359047953375,-107.24706890037574,0.20974179523976688,911600.0856531938,1.0,0.8,1.0
101000001000000001000100001001000101,1850,0.2,-136.17956730191256,1.0,1157526.3220662568,1.0,0.6000000000000001,0.8
101000001010000001000101001010001101,8868,0.0,-106.83529411764705,0.0,908100.0,1.0,0.6000000000000001,1.0
111011001010101111101111001010001101,1110,15.859334030485503,-73.55135385695318,0.008271366512779377,759976.7857201571,1.1102230246251565E-16,0.9,1.0
101000001010000001000101001001001101,5400,0.041948359047953375,-107.24706890037574,0.20974179523976688,911600.0856531938,1.0,0.8,1.0
101000001010000001000100011000000101,6374,0.1910195140786865,-139.07886281227056,0.9550975703934326,1182170.3339042997,1.0,0.8,0.8
101010001010000011000101101011001101,1684,0.25334980996860496,-94.0568823303069,0.1575053017612431,801369.2141793477,0.6000000000000001,1.0,1.0
001100011110111001101100111110100011,324,15.882062856030798,-52.11451448128072,0.1219154942392573,577763.6510269413,1.1102230246251565E-16,1.0,1.0
101000001010000001000101001001001101,4686,0.041948359047953375,-107.24706890037574,0.20974179523976688,911600.0856531938,1.0,0.8,1.0
101111001010011111101100011110110111,390,15.89838501438118,-73.34634630422983,0.2035262859911685,758234.2215220087,1.1102230246251565E-16,1.0,1.0
101000001010000001000101001010001101,4526,0.0,-106.83529411764705,0.0,908100.0,1.0,0.6000000000000001,1.0
101000001010000001000010000001000101,1522,0.4218487496163563,-122.88140064443861,1.0,1046377.6198494673,0.6000000000000001,0.7000000000000001,0.9
101000001010000001000101001001001101,6938,0.041948359047953375,-107.24706890037574,0.20974179523976688,911600.0856531938,1.0,0.8,1.0
101000001001000101001100010011000101,1458,0.8401278700278567,-97.13705145695988,0.7057893284591912,831606.1824210151,0.20000000000000018,1.0,0.9
101000001010000001000101001001001101,2018,0.041948359047953375,-107.24706890037574,0.20974179523976688,911600.0856531938,1.0,0.8,1.0
101000001010000001000101001010001101,2064,0.0,-106.83529411764705,0.0,908100.0,1.0,0.6000000000000001,1.0
101000001010000001000100001001000101,2042,0.17033803085754406,-127.84335651403923,0.8516901542877203,1086668.5303693335,1.0,0.8,0.9
101000001010000001000101001001001101,3398,0.041948359047953375,-107.24706890037574,0.20974179523976688,911600.0856531938,1.0,0.8,1.0
101000001010000001000101001001001101,1940,0.041948359047953375,-107.24706890037574,0.20974179523976688,911600.0856531938,1.0,0.8,1.0
101000001110000001000101001000001101,5712,0.06388547761548755,-107.76640085196549,0.31942738807743776,916014.4072417066,1.0,0.8,1.0
101000001010000001000101001000001101,7730,0.0666666666666667,-116.5475935828877,0.3333333333333335,990654.5454545454,1.0,0.6000000000000001,1.0
101000001010000001000100011000000101,9786,0.1910195140786865,-139.07886281227056,0.9550975703934326,1182170.3339042997,1.0,0.8,0.8
101001111000110001110011100110001111,0,15.937486483012194,-50.13308738276483,0.3990336291462355,560921.5206895561,1.1102230246251565E-16,0.9,0.9
101101110111001001000100111001110110,0,15.885637343093219,-56.62275768066563,0.13978792955136465,616083.718221713,1.1102230246251565E-16,1.0,1.0
101000001010000001000100011000000101,5566,0.1910195140786865,-139.07886281227056,0.9550975703934326,1182170.3339042997,1.0,0.8,0.8
101000001010000001000101001000001101,9610,0.0666666666666667,-116.5475935828877,0.3333333333333335,990654.5454545454,1.0,0.6000000000000001,1.0
101000001010000001000101001000001101,5656,0.0666666666666667,-116.5475935828877,0.3333333333333335,990654.5454545454,1.0,0.6000000000000001,1.0
101000001010000001000101001000001101,2298,0.0666666666666667,-116.5475935828877,0.3333333333333335,990654.5454545454,1.0,0.6000000000000001,1.0
100111010111111100010000111011100110,334,15.901536795809001,-45.769211497779224,0.21928519313027417,523828.57566717843,1.1102230246251565E-16,1.0,1.0
101000001010000001000101001000001101,4688,0.0666666666666667,-116.5475935828877,0.3333333333333335,990654.5454545454,1.0,0.6000000000000001,1.0
101000001010000001000101001010001101,7082,0.0,-106.83529411764705,0.0,908100.0,1.0,0.6000000000000001,1.0
011101001010111011111100001110000001,0,16.118921020859318,-27.236556126877428,1.3062063183818609,366301.00501451315,1.1102230246251565E-16,1.0,0.9
101000001010000001000101001001001101,1938,0.041948359047953375,-107.24706890037574,0.20974179523976688,911600.0856531938,1.0,0.8,1.0
101100001000000001000101001001001101,2392,0.059638233451419186,-111.71373055770574,0.29819116725709593,949566.7097404988,1.0,0.8,0.9
101000001010000001000101001001001101,3200,0.041948359047953375,-107.24706890037574,0.20974179523976688,911600.0856531938,1.0,0.8,1.0
100000001010000000000101001001001101,7006,0.17033803085754406,-127.84335651403923,0.8516901542877203,1086668.5303693335,1.0,0.8,0.9
101000001000000011000101001010001101,9448,0.04194835904795333,-107.24706890037574,0.20974179523976666,911600.0856531938,1.0,0.8,1.0
101000001010000001000101001010001101,8788,0.0,-106.83529411764705,0.0,908100.0,1.0,0.6000000000000001,1.0
111100001010000001000100010011000101,1342,0.8263836538322664,-110.54683147652617,0.6370682474812395,945589.3125873286,0.20000000000000018,1.0,0.9
101000001010000001000101001010001101,3630,0.0,-106.83529411764705,0.0,908100.0,1.0,0.6000000000000001,1.0
010111000111011100010000111011110010,106,15.87918558798863,-64.33026150703924,0.10752915402841479,681597.5007458886,1.1102230246251565E-16,1.0,1.0
101000001010000001000101001000001101,4860,0.0666666666666667,-116.5475935828877,0.3333333333333335,990654.5454545454,1.0,0.6000000000000001,1.0
101000001010000001000101001001001101,7782,0.041948359047953375,-107.24706890037574,0.20974179523976688,911600.0856531938,1.0,0.8,1.0
101000001010000001000101001001001101,4354,0.041948359047953375,-107.24706890037574,0.20974179523976688,911600.0856531938,1.0,0.8,1.0
101000001010000001000101001000001101,3708,0.0666666666666667,-116.5475935828877,0.3333333333333335,990654.5454545454,1.0,0.6000000000000001,1.0
101000001010000001000101001000001101,9788,0.0666666666666667,-116.5475935828877,0.3333333333333335,990654.5454545454,1.0,0.6000000000000001,1.0
101000001010000001000101001000001101,7902,0.0666666666666667,-116.5475935828877,0.3333333333333335,990654.5454545454,1.0,0.6000000000000001,1.0
101000001010000001000101001011001101,1982,0.0,-99.73265363667957,0.0,847727.5559117764,1.0,0.8,1.0
101000001010000001000101001000001101,9078,0.0666666666666667,-116.5475935828877,0.3333333333333335,990654.5454545454,1.0,0.6000000000000001,1.0
101000001010000001000101001000001101,9438,0.0666666666666667,-116.5475935828877,0.3333333333333335,990654.5454545454,1.0,0.6000000000000001,1.0
101000001010000001000101011001001101,1810,0.06817962315622605,-110.85650002651623,0.3408981157811303,942280.250225388,1.0,0.8,1.0
101000001010000001000101001010001101,6008,0.0,-106.83529411764705,0.0,908100.0,1.0,0.6000000000000001,1.0
101000001010000001000101001000001101,6102,0.0666666666666667,-116.5475935828877,0.3333333333333335,990654.5454545454,1.0,0.6000000000000001,1.0
101000001010000101001101001100001101,1014,0.7145239617046084,-96.84165908497772,0.07776978684294966,829095.3472591668,0.20000000000000018,1.0,1.0
101000001010000001000101001001001101,7962,0.041948359047953375,-107.24706890037574,0.20974179523976688,911600.0856531938,1.0,0.8,1.0
101000001010000001000101001010001101,5782,0.0,-106.83529411764705,0.0,908100.0,1.0,0.6000000000000001,1.0
101000001010000001000101001000001101,6040,0.0666666666666667,-116.5475935828877,0.3333333333333335,990654.5454545454,1.0,0.6000000000000001,1.0
101000001011000001000100001010100101,1580,0.23649602073600579,-120.88919484601188,0.6979300386397469,1028381.8913016694,0.8,1.0,0.9
101000001010000001000101001000001101,4938,0.0666666666666667,-116.5475935828877,0.3333333333333335,990654.5454545454,1.0,0.6000000000000001,1.0
101000001010000001000101001010001101,9274,0.0,-106.83529411764705,0.0,908100.0,1.0,0.6000000000000001,1.0
101000001110000001000101001001001101,1828,0.040260639106669285,-100.31506767665797,0.2013031955333464,852678.0752515928,1.0,1.0,1.0
101000001000000111001100001010100101,1600,0.8255348670965919,-111.38801896158022,0.6328243138028666,952739.4062102879,0.20000000000000018,1.0,0.9
101000001010000001000101001001001101,5392,0.041948359047953375,-107.24706890037574,0.20974179523976688,911600.0856531938,1.0,0.8,1.0
101000001010000001000101001000001101,2500,0.0666666666666667,-116.5475935828877,0.3333333333333335,990654.5454545454,1.0,0.6000000000000001,1.0
101000001010000101001100010011000101,1130,0.480768486320556,-98.12549820184395,0.41414238824259286,837449.2247893859,0.40000000000000013,1.0,1.0
101000001010000001000101001010001101,6672,0.0,-106.83529411764705,0.0,908100.0,1.0,0.6000000000000001,1.0
101000001010000001000101001000001101,8216,0.0666666666666667,-116.5475935828877,0.3333333333333335,990654.5454545454,1.0,0.6000000000000001,1.0
101000001010000101000101001011001101,1736,0.1305675849282772,-104.08818272899967,0.16828785960110393,885573.2883070657,0.8,1.0,1.0
101000001010100001001100110011000101,1568,15.866805355025951,-59.211366572582534,0.04562798921502442,638086.8938030066,1.1102230246251565E-16,0.9,1.0
101000001010000001000101001000001101,7344,0.0666666666666667,-116.5475935828877,0.3333333333333335,990654.5454545454,1.0,0.6000000000000001,1.0
101000001010000001000101001010001101,3556,0.0,-106.83529411764705,0.0,908100.0,1.0,0.6000000000000001,1.0
101000001010000001000101001001001101,7498,0.041948359047953375,-107.24706890037574,0.20974179523976688,911600.0856531938,1.0,0.8,1.0
101010001010000001000101001000101101,1762,0.2026015795759435,-122.28984019587841,0.5284578328394356,1040287.3767755349,0.8,1.0,0.9
101000001010000001000101001001001101,4374,0.041948359047953375,-107.24706890037574,0.20974179523976688,911600.0856531938,1.0,0.8,1.0
101000001010000001000101001010001101,9494,0.0,-106.83529411764705,0.0,908100.0,1.0,0.6000000000000001,1.0
101001000100010011000101111101111100,152,15.967287904753942,-39.00980836282592,0.5480407378549785,466373.6490200754,1.1102230246251565E-16,1.0,1.0
101000001000000101000101001010101101,1536,0.20145471083705663,-120.59782613294126,0.5227234891450012,1025905.2572405692,0.8,1.0,0.9
101000001010000001000101001001001101,1844,0.041948359047953375,-107.24706890037574,0.20974179523976688,911600.0856531938,1.0,0.8,1.0
101000001010000001000101001001001101,5938,0.041948359047953375,-107.24706890037574,0.20974179523976688,911600.0856531938,1.0,0.8,1.0
101000001000000011000101001001001101,8260,0.06132704598304935,-108.6373790867226,0.3066352299152467,923417.7222371422,1.0,0.8,0.9
101000001010000001001100110011000111,1108,15.929368743846462,-82.83612827113036,0.3584449333175799,838897.3682406632,1.1102230246251565E-16,0.8,1.0
101100001010000001001101001001001101,5924,0.40817231186035535,-90.14241753908018,0.051161515941589686,769593.0391558938,0.40000000000000013,1.0,1.0
101000001010000001000101001010001101,9430,0.0,-106.83529411764705,0.0,908100.0,1.0,0.6000000000000001,1.0
100001111010110110001100111110100111,294,15.859920951965846,-62.436657683032436,0.01120597391449829,665501.8682418307,1.1102230246251565E-16,1.0,0.9
100100001000000000000101001001001101,9562,0.17891470035425752,-132.34714837005018,0.8945735017712876,1124950.7611454264,1.0,0.8,0.8
101000001000000001000101001010001101,7692,0.0666666666666667,-116.5475935828877,0.3333333333333335,990654.5454545454,1.0,0.6000000000000001,1.0
101000001010000001000101001000001101,3226,0.0666666666666667,-116.5475935828877,0.3333333333333335,990654.5454545454,1.0,0.6000000000000001,1.0
010111000111011100011010010110010010,204,15.860258295735644,-48.977756405496294,0.012892692763487146,551101.2073827735,1.1102230246251565E-16,1.0,1.0
101000001010000001000101001000001101,6794,0.0666666666666667,-116.5475935828877,0.3333333333333335,990654.5454545454,1.0,0.6000000000000001,1.0
101000001010000001000111001010001101,2368,0.7489700043360185,-121.3985089872606,0.2499999999999999,1037828.5714285712,0.20000000000000018,0.6000000000000001,1.0
101000001010000001000100001100000111,6042,0.3993941327114711,-141.44876009740884,0.887726915475574,1204200.1751997143,0.6000000000000001,0.8,0.8
101000001010000101001100010011000101,976,0.480768486320556,-98.12549820184395,0.41414238824259286,837449.2247893859,0.40000000000000013,1.0,1.0
101000001010000001000100001010000101,1926,0.13333333333333336,-128.20235294117646,0.6666666666666667,1089720.0,1.0,0.6000000000000001,0.9
101000001010000001000101001001001101,6702,0.041948359047953375,-107.24706890037574,0.20974179523976688,911600.0856531938,1.0,0.8,1.0
101000001011000011000100100011000101,1776,0.18779471033008927,-89.1058840181685,0.4544234866101644,758223.7492650007,0.8,1.0,1.0
101000001010000001000101001001001101,2608,0.041948359047953375,-107.24706890037574,0.20974179523976688,911600.0856531938,1.0,0.8,1.0
101000001010000001000101001010001111,9530,0.4479400086720374,-121.69953898292458,0.2499999999999999,1037828.5714285712,0.40000000000000013,0.6000000000000001,1.0
101000001010000001000101001010001101,2594,0.0,-106.83529411764705,0.0,908100.0,1.0,0.6000000000000001,1.0
101000001010000001000101001001001101,4136,0.041948359047953375,-107.24706890037574,0.20974179523976688,911600.0856531938,1.0,0.8,1.0
101000001010000001000100001000100111,2102,0.4147967324719607,-150.1279935634883,0.9647399142780217,1277973.6596613897,0.6000000000000001,0.9,0.8
101000001010000001000101001010001101,5420,0.0,-106.83529411764705,0.0,908100.0,1.0,0.6000000000000001,1.0
101111001011110101100001011001001111,726,15.866637977732044,-65.734574691911,0.04479110274548348,693534.1628172987,1.1102230246251565E-16,1.0,1.0
101000001010000001000101001010001101,6780,0.0,-106.83529411764705,0.0,908100.0,1.0,0.6000000000000001,1.0
101000101010000001000101001010001101,5738,0.13911476723976496,-91.24268697980439,0.21102377115854276,776386.5744389058,0.8,0.7000000000000001,1.0
101000001010000001000101001000001101,6026,0.0666666666666667,-116.5475935828877,0.3333333333333335,990654.5454545454,1.0,0.6000000000000001,1.0
000111000111111100110000101000000010,124,15.991800804239539,-28.256891887545134,0.6706052352829608,374973.85898018867,1.1102230246251565E-16,1.0,1.0
101000001010000001000101001000001101,7258,0.0666666666666667,-116.5475935828877,0.3333333333333335,990654.5454545454,1.0,0.6000000000000001,1.0
101000001010000001000101001001001101,5100,0.041948359047953375,-107.24706890037574,0.20974179523976688,911600.0856531938,1.0,0.8,1.0
101000001010000001000101001001001101,6360,0.041948359047953375,-107.24706890037574,0.20974179523976688,911600.0856531938,1.0,0.8,1.0
101000001010000001000101001001001101,4444,0.041948359047953375,-107.24706890037574,0.20974179523976688,911600.0856531938,1.0,0.8,1.0
101000001010000001000101001001001101,5516,0.041948359047953375,-107.24706890037574,0.20974179523976688,911600.0856531938,1.0,0.8,1.0
101000001010000001000101001001001101,7830,0.041948359047953375,-107.24706890037574,0.20974179523976688,911600.0856531938,1.0,0.8,1.0
101000001000000011000101001010001101,8280,0.04194835904795333,-107.24706890037574,0.20974179523976666,911600.0856531938,1.0,0.8,1.0
101000001000000001000100001001000101,1706,0.2,-136.17956730191256,1.0,1157526.3220662568,1.0,0.6000000000000001,0.8
101000001010000001000101001010001101,7792,0.0,-106.83529411764705,0.0,908100.0,1.0,0.6000000000000001,1.0
101000001000000011000101001010001101,9238,0.04194835904795333,-107.24706890037574,0.20974179523976666,911600.0856531938,1.0,0.8,1.0
001111000010100001110100111001010010,212,15.889838891362025,-53.74859525672957,0.16079567089539482,591653.3376182565,1.1102230246251565E-16,1.0,1.0
101000001010000001000101001010001101,9164,0.0,-106.83529411764705,0.0,908100.0,1.0,0.6000000000000001,1.0
101000001010000001000101001001001101,1984,0.041948359047953375,-107.24706890037574,0.20974179523976688,911600.0856531938,1.0,0.8,1.0
101000001010000001000100011000000101,8450,0.1910195140786865,-139.07886281227056,0.9550975703934326,1182170.3339042997,1.0,0.8,0.8
101000001010000101001100010111000101,352,0.7745138928996059,-90.35679048475617,0.3777194428179371,773973.9641572837,0.20000000000000018,1.0,1.0
111000001010000001000101001001001111,6920,15.961421162884836,-117.3238681678539,0.5187070285094433,1132043.1573628134,1.1102230246251565E-16,0.8,0.9
101000001010000001000101001000001101,7452,0.0666666666666667,-116.5475935828877,0.3333333333333335,990654.5454545454,1.0,0.6000000000000001,1.0
101000001010000001000100001010000101,3672,0.13333333333333336,-128.20235294117646,0.6666666666666667,1089720.0,1.0,0.6000000000000001,0.9
101000001010000001000101001010001101,6032,0.0,-106.83529411764705,0.0,908100.0,1.0,0.6000000000000001,1.0
101000001010000001000101001001001101,6470,0.041948359047953375,-107.24706890037574,0.20974179523976688,911600.0856531938,1.0,0.8,1.0
101000001010000001000101001001001101,7484,0.041948359047953375,-107.24706890037574,0.20974179523976688,911600.0856531938,1.0,0.8,1.0
101000001010111111101111011100111111,370,15.893677589225048,-75.94842286177344,0.17998916021050482,780351.8722611293,1.1102230246251565E-16,1.0,1.0
101000001010000001000101001001001101,4652,0.041948359047953375,-107.24706890037574,0.20974179523976688,911600.0856531938,1.0,0.8,1.0
101000001000000001000101001010001101,2598,0.0666666666666667,-116.5475935828877,0.3333333333333335,990654.5454545454,1.0,0.6000000000000001,1.0
101000001010000001000100100011000101,1460,0.0775922500725171,-93.1235218854189,0.38796125036258555,791549.9360260606,1.0,0.8,1.0
101000001010000001000101001010001101,9068,0.0,-106.83529411764705,0.0,908100.0,1.0,0.6000000000000001,1.0
000001111111000100111110111100110011,134,15.904413072874577,-66.26206356909147,0.2336665784581513,698017.8182733326,1.1102230246251565E-16,1.0,0.9
101100001000000001000101001010101101,1924,0.1650896361642824,-110.75959001350815,0.34089811578113005,942280.2502253877,0.8,1.0,1.0
101000001010100011000100001000100101,1946,0.25239707811657525,-109.42337400025988,0.7774353255425942,930922.4141127774,0.8,1.0,0.9
101000001010000001000101001000001101,5846,0.0666666666666667,-116.5475935828877,0.3333333333333335,990654.5454545454,1.0,0.6000000000000001,1.0
101000001010001001000101001000001101,9666,0.12043404201564317,-98.14349748849035,0.11762014503793394,835043.4637627365,0.8,0.7000000000000001,1.0
101000001010000001000101001001001101,5406,0.041948359047953375,-107.24706890037574,0.20974179523976688,911600.0856531938,1.0,0.8,1.0
101000001010000001000101001000001101,7128,0.0666666666666667,-116.5475935828877,0.3333333333333335,990654.5454545454,1.0,0.6000000000000001,1.0
101000001010000001000101001001001101,5418,0.041948359047953375,-107.24706890037574,0.20974179523976688,911600.0856531938,1.0,0.8,1.0
101000001010000101001100010111000101,1132,0.7745138928996059,-90.35679048475617,0.3777194428179371,773973.9641572837,0.20000000000000018,1.0,1.0
001000001010000001010111101011001001,1538,15.964812817083724,-49.293359441525894,0.5356652995038818,553783.8331890252,1.1102230246251565E-16,0.9,1.0
101000001110000001000101001000001101,8158,0.06388547761548755,-107.76640085196549,0.31942738807743776,916014.4072417066,1.0,0.8,1.0
101000001010000001000101001010001101,5158,0.0,-106.83529411764705,0.0,908100.0,1.0,0.6000000000000001,1.0
101000001010000001000101001001001101,6528,0.041948359047953375,-107.24706890037574,0.20974179523976688,911600.0856531938,1.0,0.8,1.0
101000001010000001000101011001001101,2072,0.06817962315622605,-110.85650002651623,0.3408981157811303,942280.250225388,1.0,0.8,1.0
111001011010111111101111011101011101,308,15.8691161777798,-65.24002077945819,0.05718210298426296,689330.4545614497,1.1102230246251565E-16,1.0,1.0
111010001010110101111111001001011111,502,15.900219414492646,-81.28357470356377,0.2126982865485001,825700.6629163472,1.1102230246251565E-16,1.0,1.0
101000001010000001000101001000001111,9248,0.32184874961635634,-131.26774401056463,0.5,1117661.5384615383,0.6000000000000001,0.6000000000000001,0.9
101000001011000001000101001000001101,9860,0.06388547761548755,-107.76640085196549,0.31942738807743776,916014.4072417066,1.0,0.8,1.0
100100001000000000000101001001001101,6674,0.17891470035425752,-132.34714837005018,0.8945735017712876,1124950.7611454264,1.0,0.8,0.8
101000001010000001000100001010000101,7818,0.13333333333333336,-128.20235294117646,0.6666666666666667,1089720.0,1.0,0.6000000000000001,0.9
100000001000000000000101001001001101,1980,0.2,-136.17956730191256,1.0,1157526.3220662568,1.0,0.6000000000000001,0.8
101000001010000001000101001000001101,2988,0.0666666666666667,-116.5475935828877,0.3333333333333335,990654.5454545454,1.0,0.6000000000000001,1.0
101000001000000011000101001010001101,9412,0.04194835904795333,-107.24706890037574,0.20974179523976666,911600.0856531938,1.0,0.8,1.0
011011000111110101101111111000101010,404,15.886743283209965,-70.856647095764,0.14531763013509247,737071.7782500491,1.1102230246251565E-16,1.0,1.0
101000001010000001000101001001001101,4002,0.041948359047953375,-107.24706890037574,0.20974179523976688,911600.0856531938,1.0,0.8,1.0
101000001011000001000101001000001101,6386,0.06388547761548755,-107.76640085196549,0.31942738807743776,916014.4072417066,1.0,0.8,1.0
101000001000000101000111001011001101,1656,0.8138606179078985,-122.50736182082771,0.5744530678594002,1047253.8205138918,0.20000000000000018,1.0,0.9
101000001010000001000101001000101101,4590,0.08912586197027975,-118.97146877261662,0.4456293098513987,1011257.4845672413,1.0,0.9,0.9
101000001010000001000101001001001101,3492,0.041948359047953375,-107.24706890037574,0.20974179523976688,911600.0856531938,1.0,0.8,1.0
101000001010000001000101001001001101,4668,0.041948359047953375,-107.24706890037574,0.20974179523976688,911600.0856531938,1.0,0.8,1.0
101000001010000001000101001001001101,2082,0.041948359047953375,-107.24706890037574,0.20974179523976688,911600.0856531938,1.0,0.8,1.0
101000100010010111001100101010010110,0,15.95532839934829,-45.58253360547589,0.48824321082670985,522241.8135826001,1.1102230246251565E-16,1.0,1.0
101000001010000001000101001001001101,3718,0.041948359047953375,-107.24706890037574,0.20974179523976688,911600.0856531938,1.0,0.8,1.0
101001001010000001000101001011001101,1788,0.46182548628752496,-86.39436435451204,0.31942738807743765,737734.5870870646,0.40000000000000013,0.8,1.0
101000001010000001000101001000001101,9980,0.0666666666666667,-116.5475935828877,0.3333333333333335,990654.5454545454,1.0,0.6000000000000001,1.0
101000001010000001000101001000001101,2124,0.0666666666666667,-116.5475935828877,0.3333333333333335,990654.5454545454,1.0,0.6000000000000001,1.0
101000001010000001000101001000001101,7134,0.0666666666666667,-116.5475935828877,0.3333333333333335,990654.5454545454,1.0,0.6000000000000001,1.0
101000001010000001000101001000001101,7796,0.0666666666666667,-116.5475935828877,0.3333333333333335,990654.5454545454,1.0,0.6000000000000001,1.0
000000110110000110111101010111011010,0,15.885065037054396,-42.65669463684192,0.1369263993572445,497372.1823492114,1.1102230246251565E-16,1.0,0.9
101000001011010001000111001010101111,1440,15.91494917449692,-99.90932103232588,0.2863470865698651,984019.506710825,1.1102230246251565E-16,1.0,1.0
101000001010000001000101001001001101,7036,0.041948359047953375,-107.24706890037574,0.20974179523976688,911600.0856531938,1.0,0.8,1.0
101000001010000001010101001010001101,9678,0.13911476723976496,-91.24268697980439,0.21102377115854276,776386.5744389058,0.8,0.7000000000000001,1.0
101100001000000001000101001010001101,2884,0.04194835904795333,-107.24706890037572,0.20974179523976666,911600.0856531936,1.0,0.8,1.0
101000001000000001000101001010001101,9622,0.0666666666666667,-116.5475935828877,0.3333333333333335,990654.5454545454,1.0,0.6000000000000001,1.0
101000001010000001000101001010001101,2148,0.0,-106.83529411764705,0.0,908100.0,1.0,0.6000000000000001,1.0
101000001010000001000101001001001101,4488,0.041948359047953375,-107.24706890037574,0.20974179523976688,911600.0856531938,1.0,0.8,1.0
101000001010000001000101001001001101,5684,0.041948359047953375,-107.24706890037574,0.20974179523976688,911600.0856531938,1.0,0.8,1.0
101000001010000001000101001000001101,8898,0.0666666666666667,-116.5475935828877,0.3333333333333335,990654.5454545454,1.0,0.6000000000000001,1.0
101100001000000001000101001001001101,5084,0.059638233451419186,-111.71373055770574,0.29819116725709593,949566.7097404988,1.0,0.8,0.9
101000001010000001000101001010001101,8224,0.0,-106.83529411764705,0.0,908100.0,1.0,0.6000000000000001,1.0
101000001010000001000101001000011101,2176,0.0638854776154876,-107.76640085196551,0.319427388077438,916014.4072417069,1.0,0.8,1.0
101000001010000001000101001001001101,2878,0.041948359047953375,-107.24706890037574,0.20974179523976688,911600.0856531938,1.0,0.8,1.0
101000001010011001000101001000001101,6996,0.7411747585677271,-84.64566837266425,0.21102377115854276,725429.4262045022,0.20000000000000018,0.7000000000000001,1.0
101000001010000001000101001001001101,2854,0.041948359047953375,-107.24706890037574,0.20974179523976688,911600.0856531938,1.0,0.8,1.0
111110011111111101110111001101011111,196,15.898474220438581,-71.85736899320207,0.20397231627816936,745577.9143782727,1.1102230246251565E-16,1.0,1.0
101000001010000101001100010111000101,982,0.7745138928996059,-90.35679048475617,0.3777194428179371,773973.9641572837,0.20000000000000018,1.0,1.0
101000001010000001000101001000001101,9588,0.0666666666666667,-116.5475935828877,0.3333333333333335,990654.5454545454,1.0,0.6000000000000001,1.0
101000001010000001000101001001001101,7740,0.041948359047953375,-107.24706890037574,0.20974179523976688,911600.0856531938,1.0,0.8,1.0
101000001010000001000101001001001101,6408,0.041948359047953375,-107.24706890037574,0.20974179523976688,911600.0856531938,1.0,0.8,1.0
101000001010000001000101001000001101,3224,0.0666666666666667,-116.5475935828877,0.3333333333333335,990654.5454545454,1.0,0.6000000000000001,1.0
101010001011100001000101001000001101,1838,0.4466411889297154,-96.47819797190674,0.24350590128838967,823447.1728349195,0.40000000000000013,0.8,1.0
101000001010000001000101001001001101,3808,0.041948359047953375,-107.24706890037574,0.20974179523976688,911600.0856531938,1.0,0.8,1.0
111111001010101111101111001010101101,990,15.87410146014607,-74.86289324289922,0.08210851481562131,771124.8705006985,1.1102230246251565E-16,1.0,1.0
101000001010000001000101001001001101,6412,0.041948359047953375,-107.24706890037574,0.20974179523976688,911600.0856531938,1.0,0.8,1.0
101000001000000001000101001010001101,8688,0.0666666666666667,-116.5475935828877,0.3333333333333335,990654.5454545454,1.0,0.6000000000000001,1.0
101000001010011101101111001011001101,1052,15.89605367119159,-67.51371968494868,0.19186957004321759,708656.8952581189,1.1102230246251565E-16,1.0,1.0
101000001010000101000001001010001101,7642,0.12356976603312753,-86.58844650957839,0.13329876512535566,736825.5304419848,0.8,0.9,1.0
101000001010000001000111000010111111,1192,15.925195606829574,-93.55654370292805,0.33757924823313934,930020.8994109435,1.1102230246251565E-16,0.9,1.0
101000001010000001000100001001000111,5160,0.3993941327114711,-141.44876009740884,0.887726915475574,1204200.1751997143,0.6000000000000001,0.8,0.8
111011001010110001010111001011001101,858,15.879441856265222,-73.8143675304252,0.10881049541138199,762212.4019446693,1.1102230246251565E-16,1.0,1.0
101000001010000001000101001000101101,2138,0.08912586197027975,-118.97146877261662,0.4456293098513987,1011257.4845672413,1.0,0.9,0.9
101000001010000001000101001000001101,4254,0.0666666666666667,-116.5475935828877,0.3333333333333335,990654.5454545454,1.0,0.6000000000000001,1.0
111000001010000001000100001000100101,1928,0.5908879915276418,-149.95190230443262,0.9647399142780217,1277973.6596613897,0.40000000000000013,0.9,0.8
101000001010000001000101001001001101,3914,0.041948359047953375,-107.24706890037574,0.20974179523976688,911600.0856531938,1.0,0.8,1.0
101000001010000001000101001010001101,4282,0.0,-106.83529411764705,0.0,908100.0,1.0,0.6000000000000001,1.0
101000001010000001000101001010001101,3298,0.0,-106.83529411764705,0.0,908100.0,1.0,0.6000000000000001,1.0
101000001010000001000101001001001101,6930,0.041948359047953375,-107.24706890037574,0.20974179523976688,911600.0856531938,1.0,0.8,1.0
101000001010000001000101001001001101,7806,0.041948359047953375,-107.24706890037574,0.20974179523976688,911600.0856531938,1.0,0.8,1.0
101000001010000001000101001001001101,4112,0.041948359047953375,-107.24706890037574,0.20974179523976688,911600.0856531938,1.0,0.8,1.0
101000001011000001000101001000001101,4878,0.06388547761548755,-107.76640085196549,0.31942738807743776,916014.4072417066,1.0,0.8,1.0
101000001010000001000101001001001101,1686,0.041948359047953375,-107.24706890037574,0.20974179523976688,911600.0856531938,1.0,0.8,1.0
101000001010000001000101001000001101,6386,0.0666666666666667,-116.5475935828877,0.3333333333333335,990654.5454545454,1.0,0.6000000000000001,1.0
101000001000000001000101001001001101,1986,0.06666666666666668,-112.31816562798068,0.33333333333333337,954704.4078378357,1.0,0.6000000000000001,0.9
101000001010000001000101001010001101,3958,0.0,-106.83529411764705,0.0,908100.0,1.0,0.6000000000000001,1.0
101000001000000001000101001001001101,1880,0.06666666666666668,-112.31816562798068,0.33333333333333337,954704.4078378357,1.0,0.6000000000000001,0.9
101000001010000001000101001000001101,2280,0.0666666666666667,-116.5475935828877,0.3333333333333335,990654.5454545454,1.0,0.6000000000000001,1.0
001000001010000101001100010011000001,1322,0.43889657155967193,-53.948416657932164,0.20478281443817248,461944.0316661357,0.40000000000000013,1.0,1.0
101000001000000001000101001001001101,1582,0.06666666666666668,-112.31816562798068,0.33333333333333337,954704.4078378357,1.0,0.6000000000000001,0.9
100000001000000000000111001001001101,1824,0.5979400086720374,-149.3596141619689,1.0,1272939.2104504479,0.40000000000000013,0.6000000000000001,0.8
101000001010000001000101001000001101,3296,0.0666666666666667,-116.5475935828877,0.3333333333333335,990654.5454545454,1.0,0.6000000000000001,1.0
101000001000000111001100101011000101,1422,0.3278396749578407,-100.65045244805977,0.529954626707422,857414.5601802471,0.6000000000000001,1.0,0.9
010000011111111100100010001110000011,0,15.86821777031343,-48.95282928978335,0.052690065652421625,550889.3268992136,1.1102230246251565E-16,1.0,0.9
101100001010000001000100001001000101,1812,0.1686823971659396,-121.15824328788861,0.843411985829698,1029845.0679470532,1.0,1.0,0.9
101000001000000001000101001010001101,9912,0.0666666666666667,-116.5475935828877,0.3333333333333335,990654.5454545454,1.0,0.6000000000000001,1.0
101000001010000001000101001001001101,2852,0.041948359047953375,-107.24706890037574,0.20974179523976688,911600.0856531938,1.0,0.8,1.0
101100001000000001000101001010001101,8510,0.04194835904795333,-107.24706890037572,0.20974179523976666,911600.0856531936,1.0,0.8,1.0
101000001011000011000101100011001111,1590,15.888064911423205,-77.8166181376072,0.15192577120129236,796231.5321057162,1.1102230246251565E-16,1.0,1.0
101000001010000001000101001010001101,8112,0.0,-106.83529411764705,0.0,908100.0,1.0,0.6000000000000001,1.0
101000001010000001000101001010001101,3210,0.0,-106.83529411764705,0.0,908100.0,1.0,0.6000000000000001,1.0
101000001010000001000101001000001101,9550,0.0666666666666667,-116.5475935828877,0.3333333333333335,990654.5454545454,1.0,0.6000000000000001,1.0
101000001010000001000101001001001101,3760,0.041948359047953375,-107.24706890037574,0.20974179523976688,911600.0856531938,1.0,0.8,1.0
101000001010000001000101001001001101,5328,0.041948359047953375,-107.24706890037574,0.20974179523976688,911600.0856531938,1.0,0.8,1.0
111011011111110101111111001001001111,298,15.871293737623574,-70.80988252601601,0.06806990220313813,736674.2794071912,1.1102230246251565E-16,1.0,1.0
101000001000000011000101001010001101,8428,0.04194835904795333,-107.24706890037574,0.20974179523976666,911600.0856531938,1.0,0.8,1.0
101100001010000001000100001011000101,1696,0.11927646690283833,-111.71373055770573,0.5963823345141916,949566.7097404987,1.0,1.0,0.9
101000001000000001000100001010100101,1864,0.2879295270867429,-138.98195279926247,0.9550975703934326,1182170.3339042994,0.8,0.9,0.8
101000001010000001000101001010001101,6960,0.0,-106.83529411764705,0.0,908100.0,1.0,0.6000000000000001,1.0
101000001000000101001100010011000101,1388,0.3612389566103288,-103.21624891463762,0.6969510349698624,879223.8301461588,0.6000000000000001,1.0,0.9
101100001000000001001101110011001101,1378,0.4216348877312548,-75.34297526272546,0.11847439529608672,643797.7798068788,0.40000000000000013,1.0,1.0
101000001010000001000101001001001101,5262,0.041948359047953375,-107.24706890037574,0.20974179523976688,911600.0856531938,1.0,0.8,1.0
111000001010000001000101100011001101,1992,0.41723189069827155,-96.59799359539987,0.09645941013117065,824465.4356346112,0.40000000000000013,0.8,1.0
101000001010000001000101001010001101,8116,0.0,-106.83529411764705,0.0,908100.0,1.0,0.6000000000000001,1.0
101010001010111111101111001010101111,990,15.8743803703807,-76.90921113976395,0.083503065988767,788518.5726240487,1.1102230246251565E-16,1.0,1.0
101000001010011101101111001011101101,918,15.869818418165913,-71.18431387692871,0.06069330491483216,739856.9458899491,1.1102230246251565E-16,1.0,1.0
101000001010000001000100001000000101,3370,0.2,-142.4470588235294,1.0,1210800.0,1.0,0.6000000000000001,0.9
101000001010000001000101001001001101,6648,0.041948359047953375,-107.24706890037574,0.20974179523976688,911600.0856531938,1.0,0.8,1.0
101000001010000001000101001010001101,9812,0.0,-106.83529411764705,0.0,908100.0,1.0,0.6000000000000001,1.0
101000001011000001000100001010100101,1554,0.23649602073600579,-120.88919484601188,0.6979300386397469,1028381.8913016694,0.8,1.0,0.9
101000001010000001000101001001001101,5126,0.041948359047953375,-107.24706890037574,0.20974179523976688,911600.0856531938,1.0,0.8,1.0
101000001010000001000101001000001101,6030,0.0666666666666667,-116.5475935828877,0.3333333333333335,990654.5454545454,1.0,0.6000000000000001,1.0
000011011000010010101110010110010011,146,15.889776709867615,-40.477148293251446,0.1604847634233384,478846.0384286924,1.1102230246251565E-16,1.0,0.9
101000001010000001000101001001001101,5032,0.041948359047953375,-107.24706890037574,0.20974179523976688,911600.0856531938,1.0,0.8,1.0
100000001000000000000101001001001101,7956,0.2,-136.17956730191256,1.0,1157526.3220662568,1.0,0.6000000000000001,0.8
101000001010001001000101001010001101,6068,0.13911476723976496,-91.24268697980439,0.21102377115854276,776386.5744389058,0.8,0.7000000000000001,1.0
111000110100001001111101111101111100,0,15.927060087211267,-40.96621666204622,0.34690165014160335,483003.11956344795,1.1102230246251565E-16,1.0,1.0
101000001010000001000101001000001101,9088,0.0666666666666667,-116.5475935828877,0.3333333333333335,990654.5454545454,1.0,0.6000000000000001,1.0
101000001000000001000100001010100101,1760,0.2879295270867429,-138.98195279926247,0.9550975703934326,1182170.3339042994,0.8,0.9,0.8
101000001010000001000101001010001101,2168,0.0,-106.83529411764705,0.0,908100.0,1.0,0.6000000000000001,1.0
101000001010000001000101001001001101,3360,0.041948359047953375,-107.24706890037574,0.20974179523976688,911600.0856531938,1.0,0.8,1.0
101000001010000001000101001010001101,7040,0.0,-106.83529411764705,0.0,908100.0,1.0,0.6000000000000001,1.0
101000001010000001000101001000001101,6172,0.0666666666666667,-116.5475935828877,0.3333333333333335,990654.5454545454,1.0,0.6000000000000001,1.0
101000001010000001000101001001001101,3826,0.041948359047953375,-107.24706890037574,0.20974179523976688,911600.0856531938,1.0,0.8,1.0
101000001010000001000101001000001101,3344,0.0666666666666667,-116.5475935828877,0.3333333333333335,990654.5454545454,1.0,0.6000000000000001,1.0
101000001010000001000101001010001101,4006,0.0,-106.83529411764705,0.0,908100.0,1.0,0.6000000000000001,1.0
010001011011101110101011011110001011,176,15.866378597256187,-53.662511627634316,0.04349420036620244,590921.6267709468,1.1102230246251565E-16,1.0,1.0
001111001010010001000011001000101011,462,15.870378159767261,-59.223537948954245,0.06349201292157414,638190.3505021662,1.1102230246251565E-16,1.0,1.0
101000001010000001000011001001001101,1920,0.4369924378471644,-95.17408316291694,0.19526214587563495,812362.1969585064,0.40000000000000013,0.8,1.0
101000001010000001000101001010001101,9010,0.0,-106.83529411764705,0.0,908100.0,1.0,0.6000000000000001,1.0
101000001010000001000101001001001101,7104,0.041948359047953375,-107.24706890037574,0.20974179523976688,911600.0856531938,1.0,0.8,1.0
101001010000000111001111001000101110,648,15.869713911240012,-65.8138367534827,0.06017077028532847,694207.890340658,1.1102230246251565E-16,0.8,1.0
101000001010000101000101001001001101,1782,0.1650896361642824,-110.75959001350817,0.34089811578113005,942280.250225388,0.8,1.0,1.0
101000001000100001001100101011000101,1586,0.7678105926438779,-86.39033337150401,0.34420294153929665,740259.0786946403,0.20000000000000018,0.9,0.9
101001011011101111101011011110011111,0,15.881164331658937,-60.94005281974965,0.11742287237994997,652780.7269039272,1.1102230246251565E-16,1.0,1.0
101100001000000001000101001001001101,1980,0.059638233451419186,-111.71373055770574,0.29819116725709593,949566.7097404988,1.0,0.8,0.9
101000001000000011000101001010001101,9216,0.04194835904795333,-107.24706890037574,0.20974179523976666,911600.0856531938,1.0,0.8,1.0
101000001010000001000101001001001101,6654,0.041948359047953375,-107.24706890037574,0.20974179523976688,911600.0856531938,1.0,0.8,1.0
101000001010000001000101001001001101,5458,0.041948359047953375,-107.24706890037574,0.20974179523976688,911600.0856531938,1.0,0.8,1.0
101000001010000001000101001001001101,7880,0.041948359047953375,-107.24706890037574,0.20974179523976688,911600.0856531938,1.0,0.8,1.0
101000001010000001000101001010001101,9548,0.0,-106.83529411764705,0.0,908100.0,1.0,0.6000000000000001,1.0
110001111010111110101111001101011111,0,15.886936080441583,-67.976119105172,0.14628161629318215,712587.2903300171,1.1102230246251565E-16,1.0,1.0
101000001010000001000101001001001111,7724,0.3022009598245817,-121.79168921608897,0.40176105104112725,1037115.0727084953,0.6000000000000001,0.8,0.9
101000001010000001000101001000001101,3812,0.0666666666666667,-116.5475935828877,0.3333333333333335,990654.5454545454,1.0,0.6000000000000001,1.0
101101010100011111101100000010110100,0,16.052873452745516,-25.370022064361574,0.9759684778128503,350435.46548312844,1.1102230246251565E-16,1.0,0.9
101000001010000001000101001010001101,2766,0.0,-106.83529411764705,0.0,908100.0,1.0,0.6000000000000001,1.0
110001111010111110101111001101011101,138,15.862866650679639,-61.361576634045434,0.02593446748345951,656363.6793254412,1.1102230246251565E-16,1.0,1.0
101000001010000001000101001000001101,3204,0.0666666666666667,-116.5475935828877,0.3333333333333335,990654.5454545454,1.0,0.6000000000000001,1.0
101000001010000001000101001010001101,9008,0.0,-106.83529411764705,0.0,908100.0,1.0,0.6000000000000001,1.0
101000001010000001000000001010000101,2146,0.1,-94.96470588235293,0.5,807199.9999999999,1.0,0.40000000000000013,0.9
101000001010000001000101001001001101,5110,0.041948359047953375,-107.24706890037574,0.20974179523976688,911600.0856531938,1.0,0.8,1.0
011111001010101001010111001100111011,450,15.863086023196352,-61.346633984068305,0.02703133006703129,656236.6668006356,1.1102230246251565E-16,1.0,1.0
101000001010000001000101001001001101,7528,0.041948359047953375,-107.24706890037574,0.20974179523976688,911600.0856531938,1.0,0.8,1.0
101000001000000011000101001010001101,8070,0.04194835904795333,-107.24706890037574,0.20974179523976666,911600.0856531938,1.0,0.8,1.0
101000001010001001000100001000000111,7158,0.564057036744768,-130.12857974285654,0.8305851403636532,1109475.417887993,0.40000000000000013,0.7000000000000001,0.9
110001101010011100110111101101011111,206,15.915982402026762,-74.63481134453413,0.29151322421907955,769186.1743645952,1.1102230246251565E-16,1.0,0.9
101000001010000001000101001010001101,9998,0.0,-106.83529411764705,0.0,908100.0,1.0,0.6000000000000001,1.0
101000001010000001000101001010001101,5396,0.0,-106.83529411764705,0.0,908100.0,1.0,0.6000000000000001,1.0
101000001010000001000101001000001101,4826,0.0666666666666667,-116.5475935828877,0.3333333333333335,990654.5454545454,1.0,0.6000000000000001,1.0
101000001010000001000101001010001101,9308,0.0,-106.83529411764705,0.0,908100.0,1.0,0.6000000000000001,1.0
111000001010000001000101001010001101,9320,0.4479400086720374,-121.69953898292458,0.2499999999999999,1037828.5714285712,0.40000000000000013,0.6000000000000001,1.0
101000001000000011000101001010001101,8690,0.04194835904795333,-107.24706890037574,0.20974179523976666,911600.0856531938,1.0,0.8,1.0
101000001010000001000000001000100101,1556,0.1876393202250021,-110.91743263303024,0.9381966011250105,942798.177380757,1.0,0.8,0.9
101000001010000001000101001010001101,4816,0.0,-106.83529411764705,0.0,908100.0,1.0,0.6000000000000001,1.0
010011011000000110100000001001000011,202,15.916258400945637,-36.82876233923392,0.2928932188134522,447834.75781954336,1.1102230246251565E-16,0.8,0.8
101000001010000001000101001010001101,3212,0.0,-106.83529411764705,0.0,908100.0,1.0,0.6000000000000001,1.0
101000001010000001000101001010001101,9438,0.0,-106.83529411764705,0.0,908100.0,1.0,0.6000000000000001,1.0
101000001010000001001100110011000101,1102,0.2530861919959894,-84.15756228393475,0.15618721189816553,717224.9937851845,0.6000000000000001,0.8,1.0
101100001000000001000101001010001101,7824,0.04194835904795333,-107.24706890037572,0.20974179523976666,911600.0856531936,1.0,0.8,1.0
111000001010010001000111001010101111,1008,15.936726564980958,-112.6154828703007,0.39523403899005927,1092021.882333611,1.1102230246251565E-16,0.9,0.9
000011000100101100100011000011011000,0,15.8945601683978,-35.77424131449351,0.18440205607426763,438871.3291092498,1.1102230246251565E-16,0.9,0.9
101000001010000001000101001010001101,6342,0.0,-106.83529411764705,0.0,908100.0,1.0,0.6000000000000001,1.0
101000001010000001000101001001001101,7938,0.041948359047953375,-107.24706890037574,0.20974179523976688,911600.0856531938,1.0,0.8,1.0
101000001010000001000101001001001101,4796,0.041948359047953375,-107.24706890037574,0.20974179523976688,911600.0856531938,1.0,0.8,1.0
101000001010000001000101001001001101,5958,0.041948359047953375,-107.24706890037574,0.20974179523976688,911600.0856531938,1.0,0.8,1.0
101000001010000001001100111011000101,1240,0.4577693073160933,-95.77879631458043,0.2991464932202792,817502.258747646,0.40000000000000013,0.8,1.0
101000001010001101000101001010101101,1582,15.886782790258783,-84.93759465408726,0.14551516537918407,856759.8324957968,1.1102230246251565E-16,1.0,1.0
101000001001000101001100010011000101,1434,0.8401278700278567,-97.13705145695988,0.7057893284591912,831606.1824210151,0.20000000000000018,1.0,0.9
101000001010000001000101001001001101,5136,0.041948359047953375,-107.24706890037574,0.20974179523976688,911600.0856531938,1.0,0.8,1.0
101000001010000001000100101001000101,5826,0.1427970036074046,-116.7317083296039,0.7139850180370231,992219.5208016332,1.0,0.8,0.9
101000001010000001000101001000011101,6044,0.0638854776154876,-107.76640085196551,0.319427388077438,916014.4072417069,1.0,0.8,1.0
101010001011000001000100001010100101,1578,0.370514002648505,-122.19408836372591,0.7433262651607433,1040535.4654634093,0.6000000000000001,1.0,0.9
101000001010000001000101001010001101,8194,0.0,-106.83529411764705,0.0,908100.0,1.0,0.6000000000000001,1.0
101000001010000001000101001001001101,6708,0.041948359047953375,-107.24706890037574,0.20974179523976688,911600.0856531938,1.0,0.8,1.0
101000000010010101101111001101111110,488,15.859756342605978,-63.77297246716482,0.010382927115158758,676860.5439069561,1.1102230246251565E-16,1.0,1.0
101000001010000001000101001000001101,9894,0.0666666666666667,-116.5475935828877,0.3333333333333335,990654.5454545454,1.0,0.6000000000000001,1.0
010010001000011100000110001001000011,106,15.974839951094241,-69.09059777050118,0.5858009695564685,722060.3589853151,1.1102230246251565E-16,1.0,0.8
101000001010001001000100001000000101,9306,0.251891608494234,-115.63011428330236,0.7749079774308878,983679.7065186385,0.8,0.7000000000000001,0.9
101000001010000001000101001010001101,4498,0.0,-106.83529411764705,0.0,908100.0,1.0,0.6000000000000001,1.0
101010001010000001000001001001001101,1670,0.11388569608998149,-83.95800623434165,0.08487841540962549,714466.7881024726,0.8,1.0,1.0
101000001010000001000101001010001101,5618,0.0,-106.83529411764705,0.0,908100.0,1.0,0.6000000000000001,1.0
101100001000000001000101001010001101,6164,0.04194835904795333,-107.24706890037572,0.20974179523976666,911600.0856531936,1.0,0.8,1.0
101000001010000001000101001001001101,4036,0.041948359047953375,-107.24706890037574,0.20974179523976688,911600.0856531938,1.0,0.8,1.0
101000001000000001000101001010001101,4786,0.0666666666666667,-116.5475935828877,0.3333333333333335,990654.5454545454,1.0,0.6000000000000001,1.0
100100001000000000000101001001001101,3412,0.17891470035425752,-132.34714837005018,0.8945735017712876,1124950.7611454264,1.0,0.8,0.8
101000001010000001000100001010100101,1622,0.23323684164849423,-127.61564925567194,0.6816341432021892,1085556.75378378,0.8,0.9,0.9
101000001010000001000101001001001101,4766,0.041948359047953375,-107.24706890037574,0.20974179523976688,911600.0856531938,1.0,0.8,1.0
011101011110000001000111001010101011,1176,15.892793529020764,-77.07941951458885,0.17556885918909082,789965.3438100603,1.1102230246251565E-16,1.0,1.0
101000001010000001000100001000000101,7176,0.2,-142.4470588235294,1.0,1210800.0,1.0,0.6000000000000001,0.9
101000001010000001000101001000001101,9272,0.0666666666666667,-116.5475935828877,0.3333333333333335,990654.5454545454,1.0,0.6000000000000001,1.0
101000001010000101001100010001000111,1048,0.8337716548066874,-115.06500672920187,0.6740082523533442,983993.802235072,0.20000000000000018,1.0,0.9
101000001010000001000101001001001101,3056,0.041948359047953375,-107.24706890037574,0.20974179523976688,911600.0856531938,1.0,0.8,1.0
101100001000000001010101001011001101,2126,0.2328206431916867,-90.12675072211479,0.05485946787665186,767963.0955097148,0.6000000000000001,1.0,1.0
101000001010000001000101001000001101,9810,0.0666666666666667,-116.5475935828877,0.3333333333333335,990654.5454545454,1.0,0.6000000000000001,1.0
101001001010000101001111001001101111,606,15.917434941351164,-95.5066730405406,0.29877592084109084,946596.9987806502,1.1102230246251565E-16,1.0,1.0
101001001001000001000101001010101101,1608,0.7341282958103177,-98.50090257577565,0.1757914573714957,843198.9169309492,0.20000000000000018,1.0,1.0
101000001010000001000101001010001101,7416,0.0,-106.83529411764705,0.0,908100.0,1.0,0.6000000000000001,1.0
101000001010000001000101001000001101,4614,0.0666666666666667,-116.5475935828877,0.3333333333333335,990654.5454545454,1.0,0.6000000000000001,1.0
101000001010000001000101001000001101,4700,0.0666666666666667,-116.5475935828877,0.3333333333333335,990654.5454545454,1.0,0.6000000000000001,1.0
101000001010000001000101001001001101,2476,0.041948359047953375,-107.24706890037574,0.20974179523976688,911600.0856531938,1.0,0.8,1.0
101000001010000001000101001010001101,5440,0.0,-106.83529411764705,0.0,908100.0,1.0,0.6000000000000001,1.0
101000001010000001000101001010001101,8942,0.0,-106.83529411764705,0.0,908100.0,1.0,0.6000000000000001,1.0
101000001010000001000101001000001101,9732,0.0666666666666667,-116.5475935828877,0.3333333333333335,990654.5454545454,1.0,0.6000000000000001,1.0
101000001010000001000101001001001101,6892,0.041948359047953375,-107.24706890037574,0.20974179523976688,911600.0856531938,1.0,0.8,1.0
101000001010000101001100000011000101,1324,0.2861891213143578,-90.75362691739814,0.32170185849000743,773291.5431696232,0.6000000000000001,1.0,1.0
101000001000000001000100001010100101,1598,0.2879295270867429,-138.98195279926247,0.9550975703934326,1182170.3339042994,0.8,0.9,0.8
101000001010000001000101001000001101,7042,0.0666666666666667,-116.5475935828877,0.3333333333333335,990654.5454545454,1.0,0.6000000000000001,1.0
100011001011010110001100111110100111,308,15.930914967024002,-86.47483470842495,0.36617604920527447,869826.3729576671,1.1102230246251565E-16,1.0,0.9
101000001010000001000010000001000101,1368,0.4218487496163563,-122.88140064443861,1.0,1046377.6198494673,0.6000000000000001,0.7000000000000001,0.9
101000001010000001000101001001001101,3560,0.041948359047953375,-107.24706890037574,0.20974179523976688,911600.0856531938,1.0,0.8,1.0
110011011000010110101010010110000111,200,15.946888382848812,-83.58885504336759,0.44604312832932447,845295.5458046795,1.1102230246251565E-16,1.0,0.9
101000001010000001000101100011001101,1542,0.05040791309232073,-80.1213239932028,0.25203956546160367,681031.2539422237,1.0,0.8,1.0
101000001010000001000101001000001101,3168,0.0666666666666667,-116.5475935828877,0.3333333333333335,990654.5454545454,1.0,0.6000000000000001,1.0
101100001000000001000101001010001101,2900,0.04194835904795333,-107.24706890037572,0.20974179523976666,911600.0856531936,1.0,0.8,1.0
101000001010000001000101001001001101,4944,0.041948359047953375,-107.24706890037574,0.20974179523976688,911600.0856531938,1.0,0.8,1.0
110001110010111100000110100011100110,268,15.907876596911406,-44.77107983914381,0.25098419864229427,515344.4565687774,1.1102230246251565E-16,1.0,1.0
101000001010000001000101001001001101,5878,0.041948359047953375,-107.24706890037574,0.20974179523976688,911600.0856531938,1.0,0.8,1.0
101000001010000001000101001001001101,7648,0.041948359047953375,-107.24706890037574,0.20974179523976688,911600.0856531938,1.0,0.8,1.0
110011011000010110101110010110000111,116,15.94517799069202,-82.47827963660038,0.43749116754536743,835855.6548471582,1.1102230246251565E-16,1.0,0.9
100100001010000000000101001001001101,3394,0.1686823971659396,-121.15824328788861,0.843411985829698,1029845.0679470532,1.0,1.0,0.9
101000001000000001000100010011000101,1522,0.2862165247204004,-112.55005794948138,0.94653255856172,957499.2276811602,0.8,0.8,0.9
101000001010000001000101001000001101,2926,0.0666666666666667,-116.5475935828877,0.3333333333333335,990654.5454545454,1.0,0.6000000000000001,1.0
101000001010000001000101001010001101,2608,0.0,-106.83529411764705,0.0,908100.0,1.0,0.6000000000000001,1.0
101000001010000001001101000011001101,1534,0.3561633246671183,-72.77140196174071,0.6715728752538099,620442.6310465351,0.6000000000000001,0.8,0.9
101000001010000001000101001000001101,3488,0.0666666666666667,-116.5475935828877,0.3333333333333335,990654.5454545454,1.0,0.6000000000000001,1.0
110001111010111110101010001110000111,162,16.057479757182946,15.857679592708914,0.999,0.001398029270137733,1.1102230246251565E-16,1.0,1.0
101000001011000001000101001111001101,1734,4.4408920985006264E-17,-89.23784710695068,2.220446049250313E-16,758521.7004090808,1.0,1.0,1.0
101000001010000001000101001010001101,8450,0.0,-106.83529411764705,0.0,908100.0,1.0,0.6000000000000001,1.0
101110001010111111101111001100011111,564,15.882403020124464,-71.70419878338967,0.12361631470759049,744275.9675948673,1.1102230246251565E-16,1.0,1.0
100000001010000000000101001010001101,3040,0.13333333333333336,-128.20235294117646,0.6666666666666667,1089720.0,1.0,0.6000000000000001,0.9
101000001010000001000101001001001101,6926,0.041948359047953375,-107.24706890037574,0.20974179523976688,911600.0856531938,1.0,0.8,1.0
101000001010000101000101001010101101,1588,0.2806250048682532,-113.14568122976921,0.29388127625948446,963624.0048247774,0.6000000000000001,1.0,1.0
101000001010000001000101001001001101,7144,0.041948359047953375,-107.24706890037574,0.20974179523976688,911600.0856531938,1.0,0.8,1.0
101000001010000001000101001010001101,9004,0.0,-106.83529411764705,0.0,908100.0,1.0,0.6000000000000001,1.0
101001001010000111001000011011000101,1524,15.861099285016353,-56.36904893463219,0.017097639167029,613927.1938804287,1.1102230246251565E-16,1.0,1.0
100010111101001100010000110000100101,0,16.057479757182946,15.857679532971833,0.999,0.0019057944727734351,1.1102230246251565E-16,0.9,0.9
111111001010111111101111001010101111,486,15.872239630238699,-76.44132892714403,0.07279936527876019,784541.5738167793,1.1102230246251565E-16,1.0,1.0
101000001010000001000101001001001101,1860,0.041948359047953375,-107.24706890037574,0.20974179523976688,911600.0856531938,1.0,0.8,1.0
101000001010000001000101001000001101,6194,0.0666666666666667,-116.5475935828877,0.3333333333333335,990654.5454545454,1.0,0.6000000000000001,1.0
101000001010000001000101001101001101,2042,0.02361503263076603,-99.10952074126186,0.11807516315383015,842430.9263007258,1.0,0.8,1.0
101000001010000001000101001010001101,8616,0.0,-106.83529411764705,0.0,908100.0,1.0,0.6000000000000001,1.0
101000001000000001000101001001001101,8666,0.06666666666666668,-112.31816562798068,0.33333333333333337,954704.4078378357,1.0,0.6000000000000001,0.9
101000001010000001000101001001001101,2846,0.041948359047953375,-107.24706890037574,0.20974179523976688,911600.0856531938,1.0,0.8,1.0
101000001010000001000101001010001101,7922,0.0,-106.83529411764705,0.0,908100.0,1.0,0.6000000000000001,1.0
101000001010000011000101001100101101,2088,0.0728262713374023,-107.42960540959409,0.36413135668701146,913151.6459815498,1.0,1.0,1.0
101000001010000001000101001001001111,6998,0.3022009598245817,-121.79168921608897,0.40176105104112725,1037115.0727084953,0.6000000000000001,0.8,0.9
101000001010000001000101001000001101,9934,0.0666666666666667,-116.5475935828877,0.3333333333333335,990654.5454545454,1.0,0.6000000000000001,1.0
101000001010000001000101001010001101,4956,0.0,-106.83529411764705,0.0,908100.0,1.0,0.6000000000000001,1.0
101000001010000001000101001010001101,5586,0.0,-106.83529411764705,0.0,908100.0,1.0,0.6000000000000001,1.0
101100001000000001000101001001001101,4244,0.059638233451419186,-111.71373055770574,0.29819116725709593,949566.7097404988,1.0,0.8,0.9
101000001010000001000111001010101101,2016,15.927781596922419,-107.4514630292612,0.3505091986973563,1048127.7136847753,1.1102230246251565E-16,0.9,1.0
101000001010000001000101001010001101,2794,0.0,-106.83529411764705,0.0,908100.0,1.0,0.6000000000000001,1.0
111000001010000001001100100011000101,1362,0.7548737624937101,-95.88965226639941,0.27951879078845765,821003.2893012512,0.20000000000000018,0.8,1.0
101000001010000001000101001000001101,2638,0.0666666666666667,-116.5475935828877,0.3333333333333335,990654.5454545454,1.0,0.6000000000000001,1.0
000101110111101010011000111000110010,0,15.963591978337247,-35.37802876283955,0.5295611057715051,435503.52242019126,1.1102230246251565E-16,1.0,1.0
101000001010000001000101001000001101,6478,0.0666666666666667,-116.5475935828877,0.3333333333333335,990654.5454545454,1.0,0.6000000000000001,1.0
101000001010000001000101001000001101,3514,0.0666666666666667,-116.5475935828877,0.3333333333333335,990654.5454545454,1.0,0.6000000000000001,1.0
101000001011000001000101001000001101,8034,0.06388547761548755,-107.76640085196549,0.31942738807743776,916014.4072417066,1.0,0.8,1.0
101000001010000001000101001001001101,2198,0.041948359047953375,-107.24706890037574,0.20974179523976688,911600.0856531938,1.0,0.8,1.0
101000001010000001000101001010001101,6268,0.0,-106.83529411764705,0.0,908100.0,1.0,0.6000000000000001,1.0
101000001000000001000110001010100101,1656,0.8919179871916229,-149.65087230876858,0.9647399142780217,1277973.6596613892,0.20000000000000018,0.9,0.8
101000001000000011000100001010000101,1856,0.17033803085754404,-127.84335651403923,0.8516901542877202,1086668.5303693335,1.0,0.8,0.9
101000001010000001000100001000000101,5708,0.2,-142.4470588235294,1.0,1210800.0,1.0,0.6000000000000001,0.9
101000001010000001000101001000001101,3826,0.0666666666666667,-116.5475935828877,0.3333333333333335,990654.5454545454,1.0,0.6000000000000001,1.0
101000001010000001000101001001001101,2068,0.041948359047953375,-107.24706890037574,0.20974179523976688,911600.0856531938,1.0,0.8,1.0
110101111010101000101011001001001111,322,15.88974151661383,-65.7567704440793,0.16030879715441315,693722.826710729,1.1102230246251565E-16,1.0,1.0
101000001010000001000101001001001101,5358,0.041948359047953375,-107.24706890037574,0.20974179523976688,911600.0856531938,1.0,0.8,1.0
101000001000000111001100101011000101,1416,0.3278396749578407,-100.65045244805977,0.529954626707422,857414.5601802471,0.6000000000000001,1.0,0.9
101000001010000001000101001010001101,3890,0.0,-106.83529411764705,0.0,908100.0,1.0,0.6000000000000001,1.0
101000001010000001000101001001001101,7370,0.041948359047953375,-107.24706890037574,0.20974179523976688,911600.0856531938,1.0,0.8,1.0
101000001010000001000100001000100111,9074,0.4147967324719607,-150.1279935634883,0.9647399142780217,1277973.6596613897,0.6000000000000001,0.9,0.8
101000001010000001000101001001001101,5136,0.041948359047953375,-107.24706890037574,0.20974179523976688,911600.0856531938,1.0,0.8,1.0
101000001010000001000101001001001101,2130,0.041948359047953375,-107.24706890037574,0.20974179523976688,911600.0856531938,1.0,0.8,1.0
001111010000011101000100000000100010,0,16.057479757182946,15.857679487126648,0.999,0.0022954785424278033,1.1102230246251565E-16,0.9,1.0
101000001000000001000101001001001101,1606,0.06666666666666668,-112.31816562798068,0.33333333333333337,954704.4078378357,1.0,0.6000000000000001,0.9
101110001000000001000101001100001101,5746,0.08322638416845332,-111.94119735427513,0.4161319208422666,951500.1775113386,1.0,0.8,0.9
111011011010010111101101001010111111,738,15.882012660961596,-77.04465553678176,0.12166451889324581,789669.8499987001,1.1102230246251565E-16,1.0,1.0
101000001010000001000101001001001101,6012,0.041948359047953375,-107.24706890037574,0.20974179523976688,911600.0856531938,1.0,0.8,1.0
101000001010001011001100010000000111,1198,0.809072434255476,-97.58845575319289,0.5505121495972876,835443.1189389958,0.20000000000000018,1.0,0.9
101000001010000001000101001000101101,1900,0.08912586197027975,-118.97146877261662,0.4456293098513987,1011257.4845672413,1.0,0.9,0.9
101000001011000001000100001000000101,5488,0.2,-127.84335651403926,1.0,1086668.5303693337,1.0,0.8,0.9
101100001000000001000101001001001101,4388,0.059638233451419186,-111.71373055770574,0.29819116725709593,949566.7097404988,1.0,0.8,0.9
101000001010000101001100010110000101,1072,0.7660190752716612,-86.13112079435354,0.3352453546782138,738055.7717888613,0.20000000000000018,1.0,1.0
101000001010000001000101001000001101,4228,0.0666666666666667,-116.5475935828877,0.3333333333333335,990654.5454545454,1.0,0.6000000000000001,1.0
101000001010001001000101101000001101,1932,0.11946590842430505,-92.4697955311177,0.11277947708124325,786816.9971250689,0.8,0.9,1.0
101000001010000001000101001001001101,3312,0.041948359047953375,-107.24706890037574,0.20974179523976688,911600.0856531938,1.0,0.8,1.0
111000001010000001000101001010001101,9858,0.4479400086720374,-121.69953898292458,0.2499999999999999,1037828.5714285712,0.40000000000000013,0.6000000000000001,1.0
101000001010000001000101001001001101,5792,0.041948359047953375,-107.24706890037574,0.20974179523976688,911600.0856531938,1.0,0.8,1.0
101000001010000001000101001010001101,7998,0.0,-106.83529411764705,0.0,908100.0,1.0,0.6000000000000001,1.0
101000001010000011000100001010100101,1962,0.22853584437473584,-118.47288927480592,0.6581291568333973,1007843.2939464188,0.8,1.0,0.9
101100001010000001000101001001001101,1594,0.04940593026310125,-103.63517400532731,0.24702965131550625,880898.9790452822,1.0,1.0,1.0
101000001010000001000101001001001101,2930,0.041948359047953375,-107.24706890037574,0.20974179523976688,911600.0856531938,1.0,0.8,1.0
101000001010000001000101001001001101,5010,0.041948359047953375,-107.24706890037574,0.20974179523976688,911600.0856531938,1.0,0.8,1.0
101000001010000001000101001000001101,3622,0.0666666666666667,-116.5475935828877,0.3333333333333335,990654.5454545454,1.0,0.6000000000000001,1.0
101000001010000001000111001010001101,8558,0.7489700043360185,-121.3985089872606,0.2499999999999999,1037828.5714285712,0.20000000000000018,0.6000000000000001,1.0
101000001010000001000101001000001101,2980,0.0666666666666667,-116.5475935828877,0.3333333333333335,990654.5454545454,1.0,0.6000000000000001,1.0
101000001011000001000001101011001101,1584,0.0986656191865698,-63.394889638999985,0.493328095932849,538856.5619314999,1.0,1.0,1.0
101000001010000001000101001010001101,9948,0.0,-106.83529411764705,0.0,908100.0,1.0,0.6000000000000001,1.0
101000001010000001000101001001001101,7536,0.041948359047953375,-107.24706890037574,0.20974179523976688,911600.0856531938,1.0,0.8,1.0
101000001010000001000101001010001111,4232,0.4479400086720374,-121.69953898292458,0.2499999999999999,1037828.5714285712,0.40000000000000013,0.6000000000000001,1.0
101000001000000001000101001010001101,3896,0.0666666666666667,-116.5475935828877,0.3333333333333335,990654.5454545454,1.0,0.6000000000000001,1.0
111000001000000111001100100011000101,1384,0.5175988323422246,-108.13320533522969,0.5982941183509356,922514.7354231647,0.40000000000000013,1.0,0.9
101000001000000001000101001001001101,1702,0.06666666666666668,-112.31816562798068,0.33333333333333337,954704.4078378357,1.0,0.6000000000000001,0.9
101000001010000001000101001000001101,5090,0.0666666666666667,-116.5475935828877,0.3333333333333335,990654.5454545454,1.0,0.6000000000000001,1.0
101100001000000001000101001001001101,1888,0.059638233451419186,-111.71373055770574,0.29819116725709593,949566.7097404988,1.0,0.8,0.9
101000001010000001000101001010001101,9094,0.0,-106.83529411764705,0.0,908100.0,1.0,0.6000000000000001,1.0
101000001010000001000101001000001101,5138,0.0666666666666667,-116.5475935828877,0.3333333333333335,990654.5454545454,1.0,0.6000000000000001,1.0
101110011000111001001000011100100111,140,15.921776306807772,-75.22300142291976,0.32048274812412736,774185.790030873,1.1102230246251565E-16,1.0,0.9
111011011110111111101111001110101111,358,15.87075306208859,-72.84619146051051,0.0653665245282189,753982.9053503944,1.1102230246251565E-16,1.0,1.0
101000001010000001001100110011000101,926,0.2530861919959894,-84.15756228393475,0.15618721189816553,717224.9937851845,0.6000000000000001,0.8,1.0
101000001010000001000101001000011101,5890,0.0638854776154876,-107.76640085196551,0.319427388077438,916014.4072417069,1.0,0.8,1.0
101111001010010111011100111110110111,384,15.889693663673873,-74.45821144455523,0.16006953245463207,767685.0752147746,1.1102230246251565E-16,1.0,1.0
101000001010000001001101001001001101,2118,0.42018648552887944,-91.96839073192871,0.11123238428421,785113.8112951063,0.40000000000000013,0.8,1.0
101000001010000001000101001001001101,2610,0.041948359047953375,-107.24706890037574,0.20974179523976688,911600.0856531938,1.0,0.8,1.0
101000001010000001000101001001001101,6210,0.041948359047953375,-107.24706890037574,0.20974179523976688,911600.0856531938,1.0,0.8,1.0
101000001000000001000100001010100101,1530,0.2879295270867429,-138.98195279926247,0.9550975703934326,1182170.3339042994,0.8,0.9,0.8
111011011110111111101111001101011111,318,15.868943360948874,-69.36848743480546,0.056318018829635275,724422.4211319014,1.1102230246251565E-16,1.0,1.0
101100001010000001000101001000101111,1808,0.3367393631882364,-122.98448307554735,0.5744530678594004,1047253.8205138915,0.6000000000000001,1.0,0.9
101100001000000001000101001001001101,1812,0.059638233451419186,-111.71373055770574,0.29819116725709593,949566.7097404988,1.0,0.8,0.9
101000001010000001000101001000001101,5026,0.0666666666666667,-116.5475935828877,0.3333333333333335,990654.5454545454,1.0,0.6000000000000001,1.0
101000001000000001000100001011100101,1764,0.41314326336994767,-127.21120794299216,0.9564725687679567,1083180.9818871724,0.6000000000000001,0.9,0.9
101000001010000001000101001001001101,5890,0.041948359047953375,-107.24706890037574,0.20974179523976688,911600.0856531938,1.0,0.8,1.0
101000001010000001000101001001001101,6994,0.041948359047953375,-107.24706890037574,0.20974179523976688,911600.0856531938,1.0,0.8,1.0
101000001010000001000101001010001101,9318,0.0,-106.83529411764705,0.0,908100.0,1.0,0.6000000000000001,1.0
101000001010000101001111001101001101,388,15.899412399392094,-88.33437039917597,0.20866321104574048,885632.4263290508,1.1102230246251565E-16,1.0,1.0
101000001010000001000101001001001101,5330,0.041948359047953375,-107.24706890037574,0.20974179523976688,911600.0856531938,1.0,0.8,1.0
101000001010000101000101001010001101,9882,0.13176048847918015,-110.51751319332918,0.17425237735561871,940222.5972538665,0.8,0.9,1.0
101000001010000001000101001010001101,8960,0.0,-106.83529411764705,0.0,908100.0,1.0,0.6000000000000001,1.0
101000001010000001000100001000000101,8492,0.2,-142.4470588235294,1.0,1210800.0,1.0,0.6000000000000001,0.9
101000001010000001000101001010001101,8842,0.0,-106.83529411764705,0.0,908100.0,1.0,0.6000000000000001,1.0
101000001010000001000101001000101101,1986,0.08912586197027975,-118.97146877261662,0.4456293098513987,1011257.4845672413,1.0,0.9,0.9
101000001010000011000100011000010101,6246,0.2646935254452884,-118.03235950046395,0.83891756218616,1004098.7908645121,0.8,1.0,0.9
101000001010000001000101001010001101,3186,0.0,-106.83529411764705,0.0,908100.0,1.0,0.6000000000000001,1.0
101000001010000001000101001000001101,8324,0.0666666666666667,-116.5475935828877,0.3333333333333335,990654.5454545454,1.0,0.6000000000000001,1.0
101000001111000001000101001000101101,1648,0.0833542333808921,-107.52315120194456,0.4167711669044605,913946.7852165287,1.0,1.0,1.0
101010001010000001000100001000100101,1994,0.289448483724137,-140.45871120752645,0.9626923535804032,1194722.7803745433,0.8,1.0,0.8
101000001010000001000101001010001101,2804,0.0,-106.83529411764705,0.0,908100.0,1.0,0.6000000000000001,1.0
101000001010000001000101001000001101,6444,0.0666666666666667,-116.5475935828877,0.3333333333333335,990654.5454545454,1.0,0.6000000000000001,1.0
101000001000000001000101001010001101,10000,0.0666666666666667,-116.5475935828877,0.3333333333333335,990654.5454545454,1.0,0.6000000000000001,1.0
111011101000111011010100100100100101,0,15.887890540060011,-54.95190852147566,0.15105391438532245,601881.5003685982,1.1102230246251565E-16,1.0,1.0
101000001010000001000100001000100101,2304,0.1910195140786865,-139.07886281227053,0.9550975703934326,1182170.3339042994,1.0,0.9,0.8
101000001010000001000100001010000101,3746,0.13333333333333336,-128.20235294117646,0.6666666666666667,1089720.0,1.0,0.6000000000000001,0.9
101000001000000001000100001011000101,1746,0.19999999999999996,-127.84335651403923,0.9999999999999998,1086668.5303693335,1.0,0.8,0.9
101000001010000001000100001000100101,3026,0.1910195140786865,-139.07886281227053,0.9550975703934326,1182170.3339042994,1.0,0.9,0.8
101000001010000001000100001000000101,4786,0.2,-142.4470588235294,1.0,1210800.0,1.0,0.6000000000000001,0.9
101000001010000001000101001010001101,8728,0.0,-106.83529411764705,0.0,908100.0,1.0,0.6000000000000001,1.0
101000001010010101001101011101011101,988,15.869409333306498,-70.07613738209243,0.05864788061775594,730437.4456838407,1.1102230246251565E-16,1.0,1.0
101000001010000001000101001000001101,2916,0.0666666666666667,-116.5475935828877,0.3333333333333335,990654.5454545454,1.0,0.6000000000000001,1.0
101000001010000001000101001000001101,7612,0.0666666666666667,-116.5475935828877,0.3333333333333335,990654.5454545454,1.0,0.6000000000000001,1.0
000111000110000110011110011111110010,124,15.932381386640833,-72.79749513395119,0.3735081472894265,753568.9865746401,1.1102230246251565E-16,1.0,1.0
111011011111111101011111001010101111,1212,15.858473534480428,-72.01722009511049,0.003968886487407897,746936.6487444942,1.1102230246251565E-16,1.0,1.0
101000001010000001000101001001001101,4898,0.041948359047953375,-107.24706890037574,0.20974179523976688,911600.0856531938,1.0,0.8,1.0
101000001010010001000111001010101111,1408,15.915450386699902,-104.1951291036954,0.2888531475847812,1020448.875317466,1.1102230246251565E-16,0.9,1.0
101000001010000001000101001001101101,1682,0.16508963616428238,-110.75959001350815,0.34089811578112994,942280.2502253877,0.8,0.9,1.0
101000001010000001000101001011001101,2206,0.0,-99.73265363667957,0.0,847727.5559117764,1.0,0.8,1.0
101000001010000001000101001010001101,2738,0.0,-106.83529411764705,0.0,908100.0,1.0,0.6000000000000001,1.0
010011000110110010100001010010011000,0,15.93114074560908,-32.138950964314546,0.36730494213066445,407971.36113272863,1.1102230246251565E-16,1.0,0.9
000100100000010110100010010011010010,236,16.057479757182946,15.857679487206626,0.999,0.002294798725189157,1.1102230246251565E-16,1.0,1.0
101010001001110101101001011111101101,578,15.872038786043364,-61.22095219866826,0.07179514430208633,655168.3716247353,1.1102230246251565E-16,1.0,1.0
101000001010000001000101001001001101,4596,0.041948359047953375,-107.24706890037574,0.20974179523976688,911600.0856531938,1.0,0.8,1.0
101000001010000001000101001010001101,9196,0.0,-106.83529411764705,0.0,908100.0,1.0,0.6000000000000001,1.0
101100001010110111101101110001011111,836,15.861443829288206,-63.35178674430142,0.018820360526297097,673280.4652626171,1.1102230246251565E-16,1.0,1.0
101000001010000001000101001001001101,4634,0.041948359047953375,-107.24706890037574,0.20974179523976688,911600.0856531938,1.0,0.8,1.0
100100001000000000000101001001001101,7752,0.17891470035425752,-132.34714837005018,0.8945735017712876,1124950.7611454264,1.0,0.8,0.8
101000001010000001000101001001001101,5166,0.041948359047953375,-107.24706890037574,0.20974179523976688,911600.0856531938,1.0,0.8,1.0
101000001010000001000101001000001101,3410,0.0666666666666667,-116.5475935828877,0.3333333333333335,990654.5454545454,1.0,0.6000000000000001,1.0
101000001010000001000100001000100111,2832,0.4147967324719607,-150.1279935634883,0.9647399142780217,1277973.6596613897,0.6000000000000001,0.9,0.8
101000001000000101000101001001001101,2168,0.08912586197027976,-115.36131642835052,0.4456293098513988,980571.1896409794,1.0,0.8,0.9
101000001010000001010101001000101101,4202,0.2755008688273337,-102.73792584814633,0.26826059605488695,875158.0840809828,0.6000000000000001,1.0,1.0
101000001010000001000101001001001101,6378,0.041948359047953375,-107.24706890037574,0.20974179523976688,911600.0856531938,1.0,0.8,1.0
101000001010000001000101001001001101,7324,0.041948359047953375,-107.24706890037574,0.20974179523976688,911600.0856531938,1.0,0.8,1.0
101000001010000001000100001001000101,7058,0.17033803085754406,-127.84335651403923,0.8516901542877203,1086668.5303693335,1.0,0.8,0.9
101111001010010111001100111010110111,216,15.90837131697964,-81.08190663263854,0.25345779898346554,823986.4843134827,1.1102230246251565E-16,1.0,1.0
101010001010000001010101001010001101,1956,0.39794000867203744,-96.31129277234996,0.0,822028.4786386869,0.40000000000000013,0.8,1.0
101000001000000011000101001010001101,8460,0.04194835904795333,-107.24706890037574,0.20974179523976666,911600.0856531938,1.0,0.8,1.0
101000001010000001000101001000001101,7244,0.0666666666666667,-116.5475935828877,0.3333333333333335,990654.5454545454,1.0,0.6000000000000001,1.0
101000001010000001000101001010001101,1966,0.0,-106.83529411764705,0.0,908100.0,1.0,0.6000000000000001,1.0
101000001010000001000101001000001101,5318,0.0666666666666667,-116.5475935828877,0.3333333333333335,990654.5454545454,1.0,0.6000000000000001,1.0
101000001010000001000101001001001101,6516,0.041948359047953375,-107.24706890037574,0.20974179523976688,911600.0856531938,1.0,0.8,1.0
101000001010000101000101001001001101,2044,0.1650896361642824,-110.75959001350817,0.34089811578113005,942280.250225388,0.8,1.0,1.0
101000001010000001000101001010001101,5694,0.0,-106.83529411764705,0.0,908100.0,1.0,0.6000000000000001,1.0
010010001000011100000110111010110011,0,16.00244492708113,-96.11578577409323,0.7238258494909079,951774.4570158476,1.1102230246251565E-16,1.0,0.8
100111010101101010101111111010111100,0,15.859368131239405,-54.00298415170175,0.008441870282290154,593815.6432255199,1.1102230246251565E-16,1.0,1.0
101000001011000001000100001000100111,4246,0.4149674289137861,-141.67546322701278,0.9655933964871488,1206127.1518013477,0.6000000000000001,1.0,0.8
100100000101010010000101111101101110,136,15.937681828536862,-66.00426378861742,0.4000103567695734,695826.5201393032,1.1102230246251565E-16,1.0,0.9
101000001010000001000101001001001101,3236,0.041948359047953375,-107.24706890037574,0.20974179523976688,911600.0856531938,1.0,0.8,1.0
101000001010000001000100001100000101,6430,0.17033803085754406,-127.84335651403923,0.8516901542877203,1086668.5303693335,1.0,0.8,0.9
111110111011000101100000011101110101,0,15.976889583833913,-82.95970329431304,0.5960491332548326,839947.755937716,1.1102230246251565E-16,1.0,0.9
101000001010000001000101001001001101,3050,0.041948359047953375,-107.24706890037574,0.20974179523976688,911600.0856531938,1.0,0.8,1.0
111000001010000001001101001001001101,1770,15.889435380947727,-91.28904323720977,0.1587781188239038,910747.1454523382,1.1102230246251565E-16,0.8,1.0
010111010111001100001111001010101010,790,16.057479757182946,15.857679570031552,0.999,0.0015907868612940108,1.1102230246251565E-16,1.0,1.0
101000001010000001000101001010001101,3482,0.0,-106.83529411764705,0.0,908100.0,1.0,0.6000000000000001,1.0
101101001010100101101111001101101111,864,15.890684933664811,-78.49827209464102,0.1650258824093287,802025.5907405037,1.1102230246251565E-16,1.0,1.0
101000001010000001000100001011000101,1736,0.1277709552309751,-117.20782230978867,0.6388547761548755,996266.4896332037,1.0,0.8,0.9
101000001010000001000101001000001101,6762,0.0666666666666667,-116.5475935828877,0.3333333333333335,990654.5454545454,1.0,0.6000000000000001,1.0
101000001000000001000101101011001101,1618,0.0687292100338994,-100.31506767665797,0.343646050169497,852678.0752515928,1.0,0.8,1.0
111110011111111101110111001101001101,232,15.877541991580005,-66.54591654559658,0.09931117198529371,700430.568573626,1.1102230246251565E-16,1.0,1.0
101010001010000001000101001011001101,1712,0.1305675849282772,-104.08818272899967,0.16828785960110393,885573.2883070657,0.8,1.0,1.0
101000001010010011101111000011101111,680,15.866659808014477,-77.36999358216124,0.044900254157650754,792435.2233844256,1.1102230246251565E-16,1.0,1.0
101000001010000001000101001000001101,2326,0.0666666666666667,-116.5475935828877,0.3333333333333335,990654.5454545454,1.0,0.6000000000000001,1.0
011111001010011101000110100011100011,302,15.909007433663499,-71.68791731788052,0.2566383824027635,744137.5751380395,1.1102230246251565E-16,1.0,1.0
111000110100001001010100111010110110,130,15.914894521736668,-61.26148570092491,0.2860738227686105,655512.9063939168,1.1102230246251565E-16,1.0,0.9
101000001010000001000101001001001101,1932,0.041948359047953375,-107.24706890037574,0.20974179523976688,911600.0856531938,1.0,0.8,1.0
101000101000000001000100001011010101,1836,0.346819965343523,-99.57762423933511,0.6248560786358333,848295.5204060874,0.6000000000000001,0.9,0.9
101000001010000001000101001010001101,4808,0.0,-106.83529411764705,0.0,908100.0,1.0,0.6000000000000001,1.0
101000001010000001000101001101001101,2082,0.02361503263076603,-99.10952074126186,0.11807516315383015,842430.9263007258,1.0,0.8,1.0
101000001000000101000111001010101101,1564,0.8212909490675186,-130.63852353874083,0.6116047236575004,1116368.6951161532,0.20000000000000018,1.0,0.9
101000001000000011000101001101001101,1628,0.058247093885209475,-103.02436748213013,0.2912354694260474,875707.1235981061,1.0,0.8,0.9
101000001010000001000101001010001101,7350,0.0,-106.83529411764705,0.0,908100.0,1.0,0.6000000000000001,1.0
011111010111101011010110001010000010,0,15.911806138426249,-59.56440946760604,0.27063190621651256,641087.7584107064,1.1102230246251565E-16,0.9,1.0
101100001010000001000100001000000101,4674,0.2,-127.84335651403923,1.0,1086668.5303693335,1.0,0.8,0.9
100000001000000000000101001001001101,1870,0.2,-136.17956730191256,1.0,1157526.3220662568,1.0,0.6000000000000001,0.8
101000001010000001000111001010101101,1214,15.927781596922419,-107.4514630292612,0.3505091986973563,1048127.7136847753,1.1102230246251565E-16,0.9,1.0
101000001010000001000101001000001101,6788,0.0666666666666667,-116.5475935828877,0.3333333333333335,990654.5454545454,1.0,0.6000000000000001,1.0
101000001010000001000101001000001101,3368,0.0666666666666667,-116.5475935828877,0.3333333333333335,990654.5454545454,1.0,0.6000000000000001,1.0
111000001011010101001101011101011101,868,15.881938555597333,-77.68882449976938,0.12129399207193226,795145.2861840948,1.1102230246251565E-16,1.0,1.0
101000001010000001000101001000001101,6970,0.0666666666666667,-116.5475935828877,0.3333333333333335,990654.5454545454,1.0,0.6000000000000001,1.0
101000001010000001000101001010001101,8668,0.0,-106.83529411764705,0.0,908100.0,1.0,0.6000000000000001,1.0
101000001010000001000101001001001101,4044,0.041948359047953375,-107.24706890037574,0.20974179523976688,911600.0856531938,1.0,0.8,1.0
101000001010000101011100010111000101,0,15.899827398013397,-66.17451268588252,0.21073820415224853,697273.6357660565,1.1102230246251565E-16,1.0,1.0
101001001000000001000100110001000101,1504,0.783760724315698,-81.63990355179928,0.4239535998983972,699880.42522715,0.20000000000000018,0.7000000000000001,0.9
101000001010000001000101001010101101,1914,0.13176048847918015,-110.51751319332918,0.17425237735561871,940222.5972538665,0.8,0.9,1.0
000001111001010110101110010111010001,104,15.909492284496247,-41.486808790081156,0.2590626365665061,487428.1526517449,1.1102230246251565E-16,1.0,1.0
101000001010000001000101001000001101,6446,0.0666666666666667,-116.5475935828877,0.3333333333333335,990654.5454545454,1.0,0.6000000000000001,1.0
101000001000000001000100001011000101,1660,0.19999999999999996,-127.84335651403923,0.9999999999999998,1086668.5303693335,1.0,0.8,0.9
010010000110111100010010110110000000,150,15.893869852157927,-46.1291907284817,0.18095047487489935,526888.3991281495,1.1102230246251565E-16,1.0,1.0
101000001010000001000101001001001101,2596,0.041948359047953375,-107.24706890037574,0.20974179523976688,911600.0856531938,1.0,0.8,1.0
001101001010100001110110110001000011,184,15.864758165470283,-50.02051972983662,0.03539204143667807,559964.6956396664,1.1102230246251565E-16,1.0,1.0
101111010111010101101111001110111110,322,15.86887244688581,-61.559658179343344,0.0559634485143119,658047.3724604734,1.1102230246251565E-16,1.0,1.0
101000001010000001000101001001001101,3758,0.041948359047953375,-107.24706890037574,0.20974179523976688,911600.0856531938,1.0,0.8,1.0
101000001010000001000101001010001101,7516,0.0,-106.83529411764705,0.0,908100.0,1.0,0.6000000000000001,1.0
101000001010000001000101001000001101,9084,0.0666666666666667,-116.5475935828877,0.3333333333333335,990654.5454545454,1.0,0.6000000000000001,1.0
101000001011000001000000001010100101,1616,0.21540602467289116,-96.67194160576136,0.5924800583241738,822535.23875954,0.8,1.0,0.9
101000001011000001000101001000001101,8610,0.06388547761548755,-107.76640085196549,0.31942738807743776,916014.4072417066,1.0,0.8,1.0
101000001110000001000101001100001101,3452,0.040260639106669285,-100.31506767665797,0.2013031955333464,852678.0752515928,1.0,1.0,1.0
010101000111100000001100101010000000,0,15.951549943106263,-35.02802393075359,0.46935092961657965,432528.48134746053,1.1102230246251565E-16,1.0,0.9
101000001010000001000101001000001101,5064,0.0666666666666667,-116.5475935828877,0.3333333333333335,990654.5454545454,1.0,0.6000000000000001,1.0
101000001010000001000101001001001101,5666,0.041948359047953375,-107.24706890037574,0.20974179523976688,911600.0856531938,1.0,0.8,1.0
101000001010000001000101001000001101,5506,0.0666666666666667,-116.5475935828877,0.3333333333333335,990654.5454545454,1.0,0.6000000000000001,1.0
101000001000000001000101001010001101,6360,0.0666666666666667,-116.5475935828877,0.3333333333333335,990654.5454545454,1.0,0.6000000000000001,1.0
000111011011110000000111111011001001,146,15.882134448549616,-49.75306440710675,0.12227345683334545,557691.3253964625,1.1102230246251565E-16,1.0,1.0
101000001010000001000101001000001101,4500,0.0666666666666667,-116.5475935828877,0.3333333333333335,990654.5454545454,1.0,0.6000000000000001,1.0
001101011100010101011111001001001011,262,15.93017795712079,-53.288703159063346,0.36249099968921383,587744.2547880935,1.1102230246251565E-16,1.0,1.0
101000001010000001000101001001001101,2348,0.041948359047953375,-107.24706890037574,0.20974179523976688,911600.0856531938,1.0,0.8,1.0
101000001010000001000101001000001101,3392,0.0666666666666667,-116.5475935828877,0.3333333333333335,990654.5454545454,1.0,0.6000000000000001,1.0
101000001010000001000101001010001101,2090,0.0,-106.83529411764705,0.0,908100.0,1.0,0.6000000000000001,1.0
101000001010000001000101001010001101,7702,0.0,-106.83529411764705,0.0,908100.0,1.0,0.6000000000000001,1.0
101000001110000001000100001001000101,2032,0.1713985018037023,-116.7317083296039,0.8569925090185115,992219.5208016332,1.0,1.0,0.9
101000001010000001000101001001001101,5468,0.041948359047953375,-107.24706890037574,0.20974179523976688,911600.0856531938,1.0,0.8,1.0
101000001010000001000101001010001111,5474,0.4479400086720374,-121.69953898292458,0.2499999999999999,1037828.5714285712,0.40000000000000013,0.6000000000000001,1.0
101000001000000001000101100011001101,1790,0.032553524009634585,-84.77301535359702,0.1627676200481729,720570.6305055746,1.0,0.8,1.0
101000001010000001000101001001001101,6120,0.041948359047953375,-107.24706890037574,0.20974179523976688,911600.0856531938,1.0,0.8,1.0
101000001011000001000100010011010101,1512,0.4945370129735306,-94.00319452631621,0.4829850215074656,802409.6435474001,0.40000000000000013,1.0,1.0
101000001010000001000101001000001101,9846,0.0666666666666667,-116.5475935828877,0.3333333333333335,990654.5454545454,1.0,0.6000000000000001,1.0
110011111011110000000111111011001101,0,15.900371439179377,-71.96598294363365,0.2134584099821515,746501.132956941,1.1102230246251565E-16,1.0,1.0
101000001010000001000101001010001101,6124,0.0,-106.83529411764705,0.0,908100.0,1.0,0.6000000000000001,1.0
101000001000000001000101111010001101,1714,0.18231027996172255,-110.02144444566292,0.4270013347683309,936006.0128987033,0.8,0.8,1.0
101000001010000001000101001010001101,4348,0.0,-106.83529411764705,0.0,908100.0,1.0,0.6000000000000001,1.0
100000001010000000000100001111000101,1846,0.1998,-5.533320246430989E-7,0.999,0.004703322209466341,1.0,0.6000000000000001,0.8
101000001010000111001100100011000101,1260,0.276812386625285,-90.0693889876078,0.2748181850446435,767475.5207664053,0.6000000000000001,1.0,1.0
011001011000111101000010111010110011,316,15.891050270480104,-62.687759457464296,0.16685256648578917,667636.2333245015,1.1102230246251565E-16,0.9,1.0
101000001010000001000101001001001101,2022,0.041948359047953375,-107.24706890037574,0.20974179523976688,911600.0856531938,1.0,0.8,1.0
101000001010000001000101001000001101,2234,0.0666666666666667,-116.5475935828877,0.3333333333333335,990654.5454545454,1.0,0.6000000000000001,1.0
101000001010000001000101001001001101,7094,0.041948359047953375,-107.24706890037574,0.20974179523976688,911600.0856531938,1.0,0.8,1.0
101000001010000001000101001001001101,4010,0.041948359047953375,-107.24706890037574,0.20974179523976688,911600.0856531938,1.0,0.8,1.0
101000001010000001000101001010001101,9918,0.0,-106.83529411764705,0.0,908100.0,1.0,0.6000000000000001,1.0
101001001010000011000100001010000101,8514,0.28573422723184394,-99.51080488706322,0.319427388077438,847727.5559117764,0.6000000000000001,0.8,1.0
101000001010000001000101001010001101,6998,0.0,-106.83529411764705,0.0,908100.0,1.0,0.6000000000000001,1.0
101000101010010001000111001010101111,1430,15.892597674024243,-93.0634298478572,0.17458958420647774,925829.4316428412,1.1102230246251565E-16,1.0,1.0
101000001010000001000101001000101101,1752,0.08912586197027975,-118.97146877261662,0.4456293098513987,1011257.4845672413,1.0,0.9,0.9
101000001010000001000101001010001101,8022,0.0,-106.83529411764705,0.0,908100.0,1.0,0.6000000000000001,1.0
101100001000000001000101001010001101,2760,0.04194835904795333,-107.24706890037572,0.20974179523976666,911600.0856531936,1.0,0.8,1.0
101000001010000001000101001000001101,4760,0.0666666666666667,-116.5475935828877,0.3333333333333335,990654.5454545454,1.0,0.6000000000000001,1.0
101000001010000001000101001001001101,2050,0.041948359047953375,-107.24706890037574,0.20974179523976688,911600.0856531938,1.0,0.8,1.0
101000001010000001000101001010001101,8216,0.0,-106.83529411764705,0.0,908100.0,1.0,0.6000000000000001,1.0
101000001010000001000101001001001101,4600,0.041948359047953375,-107.24706890037574,0.20974179523976688,911600.0856531938,1.0,0.8,1.0
001110101000001101100001010101011001,0,15.949317332376538,-34.103581196542095,0.45818787596795074,424670.7181066628,1.1102230246251565E-16,1.0,1.0
101000001010000001001101101010101101,1540,15.876439769238209,-76.52192506593258,0.09380006027630916,785226.640996482,1.1102230246251565E-16,0.9,1.0
101000101010100001000101001000001101,7272,0.41636157467426355,-84.82687304090398,0.09210783001113043,724410.9109213961,0.40000000000000013,0.7000000000000001,1.0
101000001010000001000101001001001101,1958,0.041948359047953375,-107.24706890037574,0.20974179523976688,911600.0856531938,1.0,0.8,1.0
010100011010100000101111010011011011,0,15.910547819064469,-57.664028710805226,0.2643403094076091,624934.5219778995,1.1102230246251565E-16,1.0,1.0
101000001010000001000101001001001101,6454,0.041948359047953375,-107.24706890037574,0.20974179523976688,911600.0856531938,1.0,0.8,1.0
101000001010000001000101001010001101,3404,0.0,-106.83529411764705,0.0,908100.0,1.0,0.6000000000000001,1.0
110101011010101000101011001101011111,298,15.90965169547395,-70.4846898716561,0.2598596914550213,733910.141845132,1.1102230246251565E-16,1.0,1.0
110101010000111110111001100110111110,0,15.929100767610734,-39.909757058707825,0.3571050521389336,474023.21293507155,1.1102230246251565E-16,1.0,1.0
101000001010000001000101001000001101,5428,0.0666666666666667,-116.5475935828877,0.3333333333333335,990654.5454545454,1.0,0.6000000000000001,1.0
101000001000000011000101001001001101,8372,0.06132704598304935,-108.6373790867226,0.3066352299152467,923417.7222371422,1.0,0.8,0.9
111010001010011111101111011101011101,452,15.904992011182093,-79.91019059287181,0.23656126999573557,814026.8979754655,1.1102230246251565E-16,1.0,1.0
101000001000000111001100100011000101,1594,0.19481389229049906,-95.67359430844098,0.4895193964122133,814049.2867323168,0.8,1.0,1.0
101000001010000001000101001010001101,3632,0.0,-106.83529411764705,0.0,908100.0,1.0,0.6000000000000001,1.0
101000001010000001000101001000001101,4464,0.0666666666666667,-116.5475935828877,0.3333333333333335,990654.5454545454,1.0,0.6000000000000001,1.0
101000001010000001000101001000001101,8938,0.0666666666666667,-116.5475935828877,0.3333333333333335,990654.5454545454,1.0,0.6000000000000001,1.0
101100001000000001000101001001001101,2130,0.059638233451419186,-111.71373055770574,0.29819116725709593,949566.7097404988,1.0,0.8,0.9
101000001010000001000101001010001101,4460,0.0,-106.83529411764705,0.0,908100.0,1.0,0.6000000000000001,1.0
101000001010000001000101001001001101,2496,0.041948359047953375,-107.24706890037574,0.20974179523976688,911600.0856531938,1.0,0.8,1.0
101000001000000011000101001010001101,9440,0.04194835904795333,-107.24706890037574,0.20974179523976666,911600.0856531938,1.0,0.8,1.0
101000001010000101001100110011000101,1474,0.46388228063006776,-93.30732637904775,0.3297113597901514,796494.7642956182,0.40000000000000013,1.0,1.0
101000001010000001000101001010001101,3396,0.0,-106.83529411764705,0.0,908100.0,1.0,0.6000000000000001,1.0
101100001000000001000100011011000101,1798,0.2625326953121885,-121.75513417446207,0.8281134115206605,1035742.3755934961,0.8,1.0,0.9
101000001010000011000100001010100101,1654,0.22853584437473584,-118.47288927480592,0.6581291568333973,1007843.2939464188,0.8,1.0,0.9
101000001010000001000100011000000101,9220,0.1910195140786865,-139.07886281227056,0.9550975703934326,1182170.3339042997,1.0,0.8,0.8
111011011111111111100111001001101111,400,15.908582268433793,-76.7866395186085,0.25451255625423286,787476.7138442273,1.1102230246251565E-16,1.0,1.0
101000001010000001000101001000001101,3094,0.0666666666666667,-116.5475935828877,0.3333333333333335,990654.5454545454,1.0,0.6000000000000001,1.0
101000001010000001000101001010001101,6466,0.0,-106.83529411764705,0.0,908100.0,1.0,0.6000000000000001,1.0
101000001010000001000101001001001101,7596,0.041948359047953375,-107.24706890037574,0.20974179523976688,911600.0856531938,1.0,0.8,1.0
101000001010001001010101001000001101,9534,0.4163615746742635,-84.82687304090398,0.09210783001113021,724410.9109213961,0.40000000000000013,0.7000000000000001,1.0
101000001010000001000101001001001101,2752,0.041948359047953375,-107.24706890037574,0.20974179523976688,911600.0856531938,1.0,0.8,1.0
101000001010000001000101001001001101,2350,0.041948359047953375,-107.24706890037574,0.20974179523976688,911600.0856531938,1.0,0.8,1.0
101000001010000001000101001010001101,9676,0.0,-106.83529411764705,0.0,908100.0,1.0,0.6000000000000001,1.0
101000001010000001000101001010001101,5830,0.0,-106.83529411764705,0.0,908100.0,1.0,0.6000000000000001,1.0
101000001010000011000101001000101101,6406,0.092495922944095,-110.8565000265162,0.46247961472047505,942280.2502253877,1.0,1.0,1.0
101000001010000001000101001000001101,8646,0.0666666666666667,-116.5475935828877,0.3333333333333335,990654.5454545454,1.0,0.6000000000000001,1.0
101000001010000001000101001000001101,8932,0.0666666666666667,-116.5475935828877,0.3333333333333335,990654.5454545454,1.0,0.6000000000000001,1.0
101000001010000001000101001001001101,2648,0.041948359047953375,-107.24706890037574,0.20974179523976688,911600.0856531938,1.0,0.8,1.0
101100001000000001000101001001001101,8362,0.059638233451419186,-111.71373055770574,0.29819116725709593,949566.7097404988,1.0,0.8,0.9
101000001010000001000101001010001101,7634,0.0,-106.83529411764705,0.0,908100.0,1.0,0.6000000000000001,1.0
101000100010010111001100111010110110,112,15.880530058617179,-55.35215599745888,0.11425150717115717,605283.6039144555,1.1102230246251565E-16,1.0,1.0
101000001010000001000101001001001101,3590,0.041948359047953375,-107.24706890037574,0.20974179523976688,911600.0856531938,1.0,0.8,1.0
101000001010011001000111101010101111,1230,15.8918192346059,-88.951201449462,0.17069738711477045,890875.4902564822,1.1102230246251565E-16,1.0,1.0
001111000010101001110111001001001010,220,15.896555875684461,-53.527635811482085,0.19438059250757256,589775.1823336527,1.1102230246251565E-16,1.0,0.9
101000001010000001000101001010001101,8088,0.0,-106.83529411764705,0.0,908100.0,1.0,0.6000000000000001,1.0
101000001010000001000101001000001101,2760,0.0666666666666667,-116.5475935828877,0.3333333333333335,990654.5454545454,1.0,0.6000000000000001,1.0
101000001010000001000101001001001101,1872,0.041948359047953375,-107.24706890037574,0.20974179523976688,911600.0856531938,1.0,0.8,1.0
101000001010000001000101001000001101,4064,0.0666666666666667,-116.5475935828877,0.3333333333333335,990654.5454545454,1.0,0.6000000000000001,1.0
101000001010000001000101001010001101,1908,0.0,-106.83529411764705,0.0,908100.0,1.0,0.6000000000000001,1.0
101000001010000001000101001001001101,7024,0.041948359047953375,-107.24706890037574,0.20974179523976688,911600.0856531938,1.0,0.8,1.0
101000001010000001000101001000001101,9926,0.0666666666666667,-116.5475935828877,0.3333333333333335,990654.5454545454,1.0,0.6000000000000001,1.0
101001001010000001001100100011000101,1318,0.7765622544085355,-68.89131736536035,0.38796125036258533,591517.4426424191,0.20000000000000018,0.8,1.0
101100001000000001000101001010001101,4372,0.04194835904795333,-107.24706890037572,0.20974179523976666,911600.0856531936,1.0,0.8,1.0
101000001010000001000101001001001101,4638,0.041948359047953375,-107.24706890037574,0.20974179523976688,911600.0856531938,1.0,0.8,1.0
010100100111011110110101111100111000,0,15.87839746406607,-54.06623053886928,0.10358853441561555,594353.237516444,1.1102230246251565E-16,1.0,1.0
101100001000000001000101001001001101,2458,0.059638233451419186,-111.71373055770574,0.29819116725709593,949566.7097404988,1.0,0.8,0.9
101000001010000001000101001000001101,7436,0.0666666666666667,-116.5475935828877,0.3333333333333335,990654.5454545454,1.0,0.6000000000000001,1.0
101000001010000001000101001000001101,5828,0.0666666666666667,-116.5475935828877,0.3333333333333335,990654.5454545454,1.0,0.6000000000000001,1.0
101000001010000001000101001010001101,6678,0.0,-106.83529411764705,0.0,908100.0,1.0,0.6000000000000001,1.0
101000001010000001000101001001001101,5514,0.041948359047953375,-107.24706890037574,0.20974179523976688,911600.0856531938,1.0,0.8,1.0
101000001100000001000101001010001101,9338,0.06388547761548755,-107.76640085196549,0.31942738807743776,916014.4072417066,1.0,0.8,1.0
101000101010000001000010000011000101,1548,0.7882228165829007,-94.5603627815006,0.44626406123441087,809704.3286796113,0.20000000000000018,0.9,1.0
101000001010000001000101001000001101,9762,0.0666666666666667,-116.5475935828877,0.3333333333333335,990654.5454545454,1.0,0.6000000000000001,1.0
101000001010000001000101001000001101,6204,0.0666666666666667,-116.5475935828877,0.3333333333333335,990654.5454545454,1.0,0.6000000000000001,1.0
001010111010100011010100111010110011,180,15.871535435602924,-56.67049369369062,0.0692783920998884,616489.4743324253,1.1102230246251565E-16,1.0,1.0
101000001010000001000101001001001101,3184,0.041948359047953375,-107.24706890037574,0.20974179523976688,911600.0856531938,1.0,0.8,1.0
101000001010000001000101001000001101,2052,0.0666666666666667,-116.5475935828877,0.3333333333333335,990654.5454545454,1.0,0.6000000000000001,1.0
101000001000000001000101001010001101,3202,0.0666666666666667,-116.5475935828877,0.3333333333333335,990654.5454545454,1.0,0.6000000000000001,1.0
010000010100001010011100010100010000,122,15.857679757182947,-35.391161415565946,0.0,435615.14996836556,1.1102230246251565E-16,1.0,1.0
101000001010000101000101001010101101,1662,0.2806250048682532,-113.14568122976921,0.29388127625948446,963624.0048247774,0.6000000000000001,1.0,1.0
101000001000000001000100001111000101,1786,0.2,-115.86737361485574,1.0,984872.6757262738,1.0,0.8,0.9
101000001010000001000101001010001111,7172,0.4479400086720374,-121.69953898292458,0.2499999999999999,1037828.5714285712,0.40000000000000013,0.6000000000000001,1.0
101000001010000001000101001000001101,8912,0.0666666666666667,-116.5475935828877,0.3333333333333335,990654.5454545454,1.0,0.6000000000000001,1.0
101000001010000001000101001010001101,5412,0.0,-106.83529411764705,0.0,908100.0,1.0,0.6000000000000001,1.0
101000001010000001000101001000001101,5776,0.0666666666666667,-116.5475935828877,0.3333333333333335,990654.5454545454,1.0,0.6000000000000001,1.0
101100001010000111001100010100000101,1044,0.8142445949515386,-89.06506417101244,0.5763729530776,762994.2904904619,0.20000000000000018,1.0,0.9
111111100111011101010110100011000110,260,15.875922857808877,-50.12560735654573,0.09121550312964954,560857.9404666937,1.1102230246251565E-16,1.0,1.0
110010001010110110001101110011001101,1444,15.918696104831572,-76.30326857064644,0.3050817382431279,783368.0607865498,1.1102230246251565E-16,1.0,1.0
101000001010000001000101001001001101,5344,0.041948359047953375,-107.24706890037574,0.20974179523976688,911600.0856531938,1.0,0.8,1.0
101000001000000001000101001001001101,4632,0.06666666666666668,-112.31816562798068,0.33333333333333337,954704.4078378357,1.0,0.6000000000000001,0.9
101000001010000001000101001010001101,5966,0.0,-106.83529411764705,0.0,908100.0,1.0,0.6000000000000001,1.0
010000011111111100100110111010110011,246,15.933404168051474,-77.86095591876811,0.37862205434264085,796608.403245584,1.1102230246251565E-16,1.0,0.9
101000101010000001000101000001001101,1664,0.14917694306262866,-76.82355813587783,0.2613346502728613,653823.97926553,0.8,0.9,1.0
101000001010000001000101001000011101,4738,0.0638854776154876,-107.76640085196551,0.319427388077438,916014.4072417069,1.0,0.8,1.0
101000001010000001000101001000001101,2116,0.0666666666666667,-116.5475935828877,0.3333333333333335,990654.5454545454,1.0,0.6000000000000001,1.0
101000001001000111001100100011000101,1300,0.799970536636285,-90.2609473633054,0.5050026615013328,773159.2976249522,0.20000000000000018,1.0,1.0
101000001010000001000101001000001101,8990,0.0666666666666667,-116.5475935828877,0.3333333333333335,990654.5454545454,1.0,0.6000000000000001,1.0
101000001110000001100101001000001101,2002,0.4553427307574767,-97.28349639519907,0.2870136104271964,830292.2094329044,0.40000000000000013,0.8,1.0
101000001000000111000101001010001101,8546,0.06817962315622599,-110.8565000265162,0.34089811578112994,942280.2502253877,1.0,0.9,1.0
101000001010000001000010000001000101,1494,0.4218487496163563,-122.88140064443861,1.0,1046377.6198494673,0.6000000000000001,0.7000000000000001,0.9
101000001001000001000101001001001101,1642,0.0638854776154876,-104.28676111383177,0.319427388077438,886437.4694675701,1.0,1.0,0.9
101000001010000001000101001001001101,2780,0.041948359047953375,-107.24706890037574,0.20974179523976688,911600.0856531938,1.0,0.8,1.0
101000001010000001000101001001001101,3724,0.041948359047953375,-107.24706890037574,0.20974179523976688,911600.0856531938,1.0,0.8,1.0
101011011000010111101110110110000111,264,15.928709874458661,-75.70015572075296,0.3551505863785699,778241.6015624552,1.1102230246251565E-16,1.0,1.0
101000001010000001000101001001001101,3280,0.041948359047953375,-107.24706890037574,0.20974179523976688,911600.0856531938,1.0,0.8,1.0
101000001010000001000101001010001101,3528,0.0,-106.83529411764705,0.0,908100.0,1.0,0.6000000000000001,1.0
101000001010000001000001001000001101,4908,0.0,-85.46823529411763,0.0,726479.9999999999,1.0,0.5000000000000001,1.0
101000001010000001000101001010001101,5582,0.0,-106.83529411764705,0.0,908100.0,1.0,0.6000000000000001,1.0
101000001010000001000101001010001101,7608,0.0,-106.83529411764705,0.0,908100.0,1.0,0.6000000000000001,1.0
101000001010000001000101001000001101,3228,0.0666666666666667,-116.5475935828877,0.3333333333333335,990654.5454545454,1.0,0.6000000000000001,1.0
101000001010000001000101001010001101,9466,0.0,-106.83529411764705,0.0,908100.0,1.0,0.6000000000000001,1.0
010010111111110110101100010001010011,0,15.890406724533884,-56.48331290564842,0.16363483675468993,614898.4376340667,1.1102230246251565E-16,1.0,0.9
101000001010010001001100111011000101,1350,15.86543261935601,-70.22943858170214,0.03876431086531662,731740.5058805232,1.1102230246251565E-16,0.8,1.0
101100001010000001001100110011000101,1182,0.24165983371103006,-78.87225291567646,0.09905542047336868,672299.8641549889,0.6000000000000001,1.0,1.0
101000001010000001000101001000001101,5820,0.0666666666666667,-116.5475935828877,0.3333333333333335,990654.5454545454,1.0,0.6000000000000001,1.0
101000001011000001000101101010101101,1624,0.2558578639268367,-99.84073045710615,0.17004557155240196,850531.9232571413,0.6000000000000001,1.0,1.0
000001111001101000010001011001111011,0,15.966524378515299,-27.96120079989888,0.5442231066617633,372460.4847351955,1.1102230246251565E-16,0.9,1.0
101000001010000001000101001000001101,4984,0.0666666666666667,-116.5475935828877,0.3333333333333335,990654.5454545454,1.0,0.6000000000000001,1.0
101000001010000001000101001000001101,9460,0.0666666666666667,-116.5475935828877,0.3333333333333335,990654.5454545454,1.0,0.6000000000000001,1.0
101000001000000011000101001010001101,8770,0.04194835904795333,-107.24706890037574,0.20974179523976666,911600.0856531938,1.0,0.8,1.0
101100001000000001000101001001001101,7696,0.059638233451419186,-111.71373055770574,0.29819116725709593,949566.7097404988,1.0,0.8,0.9
101000001000000001010101001001001101,2208,0.24537277862394313,-95.03748403622026,0.11762014503793405,809704.3286796113,0.6000000000000001,0.9,0.9
101000001010000001000101001000001101,3248,0.0666666666666667,-116.5475935828877,0.3333333333333335,990654.5454545454,1.0,0.6000000000000001,1.0
110111001011001110111011100000101111,0,15.948477641811943,-78.16294742537328,0.45398942314498214,799175.3310517279,1.1102230246251565E-16,1.0,1.0
011110011000010111101111010110011001,154,15.878455314453571,-51.04729292594273,0.10387778635312017,568692.2678065683,1.1102230246251565E-16,1.0,1.0
101000001010000001000101001000001101,5164,0.0666666666666667,-116.5475935828877,0.3333333333333335,990654.5454545454,1.0,0.6000000000000001,1.0
101000001010000001000101001001001101,5214,0.041948359047953375,-107.24706890037574,0.20974179523976688,911600.0856531938,1.0,0.8,1.0
101000001010000001000101001001001101,2450,0.041948359047953375,-107.24706890037574,0.20974179523976688,911600.0856531938,1.0,0.8,1.0
101001001010000001000101001001001101,2204,0.42018648552887944,-91.96839073192871,0.11123238428421,785113.8112951063,0.40000000000000013,0.8,1.0
101000000010000001001111001010101110,832,15.877104668210979,-70.49396413887388,0.09712455514016138,733988.9731164831,1.1102230246251565E-16,0.9,1.0
100000001010000000000101001001001101,3640,0.17033803085754406,-127.84335651403923,0.8516901542877203,1086668.5303693335,1.0,0.8,0.9
101000001011000001000101001001001101,6626,0.04026063910666933,-100.315067676658,0.20130319553334663,852678.075251593,1.0,1.0,1.0
101000001000000001000101001010001101,6286,0.0666666666666667,-116.5475935828877,0.3333333333333335,990654.5454545454,1.0,0.6000000000000001,1.0
101000001010000001000101001000001101,8278,0.0666666666666667,-116.5475935828877,0.3333333333333335,990654.5454545454,1.0,0.6000000000000001,1.0
111000001011000001000101001010101101,1766,15.926720712304009,-101.93347155971198,0.34520477560531027,1001224.7861936069,1.1102230246251565E-16,1.0,1.0
101000001010000001000100001000000101,2384,0.2,-142.4470588235294,1.0,1210800.0,1.0,0.6000000000000001,0.9
101000001010000001000101001000001101,2454,0.0666666666666667,-116.5475935828877,0.3333333333333335,990654.5454545454,1.0,0.6000000000000001,1.0
001010011000111001001000101011110011,110,15.949507551685823,-35.75146876893443,0.4591389725143775,438677.7624719977,1.1102230246251565E-16,1.0,1.0
101000001010000001000101001001001111,1992,0.3022009598245817,-121.79168921608897,0.40176105104112725,1037115.0727084953,0.6000000000000001,0.8,0.9
101000001010000001000111001010001101,4660,0.7489700043360185,-121.3985089872606,0.2499999999999999,1037828.5714285712,0.20000000000000018,0.6000000000000001,1.0
000000010100001010011100010100010000,0,15.998356274318429,-17.536226605203648,0.7033825856774143,283848.204080286,1.1102230246251565E-16,1.0,1.0
101000001010000001000101001000001101,5470,0.0666666666666667,-116.5475935828877,0.3333333333333335,990654.5454545454,1.0,0.6000000000000001,1.0
101000001010000001000100001000000101,8028,0.2,-142.4470588235294,1.0,1210800.0,1.0,0.6000000000000001,0.9
101000001010000001000101001001001101,2058,0.041948359047953375,-107.24706890037574,0.20974179523976688,911600.0856531938,1.0,0.8,1.0
110011010111101010010110001110010110,154,15.904888789100685,-69.46177458875333,0.23604515958868932,725215.3619404584,1.1102230246251565E-16,1.0,0.9
101100101010000001000101011001001101,2140,0.26244526643349564,-95.08098672894204,0.2029825840856967,810074.1015677464,0.6000000000000001,1.0,1.0
101000001010000001000101001010001101,7110,0.0,-106.83529411764705,0.0,908100.0,1.0,0.6000000000000001,1.0
101000001010000001000101001010001101,8916,0.0,-106.83529411764705,0.0,908100.0,1.0,0.6000000000000001,1.0
101000001010100001000101001011001101,2556,0.1373778266726235,-86.55509646910468,0.20233906832283544,736542.0550979583,0.8,0.9,1.0
101010001000000001000101001010101101,1676,0.2026015795759435,-122.28984019587841,0.5284578328394356,1040287.3767755349,0.8,1.0,0.9
101000001010000001000101001010001101,7488,0.0,-106.83529411764705,0.0,908100.0,1.0,0.6000000000000001,1.0
101000001010000001000101001010001101,6742,0.0,-106.83529411764705,0.0,908100.0,1.0,0.6000000000000001,1.0
101000001010000001000101001001001101,3000,0.041948359047953375,-107.24706890037574,0.20974179523976688,911600.0856531938,1.0,0.8,1.0
101000001010000001000101001010001101,5852,0.0,-106.83529411764705,0.0,908100.0,1.0,0.6000000000000001,1.0
101000001010000001000101001010001101,5346,0.0,-106.83529411764705,0.0,908100.0,1.0,0.6000000000000001,1.0
101000001010000001000101001010001101,8354,0.0,-106.83529411764705,0.0,908100.0,1.0,0.6000000000000001,1.0
101000001010000001000101001001001101,5194,0.041948359047953375,-107.24706890037574,0.20974179523976688,911600.0856531938,1.0,0.8,1.0
101000001010000001000100001011000101,1848,0.1277709552309751,-117.20782230978867,0.6388547761548755,996266.4896332037,1.0,0.8,0.9
101000001010000001000101001010001101,1942,0.0,-106.83529411764705,0.0,908100.0,1.0,0.6000000000000001,1.0
101000001010000001000100011000000101,9248,0.1910195140786865,-139.07886281227056,0.9550975703934326,1182170.3339042997,1.0,0.8,0.8
101000001010000001000101001010001101,4024,0.0,-106.83529411764705,0.0,908100.0,1.0,0.6000000000000001,1.0
101000001010000001000101001000001101,6786,0.0666666666666667,-116.5475935828877,0.3333333333333335,990654.5454545454,1.0,0.6000000000000001,1.0
101000001010000001000101001010001101,9114,0.0,-106.83529411764705,0.0,908100.0,1.0,0.6000000000000001,1.0
101000001010000001000100001000100111,7888,0.4147967324719607,-150.1279935634883,0.9647399142780217,1277973.6596613897,0.6000000000000001,0.9,0.8
101100001000000001000101001001101101,2026,0.17823321952628254,-114.46400678010374,0.40661603259113077,973767.7927414504,0.8,0.8,0.9
101111001010010111001100111110100111,280,15.917746681076894,-82.00838599606386,0.3003346194697355,831861.5589025979,1.1102230246251565E-16,1.0,1.0
110010111011100110001010101011110111,160,15.94479898113544,-80.10818939004012,0.4355961197624707,815709.8877513962,1.1102230246251565E-16,1.0,0.9
101000001010000001000101001010001101,6058,0.0,-106.83529411764705,0.0,908100.0,1.0,0.6000000000000001,1.0
101000001010000001000100011000000101,9226,0.1910195140786865,-139.07886281227056,0.9550975703934326,1182170.3339042997,1.0,0.8,0.8
100000001000000000000111001010101101,1484,0.8989700043360185,-149.65087230876858,1.0,1277973.6596613892,0.20000000000000018,0.9,0.8
110110000110011100101101011010101110,384,15.904545464949754,-68.90801862674698,0.23432853883403482,720508.4362634044,1.1102230246251565E-16,1.0,1.0
101000000011000001000100001011000100,1540,0.05362628254467714,-60.965758510702884,0.2681314127233857,518208.9473409745,1.0,1.0,1.0
101000001010000001001100010011000101,1368,0.27565968748709263,-90.75362691739814,0.2690546893536816,773291.5431696232,0.6000000000000001,0.8,1.0
101100001000000001000101001001001101,5102,0.059638233451419186,-111.71373055770574,0.29819116725709593,949566.7097404988,1.0,0.8,0.9
101000001010000001000101001001001101,7812,0.041948359047953375,-107.24706890037574,0.20974179523976688,911600.0856531938,1.0,0.8,1.0
101000001010000001000101001010001101,9608,0.0,-106.83529411764705,0.0,908100.0,1.0,0.6000000000000001,1.0
110101000101011110101100010111000100,396,15.920663384948252,-40.3718232185939,0.31491813882652453,477950.77529410325,1.1102230246251565E-16,1.0,1.0
101000001010000001000101001001001101,6800,0.041948359047953375,-107.24706890037574,0.20974179523976688,911600.0856531938,1.0,0.8,1.0
101000001010000001000101001010001101,6038,0.0,-106.83529411764705,0.0,908100.0,1.0,0.6000000000000001,1.0
101000001010001101101101010011111111,1062,15.87938148216665,-71.69523448650519,0.10850862491851332,744199.7710713492,1.1102230246251565E-16,1.0,1.0
001010111000100101001111001001101011,426,15.89212475251378,-68.35205168915702,0.17222497665416348,715782.7172938897,1.1102230246251565E-16,1.0,1.0
101000001010000001000101001010001101,6604,0.0,-106.83529411764705,0.0,908100.0,1.0,0.6000000000000001,1.0
101000001010000001000101001000001101,9852,0.0666666666666667,-116.5475935828877,0.3333333333333335,990654.5454545454,1.0,0.6000000000000001,1.0
110111011000110110101110010110000111,282,15.917185640188238,-73.23219043286294,0.29752941502645613,757263.8966153901,1.1102230246251565E-16,1.0,0.9
101000001010000001000101001000001101,6272,0.0666666666666667,-116.5475935828877,0.3333333333333335,990654.5454545454,1.0,0.6000000000000001,1.0
101000001010000001000101001001001101,2016,0.041948359047953375,-107.24706890037574,0.20974179523976688,911600.0856531938,1.0,0.8,1.0
101000001010000001000101001000001101,9330,0.0666666666666667,-116.5475935828877,0.3333333333333335,990654.5454545454,1.0,0.6000000000000001,1.0
101100001000000001000101001001001101,2486,0.059638233451419186,-111.71373055770574,0.29819116725709593,949566.7097404988,1.0,0.8,0.9
101000001000000011000101001010001101,9482,0.04194835904795333,-107.24706890037574,0.20974179523976666,911600.0856531938,1.0,0.8,1.0
101000001010000001000101001000001101,9396,0.0666666666666667,-116.5475935828877,0.3333333333333335,990654.5454545454,1.0,0.6000000000000001,1.0
010110001011001100111011001010111011,188,15.909809008613282,-60.01298297738819,0.26064625715167156,644900.6332438547,1.1102230246251565E-16,1.0,1.0
101000001010000001000101001000001101,2294,0.0666666666666667,-116.5475935828877,0.3333333333333335,990654.5454545454,1.0,0.6000000000000001,1.0
101000001010000001000101001001001101,7600,0.041948359047953375,-107.24706890037574,0.20974179523976688,911600.0856531938,1.0,0.8,1.0
101000001010000001000101001001001101,3142,0.041948359047953375,-107.24706890037574,0.20974179523976688,911600.0856531938,1.0,0.8,1.0
010011101010010110001100111010110011,320,15.897033956595827,-70.41673917922492,0.19677099706440304,733332.5609594668,1.1102230246251565E-16,1.0,0.9
101000001010000001000101001001001101,6556,0.041948359047953375,-107.24706890037574,0.20974179523976688,911600.0856531938,1.0,0.8,1.0
101000001010000001000101001010001101,7780,0.0,-106.83529411764705,0.0,908100.0,1.0,0.6000000000000001,1.0
101000001000000001000110001010100101,1500,0.8919179871916229,-149.65087230876858,0.9647399142780217,1277973.6596613892,0.20000000000000018,0.9,0.8
101000001000000001010101101011001101,1754,0.24826797053709998,-87.59382893354565,0.13209610460371835,746433.2603068771,0.6000000000000001,0.9,1.0
101000001000000001000101001010001101,4072,0.0666666666666667,-116.5475935828877,0.3333333333333335,990654.5454545454,1.0,0.6000000000000001,1.0
101000001010000001000101001010001111,2984,0.4479400086720374,-121.69953898292458,0.2499999999999999,1037828.5714285712,0.40000000000000013,0.6000000000000001,1.0
101000001010000001000101001001001101,3990,0.041948359047953375,-107.24706890037574,0.20974179523976688,911600.0856531938,1.0,0.8,1.0
101100001010000001000101100111001101,1612,0.1678193058393735,-68.1263292310313,0.3545464641565854,579897.5335743346,0.8,1.0,1.0
101000001110000001000100001011000101,1822,0.13034127733599146,-108.13481570197507,0.6517063866799573,919145.9334667881,1.0,1.0,0.9
101000001010000001000101001000001101,4120,0.0666666666666667,-116.5475935828877,0.3333333333333335,990654.5454545454,1.0,0.6000000000000001,1.0
101111001010011101001111001000101111,470,15.897742792573554,-83.27387373953792,0.20031517695304057,842618.2047221274,1.1102230246251565E-16,1.0,1.0
001111001010101001000110001101010011,464,15.88245600203458,-56.6692694519992,0.12388122425816817,616479.0682780483,1.1102230246251565E-16,1.0,1.0
101000001110000001000101001000001101,6654,0.06388547761548755,-107.76640085196549,0.31942738807743776,916014.4072417066,1.0,0.8,1.0
011111001010100001110100111001000011,222,15.916970212573933,-64.91775029356684,0.2964522769549309,686591.1554313732,1.1102230246251565E-16,1.0,0.9
101000001010000001000101001001001101,2838,0.041948359047953375,-107.24706890037574,0.20974179523976688,911600.0856531938,1.0,0.8,1.0
101000001000000001000100100011000101,1568,0.16346947715846366,-99.83512281125955,0.8173473857923184,848598.5438957062,1.0,0.8,0.9
101000001010000001000101001010001101,8542,0.0,-106.83529411764705,0.0,908100.0,1.0,0.6000000000000001,1.0
101000001010000001000101001010001101,6390,0.0,-106.83529411764705,0.0,908100.0,1.0,0.6000000000000001,1.0
101000001010000001000101001001001101,7564,0.041948359047953375,-107.24706890037574,0.20974179523976688,911600.0856531938,1.0,0.8,1.0
101000001110000001000101001000001101,7294,0.06388547761548755,-107.76640085196549,0.31942738807743776,916014.4072417066,1.0,0.8,1.0
101000001010000001000101001000001101,3364,0.0666666666666667,-116.5475935828877,0.3333333333333335,990654.5454545454,1.0,0.6000000000000001,1.0
101000001010000001000101001010001101,8484,0.0,-106.83529411764705,0.0,908100.0,1.0,0.6000000000000001,1.0
101000001010000001000101001010001101,9680,0.0,-106.83529411764705,0.0,908100.0,1.0,0.6000000000000001,1.0
101000001010000001000101001000001101,3292,0.0666666666666667,-116.5475935828877,0.3333333333333335,990654.5454545454,1.0,0.6000000000000001,1.0
101010001010000001000101001001001101,1998,0.16508963616428238,-110.75959001350815,0.34089811578112994,942280.2502253877,0.8,1.0,1.0
001010110111110001111011101011011000,0,16.192197001411504,-23.899473006092432,1.6725862211427875,337935.79848784074,1.1102230246251565E-16,1.0,0.9
101000001010000001000100001000100111,2048,0.4147967324719607,-150.1279935634883,0.9647399142780217,1277973.6596613897,0.6000000000000001,0.9,0.8
101011000010000001000010000001000110,1394,15.982401116732943,-61.639696469438164,0.623606797749979,658727.6979262795,1.1102230246251565E-16,0.7000000000000001,1.0
101000001010000001000101001000101101,1946,0.08912586197027975,-118.97146877261662,0.4456293098513987,1011257.4845672413,1.0,0.9,0.9
101000001010000001000101001001001101,7078,0.041948359047953375,-107.24706890037574,0.20974179523976688,911600.0856531938,1.0,0.8,1.0
000111001010100000111100111010110011,224,15.891011836563177,-43.67405572828886,0.1666603969011502,506019.75162651035,1.1102230246251565E-16,1.0,1.0
101000001010000001000101001000001101,7410,0.0666666666666667,-116.5475935828877,0.3333333333333335,990654.5454545454,1.0,0.6000000000000001,1.0
101000001010000001000101001000001101,3494,0.0666666666666667,-116.5475935828877,0.3333333333333335,990654.5454545454,1.0,0.6000000000000001,1.0
101000001010000001000100100011000111,1454,0.8107775206514015,-109.85922688242911,0.5590375815769152,939744.6735375036,0.20000000000000018,0.8,0.9
101000001010000001000101001001001101,5606,0.041948359047953375,-107.24706890037574,0.20974179523976688,911600.0856531938,1.0,0.8,1.0
100100001000000000000101001010001101,9562,0.17033803085754404,-127.84335651403923,0.8516901542877202,1086668.5303693335,1.0,0.8,0.9
101000001010000001000101001001001101,3282,0.041948359047953375,-107.24706890037574,0.20974179523976688,911600.0856531938,1.0,0.8,1.0
101000001000001001000101001001001101,1792,0.12043404201564317,-95.16242277282856,0.11762014503793394,809704.3286796113,0.8,0.9,0.9
001010111010100111001000011100100011,0,15.918992600908336,-58.28465451580219,0.30656421862695016,630209.8413203737,1.1102230246251565E-16,1.0,1.0
101000001010000001000101001010001101,9506,0.0,-106.83529411764705,0.0,908100.0,1.0,0.6000000000000001,1.0
101000001010000101001111001000011101,540,15.925880359169584,-94.48205992670401,0.34100300993319044,937887.7873130392,1.1102230246251565E-16,1.0,1.0
101000001010000001000101001000001101,2498,0.0666666666666667,-116.5475935828877,0.3333333333333335,990654.5454545454,1.0,0.6000000000000001,1.0
101100001000000001000101001001001101,4756,0.059638233451419186,-111.71373055770574,0.29819116725709593,949566.7097404988,1.0,0.8,0.9
101001101011000001010101001001001101,3586,15.958903357611613,-54.35821297880399,0.5061180021433334,596835.088255889,1.1102230246251565E-16,1.0,1.0
101000001010000001000101001010001101,7060,0.0,-106.83529411764705,0.0,908100.0,1.0,0.6000000000000001,1.0
101000001010000001001100110011000101,812,0.2530861919959894,-84.15756228393475,0.15618721189816553,717224.9937851845,0.6000000000000001,0.8,1.0
101000001010000001000101101001001101,1748,0.040260639106669285,-100.31506767665795,0.2013031955333464,852678.0752515926,1.0,0.8,1.0
101001000110111101010010110110000100,0,16.07713634578301,-27.266418432422324,1.0972829430003275,366554.8346116448,1.1102230246251565E-16,1.0,0.9
101000001010000001000101001000001101,8520,0.0666666666666667,-116.5475935828877,0.3333333333333335,990654.5454545454,1.0,0.6000000000000001,1.0
101000001010000001000101001010001101,7576,0.0,-106.83529411764705,0.0,908100.0,1.0,0.6000000000000001,1.0
101000001010000001000101001000001101,4610,0.0666666666666667,-116.5475935828877,0.3333333333333335,990654.5454545454,1.0,0.6000000000000001,1.0
101000001010000001000101001001001101,6956,0.041948359047953375,-107.24706890037574,0.20974179523976688,911600.0856531938,1.0,0.8,1.0
101000001010000001000101001010001101,4762,0.0,-106.83529411764705,0.0,908100.0,1.0,0.6000000000000001,1.0
101000001010000001000101001000001101,9428,0.0666666666666667,-116.5475935828877,0.3333333333333335,990654.5454545454,1.0,0.6000000000000001,1.0
101000001010000001000101001000001101,7016,0.0666666666666667,-116.5475935828877,0.3333333333333335,990654.5454545454,1.0,0.6000000000000001,1.0
101000001010000001000101001001001101,3008,0.041948359047953375,-107.24706890037574,0.20974179523976688,911600.0856531938,1.0,0.8,1.0
101000001010000001000101001010001101,2034,0.0,-106.83529411764705,0.0,908100.0,1.0,0.6000000000000001,1.0
101000001010000001000101001001001101,6496,0.041948359047953375,-107.24706890037574,0.20974179523976688,911600.0856531938,1.0,0.8,1.0
110011011000110110101011111101001101,230,15.918268566724233,-68.69438318295038,0.30294404770643424,718692.5349911333,1.1102230246251565E-16,1.0,0.9
101000001010000111101111001101011101,452,15.90003044961019,-77.85457699763457,0.21175346213622115,796554.182415949,1.1102230246251565E-16,1.0,1.0
101000001010000001000101001001001101,3290,0.041948359047953375,-107.24706890037574,0.20974179523976688,911600.0856531938,1.0,0.8,1.0
001111001010010111011100111110100011,614,15.864790213581168,-59.38392273374835,0.035552281991106716,639553.621172916,1.1102230246251565E-16,1.0,1.0
101000001010000001000110000011000101,1404,0.8345277425704595,-118.47744607732145,0.6777886911722049,1012999.5366940885,0.20000000000000018,0.8,0.9
101000001000000011000101001001001101,9224,0.06132704598304935,-108.6373790867226,0.3066352299152467,923417.7222371422,1.0,0.8,0.9
101000001010000001000101001000001101,6778,0.0666666666666667,-116.5475935828877,0.3333333333333335,990654.5454545454,1.0,0.6000000000000001,1.0
101000001010000001000100001010000101,9426,0.13333333333333336,-128.20235294117646,0.6666666666666667,1089720.0,1.0,0.6000000000000001,0.9
101000001010000001010111011010001111,1040,15.927515590865537,-103.70434292546304,0.34917916841295515,1016277.1928024909,1.1102230246251565E-16,0.9,0.9
101000001010000001000101001001001101,5534,0.041948359047953375,-107.24706890037574,0.20974179523976688,911600.0856531938,1.0,0.8,1.0
101000001010000001000101001000001101,9186,0.0666666666666667,-116.5475935828877,0.3333333333333335,990654.5454545454,1.0,0.6000000000000001,1.0
101000001010000001000101001000001101,2604,0.0666666666666667,-116.5475935828877,0.3333333333333335,990654.5454545454,1.0,0.6000000000000001,1.0
101000001010000001000101001010001101,3088,0.0,-106.83529411764705,0.0,908100.0,1.0,0.6000000000000001,1.0
101000001010000001000101001010001101,4018,0.0,-106.83529411764705,0.0,908100.0,1.0,0.6000000000000001,1.0
101000001110000001000101001001001101,1890,0.040260639106669285,-100.31506767665797,0.2013031955333464,852678.0752515928,1.0,1.0,1.0
111011011111111111100111010011011111,326,15.885125649527106,-71.87793239828436,0.1372294617207961,745752.7033214722,1.1102230246251565E-16,1.0,1.0
101000001010000001000100101011000101,2006,0.10187270640876127,-108.13481570197507,0.5093635320438064,919145.9334667881,1.0,0.8,0.9
101100001000000001000101001000001101,5754,0.0666666666666667,-112.31816562798068,0.3333333333333335,954704.4078378357,1.0,0.6000000000000001,0.9
101000001010000001000000001010100111,1650,0.8352968329764564,-117.36476005873847,0.6816341432021893,1003541.7055361331,0.20000000000000018,0.9,0.9
101000001010000001000100001010000101,2162,0.13333333333333336,-128.20235294117646,0.6666666666666667,1089720.0,1.0,0.6000000000000001,0.9
101000001010000001000101001001001101,4936,0.041948359047953375,-107.24706890037574,0.20974179523976688,911600.0856531938,1.0,0.8,1.0
101000001010000001000101001000001101,3324,0.0666666666666667,-116.5475935828877,0.3333333333333335,990654.5454545454,1.0,0.6000000000000001,1.0
101100001000000001000101001001001101,8854,0.059638233451419186,-111.71373055770574,0.29819116725709593,949566.7097404988,1.0,0.8,0.9
101000001010000001000101001000001101,8860,0.0666666666666667,-116.5475935828877,0.3333333333333335,990654.5454545454,1.0,0.6000000000000001,1.0
101000001010000001000101001010001101,7182,0.0,-106.83529411764705,0.0,908100.0,1.0,0.6000000000000001,1.0
101000001010000001000101001000001101,6458,0.0666666666666667,-116.5475935828877,0.3333333333333335,990654.5454545454,1.0,0.6000000000000001,1.0
101000001010000001000101001010001101,9618,0.0,-106.83529411764705,0.0,908100.0,1.0,0.6000000000000001,1.0
101000001010000001000101001001001101,3918,0.041948359047953375,-107.24706890037574,0.20974179523976688,911600.0856531938,1.0,0.8,1.0
101000001000000101001100010011000101,1416,0.3612389566103288,-103.21624891463762,0.6969510349698624,879223.8301461588,0.6000000000000001,1.0,0.9
101000001010000001000101001000001101,3244,0.0666666666666667,-116.5475935828877,0.3333333333333335,990654.5454545454,1.0,0.6000000000000001,1.0
101000001010000001000101001001001101,5794,0.041948359047953375,-107.24706890037574,0.20974179523976688,911600.0856531938,1.0,0.8,1.0
101000001010000001000101001010001101,2872,0.0,-106.83529411764705,0.0,908100.0,1.0,0.6000000000000001,1.0
101000001010000001000101001001001101,5380,0.041948359047953375,-107.24706890037574,0.20974179523976688,911600.0856531938,1.0,0.8,1.0
111000000010101001110100111010110110,216,15.878795170682952,-61.82696752582761,0.10557706750002893,660319.5019055898,1.1102230246251565E-16,1.0,1.0
100100000011000000000101001100001100,7084,0.094650228790002,-63.683869179520755,0.47325114395001,541312.8880259264,1.0,1.0,1.0
101000001010000001000101001010001101,8540,0.0,-106.83529411764705,0.0,908100.0,1.0,0.6000000000000001,1.0
110001110010111110110111101110111100,128,15.89317292107044,-47.31960016557089,0.17746581943746254,537006.8793434076,1.1102230246251565E-16,1.0,1.0
101000001010000001000100001011000101,1722,0.1277709552309751,-117.20782230978867,0.6388547761548755,996266.4896332037,1.0,0.8,0.9
101000001000010001000101001000001101,6376,0.42164874961635634,0.22184825030673092,0.999,0.004244131815783876,0.6000000000000001,0.5000000000000001,1.0
101000001011000001000100100011100101,1492,0.4965529756964665,-94.63425475768798,0.4930648351221453,807773.6555140602,0.40000000000000013,1.0,1.0
100000001000000000000111100011011101,1724,0.8989700043360184,-109.57954127710805,0.9999999999999992,937367.3458922745,0.20000000000000018,0.8,0.9
101000001010000001000101001001001101,4328,0.041948359047953375,-107.24706890037574,0.20974179523976688,911600.0856531938,1.0,0.8,1.0
101000001010000001000101001010001101,7156,0.0,-106.83529411764705,0.0,908100.0,1.0,0.6000000000000001,1.0
101000001010000001000101001001001101,6510,0.041948359047953375,-107.24706890037574,0.20974179523976688,911600.0856531938,1.0,0.8,1.0
101000001010000001000101001001001101,8030,0.041948359047953375,-107.24706890037574,0.20974179523976688,911600.0856531938,1.0,0.8,1.0
101000001010000001000101001001001101,7886,0.041948359047953375,-107.24706890037574,0.20974179523976688,911600.0856531938,1.0,0.8,1.0
110001111010111110101111001101011111,170,15.886936080441583,-67.976119105172,0.14628161629318215,712587.2903300171,1.1102230246251565E-16,1.0,1.0
010011001010111100000110111111000001,392,15.866955198799356,-57.77853490459755,0.046377208082044596,625907.8246251342,1.1102230246251565E-16,1.0,0.9
101000001010000001000101001000001101,4866,0.0666666666666667,-116.5475935828877,0.3333333333333335,990654.5454545454,1.0,0.6000000000000001,1.0
101000001010000001000101101000001101,4788,0.06388547761548755,-107.76640085196547,0.31942738807743776,916014.4072417065,1.0,0.8,1.0
101000001000000101001100110011000101,1468,0.3424412553817604,-97.71783623364095,0.6029625288270205,832487.3223576872,0.6000000000000001,1.0,0.9
101100001000000001000101001001001101,1734,0.059638233451419186,-111.71373055770574,0.29819116725709593,949566.7097404988,1.0,0.8,0.9
101000001010000001000101001001001101,6706,0.041948359047953375,-107.24706890037574,0.20974179523976688,911600.0856531938,1.0,0.8,1.0
101000001011000001000101111011001101,1950,0.12723372992572282,-93.24771152190186,0.1516185845883321,793429.2830467343,0.8,1.0,1.0
101000001010000001000101001010001101,7654,0.0,-106.83529411764705,0.0,908100.0,1.0,0.6000000000000001,1.0
101000001010000001000101001010001101,7870,0.0,-106.83529411764705,0.0,908100.0,1.0,0.6000000000000001,1.0
101000001011000001000100001010100101,1618,0.23649602073600579,-120.88919484601188,0.6979300386397469,1028381.8913016694,0.8,1.0,0.9
101000001011000001000100001010100101,1636,0.23649602073600579,-120.88919484601188,0.6979300386397469,1028381.8913016694,0.8,1.0,0.9
101000001010000001000101001010001101,8526,0.0,-106.83529411764705,0.0,908100.0,1.0,0.6000000000000001,1.0
111011011001111111101111101011111111,344,15.888127488986372,-72.59808915904289,0.15223865901712585,751874.0357879197,1.1102230246251565E-16,1.0,1.0
101100111111100001101010010010010111,0,15.8968728703746,-64.5589505921626,0.19596556595825987,683541.3579694371,1.1102230246251565E-16,1.0,1.0
101000001010000001000100001010000101,1948,0.13333333333333336,-128.20235294117646,0.6666666666666667,1089720.0,1.0,0.6000000000000001,0.9
101000001010010001000111001010101111,1122,15.915450386699902,-104.1951291036954,0.2888531475847812,1020448.875317466,1.1102230246251565E-16,0.9,1.0
101000001010000001000101001001001101,6312,0.041948359047953375,-107.24706890037574,0.20974179523976688,911600.0856531938,1.0,0.8,1.0
101000001010010001000100100011000101,1280,0.6989700043360185,-78.9561333768883,0.0,677068.3787404067,0.20000000000000018,0.8,1.0
101000000011000001000110001000100100,1560,0.5875903405918845,-108.64478138813277,0.9482516595992356,926863.1318728408,0.40000000000000013,0.9,0.9
111011001010110001010111011010101111,984,15.899123726973016,-89.77370506570169,0.20721984895034573,897866.7709945195,1.1102230246251565E-16,1.0,1.0
101000001010000001000101001001001101,6636,0.041948359047953375,-107.24706890037574,0.20974179523976688,911600.0856531938,1.0,0.8,1.0
101000001010000001000101001010001101,4852,0.0,-106.83529411764705,0.0,908100.0,1.0,0.6000000000000001,1.0
101000001000000001000100100011000101,1758,0.16346947715846366,-99.83512281125955,0.8173473857923184,848598.5438957062,1.0,0.8,0.9
101000001010010001000111001011001101,1306,15.857679757182947,-85.50643210309718,0.0,861594.9508123811,1.1102230246251565E-16,0.8,1.0
101000001010000001000101001010001101,6948,0.0,-106.83529411764705,0.0,908100.0,1.0,0.6000000000000001,1.0
101000001010010011001100010011000101,986,15.8642169243503,-66.590204559576,0.03268583583676421,700807.016692451,1.1102230246251565E-16,1.0,1.0
101000001010000001000101001000001101,8186,0.0666666666666667,-116.5475935828877,0.3333333333333335,990654.5454545454,1.0,0.6000000000000001,1.0
101000001010000001000101001001001101,1984,0.041948359047953375,-107.24706890037574,0.20974179523976688,911600.0856531938,1.0,0.8,1.0
101000001010000001000101001000001101,6340,0.0666666666666667,-116.5475935828877,0.3333333333333335,990654.5454545454,1.0,0.6000000000000001,1.0
101000001010000001000100000011000101,1712,0.10938363213560547,-101.0292614093071,0.5469181606780273,858748.7219791103,1.0,0.6000000000000001,1.0
101000001010000001000101001001001101,5640,0.041948359047953375,-107.24706890037574,0.20974179523976688,911600.0856531938,1.0,0.8,1.0
101000001010000001000100001000000101,5508,0.2,-142.4470588235294,1.0,1210800.0,1.0,0.6000000000000001,0.9
001111001010100001110100111010110011,0,15.858083419930377,-55.452473174586046,0.0020183137371552196,606136.2999200365,1.1102230246251565E-16,1.0,1.0
101000001010000001000101001010001101,3890,0.0,-106.83529411764705,0.0,908100.0,1.0,0.6000000000000001,1.0
101000001010000001000101001000001101,5914,0.0666666666666667,-116.5475935828877,0.3333333333333335,990654.5454545454,1.0,0.6000000000000001,1.0
101000001010000001000111101011001101,1468,15.904614850144604,-92.35135627508375,0.2346754648082895,919776.8062742669,1.1102230246251565E-16,0.8,1.0
101000001010000001000101001001001101,5442,0.041948359047953375,-107.24706890037574,0.20974179523976688,911600.0856531938,1.0,0.8,1.0
101000001000000001000100110011000101,1456,0.2609938560744607,-102.09342987083409,0.8204192153320216,868617.8890126583,0.8,0.8,0.9
101100001010000001000101001011001101,1764,0.0,-96.64622142569887,0.0,821492.8821184403,1.0,1.0,1.0
101000001010000001000101001000001101,2612,0.0666666666666667,-116.5475935828877,0.3333333333333335,990654.5454545454,1.0,0.6000000000000001,1.0
101000001000000001000101001010001101,4352,0.0666666666666667,-116.5475935828877,0.3333333333333335,990654.5454545454,1.0,0.6000000000000001,1.0
101000001010000001000101001000001101,9540,0.0666666666666667,-116.5475935828877,0.3333333333333335,990654.5454545454,1.0,0.6000000000000001,1.0
101000001010010111001111001110111111,412,15.894491105991484,-85.54398271384522,0.18405674404268746,861914.1310037394,1.1102230246251565E-16,1.0,1.0
101000001010000001000100101000100101,1972,0.2637069949074128,-127.33614667960049,0.833984909496782,1083180.9818871727,0.8,0.9,0.9
111011001110101111101111001011001101,1226,15.860132790528597,-69.16142729906046,0.012265166728250954,722662.409978069,1.1102230246251565E-16,1.0,1.0
101000001011000001000000001010100101,1544,0.21540602467289116,-96.67194160576136,0.5924800583241738,822535.23875954,0.8,1.0,0.9
101000001001000101001100010011000101,1400,0.8401278700278567,-97.13705145695988,0.7057893284591912,831606.1824210151,0.20000000000000018,1.0,0.9
101000001010000001000101001000001101,5674,0.0666666666666667,-116.5475935828877,0.3333333333333335,990654.5454545454,1.0,0.6000000000000001,1.0
101000001010000001000100011000000101,9532,0.1910195140786865,-139.07886281227056,0.9550975703934326,1182170.3339042997,1.0,0.8,0.8
101000001010000001000111001010001101,4482,0.7489700043360185,-121.3985089872606,0.2499999999999999,1037828.5714285712,0.20000000000000018,0.6000000000000001,1.0
101000001010000001000101001000001101,7840,0.0666666666666667,-116.5475935828877,0.3333333333333335,990654.5454545454,1.0,0.6000000000000001,1.0
100000001010000100001100010000000101,740,0.2967100130080564,0.09690953259992692,0.999,0.004083469100494441,0.8,0.9,0.8
101000001010000001000101001000001101,9914,0.0666666666666667,-116.5475935828877,0.3333333333333335,990654.5454545454,1.0,0.6000000000000001,1.0
101000001010000001000101001001001101,6876,0.041948359047953375,-107.24706890037574,0.20974179523976688,911600.0856531938,1.0,0.8,1.0
000111111001110100101001011110101001,136,15.923320874044549,-41.366130749780766,0.32820558430801294,486402.3893091915,1.1102230246251565E-16,1.0,1.0
101000001010000001000101001001001101,3024,0.041948359047953375,-107.24706890037574,0.20974179523976688,911600.0856531938,1.0,0.8,1.0
101000000010010101101111001101111110,870,15.859756342605978,-63.77297246716482,0.010382927115158758,676860.5439069561,1.1102230246251565E-16,1.0,1.0
110000110100110010111000101010100100,0,16.233720202358818,-11.906550415416984,1.8802022258793567,235995.9564670994,1.1102230246251565E-16,1.0,1.0
101111010111011101101111001000111110,412,15.86189730603471,-61.423861132664584,0.021087744258815433,656893.097563704,1.1102230246251565E-16,1.0,1.0
101000001010000001000101001000001101,9156,0.0666666666666667,-116.5475935828877,0.3333333333333335,990654.5454545454,1.0,0.6000000000000001,1.0
101000001010000001000101001000001101,9908,0.0666666666666667,-116.5475935828877,0.3333333333333335,990654.5454545454,1.0,0.6000000000000001,1.0
011111001010101001101111010110001011,218,15.947219812174916,-46.31697645399517,0.44770027495984444,528484.577795014,1.1102230246251565E-16,1.0,1.0
101000001000000001000101001010001101,6810,0.0666666666666667,-116.5475935828877,0.3333333333333335,990654.5454545454,1.0,0.6000000000000001,1.0
101000001010000001000101001001001101,7246,0.041948359047953375,-107.24706890037574,0.20974179523976688,911600.0856531938,1.0,0.8,1.0
101000001010000001000101001000001101,6362,0.0666666666666667,-116.5475935828877,0.3333333333333335,990654.5454545454,1.0,0.6000000000000001,1.0
101000001010000001000100001001000101,2364,0.17033803085754406,-127.84335651403923,0.8516901542877203,1086668.5303693335,1.0,0.8,0.9
101000001010000001000101001001001101,6792,0.041948359047953375,-107.24706890037574,0.20974179523976688,911600.0856531938,1.0,0.8,1.0
100100001000000000000101001000001101,5132,0.2,-136.17956730191253,1.0,1157526.3220662565,1.0,0.6000000000000001,0.8
101000001000000001000110100010010101,1600,0.35777330141294816,-108.4155303371062,0.6796227589829591,923417.7222371418,0.6000000000000001,0.7000000000000001,0.9
101000001011000011001100110010000101,1056,0.7361374153150514,-79.67751261183793,0.1858370548951641,683200.1022374785,0.20000000000000018,1.0,1.0
101000001010000001000101001010001101,9656,0.0,-106.83529411764705,0.0,908100.0,1.0,0.6000000000000001,1.0
101000001010001001000101001001001111,3998,0.4465821821125621,-106.32832596456446,0.2432108672026233,907173.2607725102,0.40000000000000013,0.9,0.9
101000001010000001000100001000100101,2018,0.1910195140786865,-139.07886281227053,0.9550975703934326,1182170.3339042994,1.0,0.9,0.8
101000001010000001000101001000001101,3036,0.0666666666666667,-116.5475935828877,0.3333333333333335,990654.5454545454,1.0,0.6000000000000001,1.0
110001111011111110101111001001001111,270,15.881857642899389,-68.59404852798674,0.1208894285822093,717839.6904239424,1.1102230246251565E-16,1.0,1.0
101000001010000001000101001001001101,7750,0.041948359047953375,-107.24706890037574,0.20974179523976688,911600.0856531938,1.0,0.8,1.0
101000001010000001000100001000100111,3478,0.4147967324719607,-150.1279935634883,0.9647399142780217,1277973.6596613897,0.6000000000000001,0.9,0.8
110011011000001010111100010100010101,198,15.875638969698333,-55.65829536854905,0.08979606257693318,607885.788568722,1.1102230246251565E-16,1.0,0.9
101000001010000001000101001001001101,7926,0.041948359047953375,-107.24706890037574,0.20974179523976688,911600.0856531938,1.0,0.8,1.0
101000001010000001000101001001001101,3132,0.041948359047953375,-107.24706890037574,0.20974179523976688,911600.0856531938,1.0,0.8,1.0
101000001010000001000101001001001101,7342,0.041948359047953375,-107.24706890037574,0.20974179523976688,911600.0856531938,1.0,0.8,1.0
101000001010100001000101001010101101,2110,0.2218487496163563,-96.48738403140561,0.0,822028.4786386867,0.6000000000000001,1.0,1.0
101000001010000001001101001000001101,2174,0.39794000867203744,-98.21925456146371,0.0,838246.1538461539,0.40000000000000013,0.6000000000000001,1.0
101100001010000001000100001010000101,2264,0.1277709552309751,-117.20782230978863,0.6388547761548755,996266.4896332034,1.0,0.8,0.9
101100001000000001000101001001001101,7860,0.059638233451419186,-111.71373055770574,0.29819116725709593,949566.7097404988,1.0,0.8,0.9
101000001010010001010101101011001101,2046,15.958966291678946,-58.477444996863724,0.5064326724800003,631848.5604093968,1.1102230246251565E-16,0.9,1.0
101000001010000001000100001010100111,5698,0.8489700043360185,-139.0896806545328,0.7500000000000001,1188203.530600385,0.20000000000000018,0.9,0.9
101000001010000001000101001000001101,3018,0.0666666666666667,-116.5475935828877,0.3333333333333335,990654.5454545454,1.0,0.6000000000000001,1.0
101000001010000001000101001010001101,8904,0.0,-106.83529411764705,0.0,908100.0,1.0,0.6000000000000001,1.0
101000001010000001000101001001001101,4370,0.041948359047953375,-107.24706890037574,0.20974179523976688,911600.0856531938,1.0,0.8,1.0
101000001010000001000101001001001101,5922,0.041948359047953375,-107.24706890037574,0.20974179523976688,911600.0856531938,1.0,0.8,1.0
101000001000000001000101001001001101,3544,0.06666666666666668,-112.31816562798068,0.33333333333333337,954704.4078378357,1.0,0.6000000000000001,0.9
101000001010000001000101001000001101,3872,0.0666666666666667,-116.5475935828877,0.3333333333333335,990654.5454545454,1.0,0.6000000000000001,1.0
101000001010000101000101001010001101,9982,0.13176048847918015,-110.51751319332918,0.17425237735561871,940222.5972538665,0.8,0.9,1.0
101000001010000001000100001000100111,4488,0.4147967324719607,-150.1279935634883,0.9647399142780217,1277973.6596613897,0.6000000000000001,0.9,0.8
110011011010100000110100111010110111,132,15.946500498136272,-80.19816140248751,0.4441037047666294,816474.6498571989,1.1102230246251565E-16,1.0,0.9
101000001010000001000101001001001101,4014,0.041948359047953375,-107.24706890037574,0.20974179523976688,911600.0856531938,1.0,0.8,1.0
101000001010000001000101001010001101,8966,0.0,-106.83529411764705,0.0,908100.0,1.0,0.6000000000000001,1.0
101000001000000001000100001011000101,1692,0.19999999999999996,-127.84335651403923,0.9999999999999998,1086668.5303693335,1.0,0.8,0.9
111011011111110101111111001001011111,482,15.872541144091887,-70.0594114739918,0.07430693454469839,730295.2754649854,1.1102230246251565E-16,1.0,1.0
101000001010000001000101001010001101,6196,0.0,-106.83529411764705,0.0,908100.0,1.0,0.6000000000000001,1.0
101000001010000001000100001010000101,3000,0.13333333333333336,-128.20235294117646,0.6666666666666667,1089720.0,1.0,0.6000000000000001,0.9
101000001010000001000101001010001101,9528,0.0,-106.83529411764705,0.0,908100.0,1.0,0.6000000000000001,1.0
101000011010111111101111011101011101,944,15.870790705499289,-62.476844321852894,0.06555474158170904,665843.4546718047,1.1102230246251565E-16,1.0,1.0
101000001010000001000100001001000101,1854,0.17033803085754406,-127.84335651403923,0.8516901542877203,1086668.5303693335,1.0,0.8,0.9
101000001010000001000101001001001101,2548,0.041948359047953375,-107.24706890037574,0.20974179523976688,911600.0856531938,1.0,0.8,1.0
101000001010000001000101001010001101,2256,0.0,-106.83529411764705,0.0,908100.0,1.0,0.6000000000000001,1.0
101000001010000001000101001010001101,5690,0.0,-106.83529411764705,0.0,908100.0,1.0,0.6000000000000001,1.0
101000000010000111000101001010101110,1224,0.7152085580917615,-82.93328678413086,0.08119276877871506,710874.1827019685,0.20000000000000018,1.0,1.0
101000001010000001000101001001001101,4238,0.041948359047953375,-107.24706890037574,0.20974179523976688,911600.0856531938,1.0,0.8,1.0
101000001010000001000101001000001101,6806,0.0666666666666667,-116.5475935828877,0.3333333333333335,990654.5454545454,1.0,0.6000000000000001,1.0
101000001000000001000101001010001101,6038,0.0666666666666667,-116.5475935828877,0.3333333333333335,990654.5454545454,1.0,0.6000000000000001,1.0
010011110101010100101111001101011010,144,15.879636710547102,-60.73031016403229,0.10978476682077276,650997.9143303295,1.1102230246251565E-16,1.0,1.0
101000001010000001000101001001001101,6244,0.041948359047953375,-107.24706890037574,0.20974179523976688,911600.0856531938,1.0,0.8,1.0
101000001010000001000101001010001101,8956,0.0,-106.83529411764705,0.0,908100.0,1.0,0.6000000000000001,1.0
101000001010000101001100010111000101,1358,0.7745138928996059,-90.35679048475617,0.3777194428179371,773973.9641572837,0.20000000000000018,1.0,1.0
101000001010000001000101001000001101,8296,0.0666666666666667,-116.5475935828877,0.3333333333333335,990654.5454545454,1.0,0.6000000000000001,1.0
101000001010000001000100001000000101,3498,0.2,-142.4470588235294,1.0,1210800.0,1.0,0.6000000000000001,0.9
101000001010000001000101001010001101,7268,0.0,-106.83529411764705,0.0,908100.0,1.0,0.6000000000000001,1.0
101100001010000001000101001001101101,6258,0.16973628434545868,-107.33269539658603,0.36413135668701146,913151.6459815498,0.8,1.0,1.0
100100001000000000000101001010001101,9600,0.17033803085754404,-127.84335651403923,0.8516901542877202,1086668.5303693335,1.0,0.8,0.9
101110001000000001000101001001001101,2154,0.08132320651822615,-114.5609167931118,0.40661603259113077,973767.7927414504,1.0,0.8,0.9
101000001110000001000101001010001101,2318,0.0,-99.73265363667954,0.0,847727.5559117761,1.0,0.8,1.0
000001011111000110111110111100110011,156,15.926436818920257,-69.86277494179069,0.343785308686553,728623.8649412759,1.1102230246251565E-16,1.0,0.9
101000001010000001000101001000001101,3506,0.0666666666666667,-116.5475935828877,0.3333333333333335,990654.5454545454,1.0,0.6000000000000001,1.0
101000001010000001000101001001001101,6246,0.041948359047953375,-107.24706890037574,0.20974179523976688,911600.0856531938,1.0,0.8,1.0
101000001010000001000101001010001101,9668,0.0,-106.83529411764705,0.0,908100.0,1.0,0.6000000000000001,1.0
111001001010000001001100100011000101,1276,15.857679757182947,-69.89559269891082,3.3306690738754696E-16,728902.8158767971,1.1102230246251565E-16,0.8,1.0
101000001010000001000101001001001101,6832,0.041948359047953375,-107.24706890037574,0.20974179523976688,911600.0856531938,1.0,0.8,1.0
101000001010000001000101001010001101,5888,0.0,-106.83529411764705,0.0,908100.0,1.0,0.6000000000000001,1.0
101000001010000001000101001010001101,8486,0.0,-106.83529411764705,0.0,908100.0,1.0,0.6000000000000001,1.0
101000001010000001000100001000000101,9642,0.2,-142.4470588235294,1.0,1210800.0,1.0,0.6000000000000001,0.9
101000001010000001000101001000001101,6332,0.0666666666666667,-116.5475935828877,0.3333333333333335,990654.5454545454,1.0,0.6000000000000001,1.0
101000001011000001000101001000001101,4308,0.06388547761548755,-107.76640085196549,0.31942738807743776,916014.4072417066,1.0,0.8,1.0
101000001010000001000101001001001101,6430,0.041948359047953375,-107.24706890037574,0.20974179523976688,911600.0856531938,1.0,0.8,1.0
101000001010000001000100100011000101,1406,0.0775922500725171,-93.1235218854189,0.38796125036258555,791549.9360260606,1.0,0.8,1.0
101000001010000001000101001001001101,2440,0.041948359047953375,-107.24706890037574,0.20974179523976688,911600.0856531938,1.0,0.8,1.0
101000001010000001000101001010001101,3948,0.0,-106.83529411764705,0.0,908100.0,1.0,0.6000000000000001,1.0
101000001010000001000101011001001101,1944,0.06817962315622605,-110.85650002651623,0.3408981157811303,942280.250225388,1.0,0.8,1.0
101000001010000001000101001001001101,6692,0.041948359047953375,-107.24706890037574,0.20974179523976688,911600.0856531938,1.0,0.8,1.0
101000001010000001000101001001001101,2488,0.041948359047953375,-107.24706890037574,0.20974179523976688,911600.0856531938,1.0,0.8,1.0
101000001010000001000101101010001101,4674,0.0,-99.73265363667954,0.0,847727.5559117761,1.0,0.8,1.0
101000001010000001000101001000011101,3306,0.0638854776154876,-107.76640085196551,0.319427388077438,916014.4072417069,1.0,0.8,1.0
101000001010000001000101001000001101,3438,0.0666666666666667,-116.5475935828877,0.3333333333333335,990654.5454545454,1.0,0.6000000000000001,1.0
101000001010000001001100001000000101,2228,0.35518208294968967,-116.32574483327134,0.6666666666666667,990654.5454545454,0.6000000000000001,0.6000000000000001,0.9
101000001010000001000101001010001101,4708,0.0,-106.83529411764705,0.0,908100.0,1.0,0.6000000000000001,1.0
101000001010000001000101001000001101,5536,0.0666666666666667,-116.5475935828877,0.3333333333333335,990654.5454545454,1.0,0.6000000000000001,1.0
101000001010000001000101001001001101,6570,0.041948359047953375,-107.24706890037574,0.20974179523976688,911600.0856531938,1.0,0.8,1.0
010101001110010000110010000100010011,0,15.865796347628239,-44.556735546221304,0.04058295222645936,513522.5300789361,1.1102230246251565E-16,1.0,0.9
101000001010000001000101001000001101,7302,0.0666666666666667,-116.5475935828877,0.3333333333333335,990654.5454545454,1.0,0.6000000000000001,1.0
111010001010010101001101001101011101,664,15.88200562429814,-79.81661646797457,0.12162933557596933,813231.517913839,1.1102230246251565E-16,1.0,1.0
110011011000110110101110011011010111,262,15.948312676941407,-89.20255752487935,0.45316459879229987,893012.0168975296,1.1102230246251565E-16,1.0,0.9
101000001010100001000101001001001101,2344,0.0976286977868572,-92.0297290559955,0.0035934238940040775,783076.4320865303,0.8,0.9,1.0
101000001010000001000101001000001101,4894,0.0666666666666667,-116.5475935828877,0.3333333333333335,990654.5454545454,1.0,0.6000000000000001,1.0
100000001010001010000101101011001101,1532,0.30802506128719365,-88.45648161290522,0.43088155835418673,753765.8080814334,0.6000000000000001,1.0,0.9
101000001000000001000101100011001101,1638,0.032553524009634585,-84.77301535359702,0.1627676200481729,720570.6305055746,1.0,0.8,1.0
101000001010000001000101001010001101,9228,0.0,-106.83529411764705,0.0,908100.0,1.0,0.6000000000000001,1.0
101000001010000001000101001001001101,4860,0.041948359047953375,-107.24706890037574,0.20974179523976688,911600.0856531938,1.0,0.8,1.0
101000001010000001000101001000001101,9856,0.0666666666666667,-116.5475935828877,0.3333333333333335,990654.5454545454,1.0,0.6000000000000001,1.0
101000001010000001000001001001001101,1638,0.04142135623730949,-74.87877708532046,0.20710678118654746,636469.6052252239,1.0,0.8,1.0
101000001000000001000100010011010101,1544,0.5586332012821567,-103.83367159015525,0.803465963050596,885968.6985900319,0.40000000000000013,0.8,0.9
101000001010000001000101001010001101,7286,0.0,-106.83529411764705,0.0,908100.0,1.0,0.6000000000000001,1.0
010010000101010010000101111101101010,134,15.969464927406069,-83.99477839404751,0.5589258511156134,848745.894285459,1.1102230246251565E-16,1.0,0.9
101000001010000001000101001010001101,5300,0.0,-106.83529411764705,0.0,908100.0,1.0,0.6000000000000001,1.0
101000001010000001000101001000001101,8138,0.0666666666666667,-116.5475935828877,0.3333333333333335,990654.5454545454,1.0,0.6000000000000001,1.0
101000001010000001000101001000001101,7686,0.0666666666666667,-116.5475935828877,0.3333333333333335,990654.5454545454,1.0,0.6000000000000001,1.0
101000001010000001000101001000001101,9836,0.0666666666666667,-116.5475935828877,0.3333333333333335,990654.5454545454,1.0,0.6000000000000001,1.0
101000001010000001000101001001001101,2444,0.041948359047953375,-107.24706890037574,0.20974179523976688,911600.0856531938,1.0,0.8,1.0
000011111101101100011000110110110011,0,15.876713268721463,-48.86243596718782,0.09516755769258589,550120.9836571516,1.1102230246251565E-16,0.9,1.0
100100001000000000000101001000001101,4082,0.2,-136.17956730191253,1.0,1157526.3220662565,1.0,0.6000000000000001,0.8
101100001000000001000101001001001101,1822,0.059638233451419186,-111.71373055770574,0.29819116725709593,949566.7097404988,1.0,0.8,0.9
101000001010000001000101101000001101,2108,0.06388547761548755,-107.76640085196547,0.31942738807743776,916014.4072417065,1.0,0.8,1.0
101000001010000001000101001001001101,2096,0.041948359047953375,-107.24706890037574,0.20974179523976688,911600.0856531938,1.0,0.8,1.0
101000001010000001000101001010001101,7642,0.0,-106.83529411764705,0.0,908100.0,1.0,0.6000000000000001,1.0
101000001000000101000100100011100101,1516,0.5656605175156073,-109.52218168468127,0.8386025442178495,934321.0343935031,0.40000000000000013,1.0,0.9
101000001010100001000101001010001101,3668,0.13911476723976496,-91.24268697980439,0.21102377115854276,776386.5744389058,0.8,0.7000000000000001,1.0
101001011010010101001101001000101111,534,15.867611279346459,-77.13783739729067,0.049657610817565034,790461.8958130258,1.1102230246251565E-16,1.0,1.0
101000001010000001000101001010001101,5268,0.0,-106.83529411764705,0.0,908100.0,1.0,0.6000000000000001,1.0
010001110100101000011110101110110000,0,15.930446706828274,-38.77666866959433,0.36383474822663264,464391.9616276068,1.1102230246251565E-16,1.0,1.0
101000001010000001000100011000000101,9630,0.1910195140786865,-139.07886281227056,0.9550975703934326,1182170.3339042997,1.0,0.8,0.8
101000001010000001000101001010001101,3102,0.0,-106.83529411764705,0.0,908100.0,1.0,0.6000000000000001,1.0
101000001000000001000101001010001101,2954,0.0666666666666667,-116.5475935828877,0.3333333333333335,990654.5454545454,1.0,0.6000000000000001,1.0
101000001010000001000101001010001101,8332,0.0,-106.83529411764705,0.0,908100.0,1.0,0.6000000000000001,1.0
101000001010000001000101001010001101,8982,0.0,-106.83529411764705,0.0,908100.0,1.0,0.6000000000000001,1.0
101000001010000001000101101011001101,1518,0.0,-93.98479615627475,0.0,798870.7673283354,1.0,0.8,1.0
101000001010000001000101001001001101,1666,0.041948359047953375,-107.24706890037574,0.20974179523976688,911600.0856531938,1.0,0.8,1.0
101000001010000001000101001010001101,3020,0.0,-106.83529411764705,0.0,908100.0,1.0,0.6000000000000001,1.0
101000001100000001000101001010101101,1578,0.1829851689037598,-111.19965648863034,0.430375779478517,946020.8152639264,0.8,1.0,1.0
101000001010000001000101001001001101,2316,0.041948359047953375,-107.24706890037574,0.20974179523976688,911600.0856531938,1.0,0.8,1.0
101001011110111101001101011011101111,402,15.897482894249467,-63.29528897114088,0.19901568533259995,672800.2341907525,1.1102230246251565E-16,1.0,1.0
101000001010000001000101001001001101,2972,0.041948359047953375,-107.24706890037574,0.20974179523976688,911600.0856531938,1.0,0.8,1.0
101000001000000011000101001000101101,8812,0.08912586197027972,-115.36131642835049,0.4456293098513986,980571.1896409792,1.0,0.8,0.9
111000011010010001000011001010101111,1424,15.912067904222056,-91.37435282508292,0.2719407351955495,911472.2769492599,1.1102230246251565E-16,1.0,1.0
101000001010000101001100010110000101,1244,0.7660190752716612,-86.13112079435354,0.3352453546782138,738055.7717888613,0.20000000000000018,1.0,1.0
101000001010000001000101001001001101,3386,0.041948359047953375,-107.24706890037574,0.20974179523976688,911600.0856531938,1.0,0.8,1.0
110011111000111010001010101011110111,274,15.88426913839086,-63.312288120210155,0.13294690603956416,672944.7269578414,1.1102230246251565E-16,1.0,0.9
010010010101110100111110111100110010,126,15.950303480495338,-77.48091677396019,0.46311861656195596,793378.0705147167,1.1102230246251565E-16,1.0,0.9
001011011000010011101110011011010011,284,15.87779093830589,-56.246623504516464,0.10055590561471806,612886.577724445,1.1102230246251565E-16,1.0,1.0
101000001010000001000101001001001101,5900,0.041948359047953375,-107.24706890037574,0.20974179523976688,911600.0856531938,1.0,0.8,1.0
101000001010000001000101001001001101,5660,0.041948359047953375,-107.24706890037574,0.20974179523976688,911600.0856531938,1.0,0.8,1.0
101000001011000001000101001000101101,1608,0.08690372635905255,-112.74225704693912,0.43451863179526273,958309.1848989825,1.0,1.0,1.0
101000001010000001000101001000001101,7578,0.0666666666666667,-116.5475935828877,0.3333333333333335,990654.5454545454,1.0,0.6000000000000001,1.0
101000001010000001000101001010001101,8774,0.0,-106.83529411764705,0.0,908100.0,1.0,0.6000000000000001,1.0
101000001010000101000101001000001101,8900,0.18603587497833612,-118.87455875960856,0.4456293098513987,1011257.4845672413,0.8,0.9,0.9
101000001010000001000100001000100101,2030,0.1910195140786865,-139.07886281227053,0.9550975703934326,1182170.3339042994,1.0,0.9,0.8
101000001010000001000101001000001101,7534,0.0666666666666667,-116.5475935828877,0.3333333333333335,990654.5454545454,1.0,0.6000000000000001,1.0
101100001000000001000101001011001101,1874,0.04940593026310125,-103.63517400532731,0.24702965131550625,880898.9790452822,1.0,1.0,1.0
101000001010000001000101001010001101,6296,0.0,-106.83529411764705,0.0,908100.0,1.0,0.6000000000000001,1.0
101000001010000001000101001001001101,6784,0.041948359047953375,-107.24706890037574,0.20974179523976688,911600.0856531938,1.0,0.8,1.0
101000001010010001000111001010101111,1100,15.915450386699902,-104.1951291036954,0.2888531475847812,1020448.875317466,1.1102230246251565E-16,0.9,1.0
101000001010000001000101001001001101,7892,0.041948359047953375,-107.24706890037574,0.20974179523976688,911600.0856531938,1.0,0.8,1.0
110001111010111110101111001101111111,244,15.898552851254818,-69.47245786280999,0.20436547035935992,725306.16976994,1.1102230246251565E-16,1.0,1.0
101000001010000101011100010111000111,214,15.931767085381393,-77.85668429865396,0.37043664099223017,796572.0944746138,1.1102230246251565E-16,1.0,1.0
101000001010000101001100010011000101,1154,0.480768486320556,-98.12549820184395,0.41414238824259286,837449.2247893859,0.40000000000000013,1.0,1.0
101000001010000001000101001000001101,8614,0.0666666666666667,-116.5475935828877,0.3333333333333335,990654.5454545454,1.0,0.6000000000000001,1.0
101000001010000001000101001001001101,6256,0.041948359047953375,-107.24706890037574,0.20974179523976688,911600.0856531938,1.0,0.8,1.0
101000001010000001000101001010001101,3338,0.0,-106.83529411764705,0.0,908100.0,1.0,0.6000000000000001,1.0
101000001010000001000101001010001101,4670,0.0,-106.83529411764705,0.0,908100.0,1.0,0.6000000000000001,1.0
101000001010010001000101101001001101,1828,0.7203214325314412,-86.94079305916487,0.10675714097711331,744937.9860397576,0.20000000000000018,0.8,1.0
101000001010000001000101001001001101,4770,0.041948359047953375,-107.24706890037574,0.20974179523976688,911600.0856531938,1.0,0.8,1.0
101000001010000001000101001000001101,7978,0.0666666666666667,-116.5475935828877,0.3333333333333335,990654.5454545454,1.0,0.6000000000000001,1.0
101000001010000001000101001000011101,8338,0.0638854776154876,-107.76640085196551,0.319427388077438,916014.4072417069,1.0,0.8,1.0
101000001010000001000101001001001101,2676,0.041948359047953375,-107.24706890037574,0.20974179523976688,911600.0856531938,1.0,0.8,1.0
101000001010000001000101001010001101,5144,0.0,-106.83529411764705,0.0,908100.0,1.0,0.6000000000000001,1.0
101000001010000001000101001010001101,3450,0.0,-106.83529411764705,0.0,908100.0,1.0,0.6000000000000001,1.0
101000001010000001000101001010001101,9290,0.0,-106.83529411764705,0.0,908100.0,1.0,0.6000000000000001,1.0
