Full Design,NFE,Penalized Target Ratio Objective,Penalized Stiffness Objective,Feasibility Score,Stability Score
100010001010000000000100001110000101,928,0.11842766017414383,-0.7134269346482035,0.8,1.0
101100001000000001000100011010010101,5762,0.20195254296476273,-0.5143589209538811,0.6000000000000001,1.0
101101001000000001000100001000010101,8110,0.18626597336274028,-0.44870941046533286,0.6000000000000001,1.0
100100001000000000000100001010000101,4350,0.2188506422067548,-0.7219636845940995,1.0,0.6000000000000001
110110111000111000011111000001111101,216,11.894769326562198,11.429543449563754,1.3877787807814457E-16,1.0
101000101110000001000100001010110101,4506,0.540433055108537,-0.03526690150244338,0.20000000000000015,1.0
101100001000000001000100001110000101,9282,0.02981911672570959,-0.6670974743304074,1.0,1.0
101100011000000001000100001010010101,5464,11.920235032226191,11.298138651875119,1.3877787807814457E-16,1.0
001000001110001001100110011000010011,5698,11.923743701347098,11.284409152285468,1.3877787807814457E-16,1.0
100010001000000000000100001000010101,6782,0.09719102074521484,-0.914710810471064,1.0,0.9
100110000000000000000100001011010100,7862,0.1172687924998523,-0.5926663309493838,0.8,1.0
101000001110000001000101001010001101,1558,0.07268250975604229,-0.4845449907649244,1.0,0.8
101100001100000001000101100010011101,5000,0.0726825097560423,-0.4092874621517266,0.8,1.0
101100001000000001000100111110010101,2634,0.5569502842819473,-0.09178384782415383,0.20000000000000015,1.0
101100001000000001000101101010011101,3134,0.009441987724196273,-0.5449619390846638,1.0,1.0
100010001000000000000100001010010101,2134,0.05430902662140502,-0.8599205865286285,1.0,1.0
101000001110000001000100001110000101,2932,0.019879411150473054,-0.6150959726775999,1.0,1.0
100100001000000000000000001110000101,3918,0.11940787812407987,-0.6878429130754004,1.0,0.8
100000001000000000000101101010011101,2948,0.10250162648175187,-0.594414964574365,1.0,0.8
100100001000000000000100000010010101,7910,0.11940787812407987,-0.6878429130754004,1.0,0.8
100010001000000000000100101010010101,2306,0.05194963960473695,-0.7935965353480864,1.0,1.0
100010001000000000000100001010010101,9076,0.05430902662140502,-0.8599205865286285,1.0,1.0
100100001111000000000100000000010101,8924,0.11425684526476003,-0.5746734098841543,0.8,1.0
101100001000000011000100001010010101,6558,0.028325963172588835,-0.62726605832498,1.0,1.0
101000001110000001000100001110000101,5712,0.019879411150473054,-0.6150959726775999,1.0,1.0
101000001000000001000100001000010101,8186,0.1581477339848974,-0.6778111154093193,1.0,0.7000000000000001
111100001000000101000100001010010101,1296,0.34015633982624327,-0.444007337592264,0.40000000000000013,1.0
101100011000000001000100101110100101,4572,11.924724914575508,11.302114532540902,1.3877787807814457E-16,1.0
101010001000000001000100001100000101,8796,0.11842766017414383,-0.7134269346482035,1.0,0.8
101100001000000001000100001000010101,4570,0.03975882230094612,-0.7287036029625051,1.0,1.0
101010001000000001000100001000000101,6574,0.27369409330901273,-0.6283104579838223,1.0,0.5000000000000001
101100001000000001000101101011011101,5998,0.08167424786903621,-0.45098204661077546,0.8,1.0
101110001100000001010100101000010101,5308,0.5540735505932568,-0.05558739291481696,0.20000000000000015,1.0
101100001000000001000101100010001101,5354,0.0,-0.523387879643664,1.0,1.0
100100000000010000010101101010001100,7012,11.925806002547105,11.492036782785105,1.3877787807814457E-16,1.0
101000001000000001000100001000010101,5010,0.1581477339848974,-0.6778111154093193,1.0,0.7000000000000001
101100001000001001000100001100000101,2938,0.09875808642317367,-0.5393534339213968,0.8,1.0
101100001100000011000100001010010101,9602,0.09965772409502409,-0.5224386562560481,0.8,1.0
101100001000010001000100001000010101,6146,0.3183344176545011,-0.316640966173572,0.40000000000000013,1.0
101100001000000001000100001011000101,8444,0.02981911672570959,-0.6670974743304074,1.0,1.0
100100001000000000000101101010001101,5070,0.02981911672570959,-0.6670974743304074,1.0,1.0
100100001000100010010101001110001101,8432,0.30137156548956856,-0.1823364059080702,0.40000000000000013,1.0
101100001000000001000100001000010101,5578,0.03975882230094612,-0.7287036029625051,1.0,1.0
100111100010001000110100001110110110,282,11.89728712185037,11.43942456177457,1.3877787807814457E-16,1.0
100100001111000000000100001000010101,5170,0.11764120032101195,-0.6164780050991399,0.8,1.0
101100001000000101000100001010010101,9132,0.10824849050853781,-0.6080629734101061,0.8,1.0
101000001100000001010101100110001101,2882,0.08722579800454122,-0.3663940776755864,0.8,1.0
100010001010010010000100001001010111,6450,11.933555889296658,11.187073331655172,1.3877787807814457E-16,1.0
100101011100000000000101101010101101,3440,11.9102303498542,11.360334981892098,1.3877787807814457E-16,1.0
101100001000100001000100001011010111,9664,11.919914230098948,11.277377538652399,1.3877787807814457E-16,1.0
101000001110000001000100001011010101,8692,0.09156648520443485,-0.5105421329280682,0.8,1.0
100010001000000000000100001000010101,4022,0.09719102074521484,-0.914710810471064,1.0,0.9
100010001000000000000100001110000101,4664,0.05430902662140502,-0.8599205865286285,1.0,1.0
100010001000000000000100001110010101,5188,0.05194963960473695,-0.7935965353480864,1.0,1.0
101000001110000001000100001111000101,1740,0.018883975448392546,-0.5832246426841103,1.0,1.0
100100001000000000001000001010110101,9414,0.5554365413251103,-0.11857352808576471,0.20000000000000015,1.0
101010001001000001000100011010010101,5620,0.20598052163073852,-0.5242625345359201,0.6000000000000001,1.0
001000001000000001000100001110000001,1096,0.1816997238265737,-0.4423248141246675,1.0,0.6000000000000001
101110011000000001000100001010010101,5306,11.925982598917143,11.277248466811042,1.3877787807814457E-16,1.0
101101001000000001000100001110000101,7584,0.17632626778750374,-0.40422886563338467,0.6000000000000001,1.0
101010100000000001000001101110001100,1508,0.1918920506777348,-0.23556965635688654,0.6000000000000001,1.0
101000001111000001000100001000010101,4764,0.02832596317258884,-0.62726605832498,1.0,1.0
110110111000111000011111000001111101,232,11.894769326562198,11.429543449563754,1.3877787807814457E-16,1.0
101010001000000011000101101010001101,3318,0.0918648316562964,-0.5233114167837202,0.8,1.0
100010001000000000000100000110000101,2334,0.12517012128415095,-0.7544359247940405,1.0,0.8
101000101100000001000100001010010101,3464,0.182653240016254,-0.40213299931081326,0.6000000000000001,1.0
110110010000010100001010000011010110,154,11.923258821783426,11.287847990591226,1.3877787807814457E-16,1.0
101100101100000001000100001000010101,5996,0.32324121591546606,-0.2825281425341158,0.40000000000000013,1.0
101101001110000001000100001010010101,6448,0.5242275032520138,0.012816878241349583,0.20000000000000015,1.0
101100001000000001000110101000010111,5350,11.941478760070613,11.09212522227409,1.3877787807814457E-16,1.0
100100001000000000000100001000000101,5382,0.3614119024974132,-0.7097124318807841,1.0,0.40000000000000013
100100001000000000000100001110000101,9404,0.12238103763222494,-0.7301635367239776,1.0,0.8
101001001010000011000100101110110101,486,11.903371713328669,11.370147540770168,1.3877787807814457E-16,1.0
100110001001010000000100001010010101,9356,11.927345010528034,11.247838620568222,1.3877787807814457E-16,1.0
001010001000000001000100001010010001,8362,0.026986894522177122,-0.6389929830975298,1.0,1.0
001100001110000001000100001010010001,4636,0.07268250975604229,-0.41362742952174364,0.8,1.0
101000001110000001000100001010000101,3270,0.09366814175383731,-0.582182466614836,1.0,0.8
100100001000000000000100001000010101,7868,0.059638233451419186,-0.8937847873379051,1.0,1.0
111100001010000101000100011010010101,3838,11.931771492246568,11.188051877178614,1.3877787807814457E-16,1.0
100010001010000010000100001010010101,6828,0.21014437239088346,-0.5664654492076304,0.6000000000000001,1.0
101100001110000001000101001010011101,6614,0.07268250975604229,-0.43872811525462196,0.8,1.0
101100001110000001000100001010010101,7738,0.09156648520443485,-0.5105421329280682,0.8,1.0
100100001000000000000100001000010111,6246,0.3597076529612539,-0.6475415744103177,0.40000000000000013,1.0
100010001011000100000101101010001101,2558,0.5568547201450795,-0.12650097972396923,0.20000000000000015,1.0
101100001001001001000100001010010101,8866,0.18184889647336264,-0.37706224454794846,0.6000000000000001,1.0
100010001000000000000100001110000101,2028,0.05430902662140502,-0.8599205865286285,1.0,1.0
101010001000000011000100001001010101,6096,0.2083225178058472,-0.5236118976423056,0.6000000000000001,1.0
110011111110010110000111110010111101,370,11.913040916412012,11.349872226354085,1.3877787807814457E-16,1.0
100000001000000010100100001010110101,678,11.941056522642791,11.194523083345372,1.3877787807814457E-16,1.0
100000001000000000000100001000010101,8822,0.45511595495363805,-0.6160083794245591,1.0,0.30000000000000016
110010110010000010000100000111010100,578,11.916403019796691,11.383831260680829,1.3877787807814457E-16,1.0
101010001000000001000100001000000101,5256,0.27369409330901273,-0.6283104579838223,1.0,0.5000000000000001
001000001110000001000100001000010001,7996,0.18054954379856164,-0.3970578845401308,1.0,0.6000000000000001
101010001010000001000000001010010101,2074,0.09569175669956718,-0.5582857208772997,0.8,1.0
101100001000000001000101101010011101,9398,0.009441987724196273,-0.5449619390846638,1.0,1.0
100010001000000000000101101110111101,924,0.33663822094616597,-0.3605380233691842,0.40000000000000013,1.0
100011001010000000000100001110000101,1198,0.1950039602237618,-0.5045443868462237,0.6000000000000001,1.0
100100001000000000000100001110000101,6216,0.12238103763222494,-0.7301635367239776,1.0,0.8
100010001000000000000100001110000101,1444,0.05430902662140502,-0.8599205865286285,1.0,1.0
101100001000000001000100001000010101,9468,0.03975882230094612,-0.7287036029625051,1.0,1.0
100000001000000000000100000100110101,638,0.13190985386536516,-0.7617230754537925,1.0,0.8
101000001000000001000100000100110101,720,0.11323098317454759,-0.6233989138310656,1.0,0.8
101100001000000101000101101010011101,3734,0.09106617649135632,-0.49888641280932167,0.8,1.0
101100101000000001000100001010110101,5686,0.32276333428881276,-0.2953630226563649,0.40000000000000013,1.0
101010001000000001000100001111000101,1996,0.03556598075249552,-0.6807454831661484,1.0,1.0
101100001001000001100100001000010101,4048,0.5585574037602714,-0.08213625746547326,0.20000000000000015,1.0
101010001000000001000100001110000101,8364,0.03718127421479806,-0.7239677883528386,1.0,1.0
100100001000000000000100001000010101,3032,0.059638233451419186,-0.8937847873379051,1.0,1.0
100100001000000000000100001000010101,3630,0.059638233451419186,-0.8937847873379051,1.0,1.0
101100001000000001000100001010010101,3320,0.02981911672570959,-0.6670974743304074,1.0,1.0
100100001010000000000101100010001101,2180,0.011681342092009387,-0.567636187057985,1.0,1.0
101000001000000001000100001010010101,8996,0.10416095775273485,-0.6450643128962421,1.0,0.8
101000001000000001000101101010001101,3786,0.0831753257549398,-0.5294312413293499,1.0,0.8
100101100110101010011000100100000110,0,12.035232168778807,11.677858488946738,1.3877787807814457E-16,0.8
101000011110100001000101101010001101,5156,11.905179702773305,11.449492390525439,1.3877787807814457E-16,1.0
101100001000010001000111001110011101,8530,11.900617633477104,11.3393025738989,1.3877787807814457E-16,1.0
101100001000000001000101101110001101,1236,0.08212449748023858,-0.47227942932862144,0.8,1.0
100100001000010000000100001010010101,9402,0.5540466199777234,-0.1428699710783935,0.20000000000000015,1.0
100100001000000000000100001000010101,6762,0.059638233451419186,-0.8937847873379051,1.0,1.0
101100001000000001000110001110000101,1540,11.931542721922975,11.152491909557355,1.3877787807814457E-16,1.0
101000001110000001000000001111010101,1132,0.08307609363322171,-0.44217105120184375,0.8,1.0
100100001000010000000100001010010101,2968,0.5540466199777234,-0.1428699710783935,0.20000000000000015,1.0
101000001000000001000100001000010101,6834,0.1581477339848974,-0.6778111154093193,1.0,0.7000000000000001
111100001001000011000101101010001101,7444,0.5454719756314554,-0.06941734273262468,0.20000000000000015,1.0
101010001000000001000100001010000101,3348,0.11163278112385498,-0.7053878259312648,1.0,0.8
100110001000000000000100001110110111,582,11.947404031751871,11.101443144566176,1.3877787807814457E-16,1.0
100100001100000000010100001110010101,3604,0.19888946547497666,-0.42636688031766146,0.6000000000000001,1.0
100010001000000110000000001010010101,1852,0.21838071196886838,-0.591588759496494,0.6000000000000001,1.0
100110001000000000000100001110010101,650,0.049786718546335325,-0.7411901932040577,1.0,1.0
100100001000000000000100001010010101,4378,0.049698527876182653,-0.8028460464800199,1.0,1.0
101100001000001001000100001010010101,7344,0.182653240016254,-0.40213299931081337,0.6000000000000001,1.0
101000001110000001000100001000010101,4658,0.02981911672570959,-0.6670974743304072,1.0,1.0
101110001000000001000100000000000101,1326,0.26843398674789987,-0.5236842880650932,1.0,0.5000000000000001
101100001010000011000100001110110101,412,0.09786832892315112,-0.5089011864484749,0.8,1.0
101010001000000001000100100010010101,2134,0.06552715599360284,-0.6084829134172722,1.0,0.9
100110001000000100100101101010011101,2360,11.928903072067078,11.28450352039597,1.3877787807814457E-16,1.0
100100001010000000000101101010001101,2234,0.019879411150473054,-0.6150959726776,1.0,1.0
100100001000000000000100000010010101,9306,0.11940787812407987,-0.6878429130754004,1.0,0.8
100100001001000000000100001000010101,3090,0.056651926345177676,-0.8109880332002102,1.0,1.0
100100001000000000010100001010010101,7744,0.10856698528631828,-0.5900837743534219,0.8,1.0
100010001000000000000101001110001101,1094,0.03718127421479806,-0.7239677883528386,1.0,1.0
101000001110000001000100101000010101,8758,0.02832596317258884,-0.62726605832498,1.0,1.0
100010001000001000010100001100000101,3208,11.932257295116445,11.229857124363242,1.3877787807814457E-16,1.0
100100001000000000000100000000110101,4226,0.09354546202982919,-0.8000874672893286,1.0,0.9
100100001000000000100101001110101101,1496,11.925982598917143,11.277248466811042,1.3877787807814457E-16,1.0
101000001110000001000100001110000101,7006,0.019879411150473054,-0.6150959726775999,1.0,1.0
101010001000000001000100001110010101,5078,0.03556598075249552,-0.6807454831661484,1.0,1.0
100010001000000000000100100110000101,5932,0.12257041851995637,-0.6863101824569435,0.8,1.0
101010001000000001000100001110100101,3990,0.11379545824851907,-0.6556373506272271,0.8,1.0
101000011110000111000000001010010101,1912,11.91230021709385,11.366377484527018,1.3877787807814457E-16,1.0
100000001110000000000100001000010101,6568,0.21608509008844987,-0.6364594842677527,1.0,0.6000000000000001
100100001100000000000100001110000101,4540,0.11989244837702369,-0.6661705103480576,0.8,1.0
101101001000000001000100101010010101,7458,0.30789699422822436,-0.24650693258063566,0.40000000000000013,1.0
100100001000000000000000001010010101,9940,0.11940787812407987,-0.6878429130754004,1.0,0.8
100100001000000000000100001110010101,5002,0.0472099386209814,-0.7388530201040998,1.0,1.0
100110000000000000000100001010010100,1820,0.11983691611634534,-0.6448299202300642,1.0,0.8
100100001010000000000100011110000101,2054,0.21014437239088346,-0.5664654492076301,0.6000000000000001,1.0
100100001110000000000100001010010101,4146,0.1104504606528274,-0.605819721740706,0.8,1.0
101000101110000001010100001010010101,5470,0.305070190404237,-0.16980532002890314,0.40000000000000013,1.0
101010001000000001000100001010010111,5432,0.5674356526109147,-0.2615142242092171,0.20000000000000015,1.0
101100001000000101000100001010010101,2448,0.10824849050853781,-0.6080629734101061,0.8,1.0
101100001000000101000101101010011101,3772,0.09106617649135632,-0.49888641280932167,0.8,1.0
100101001000000000000100001010010101,3196,0.10250162648175187,-0.5944149645743649,0.8,1.0
101010101010000011010101101010001101,1266,11.90401392450563,11.438927153480984,1.3877787807814457E-16,1.0
100100001100000000000100001110000101,3446,0.11989244837702369,-0.6661705103480576,0.8,1.0
100010001000000000000100001110000101,1468,0.05430902662140502,-0.8599205865286285,1.0,1.0
101000001001001001000100011010010101,4444,0.5485358310367985,-0.06959052590837911,0.20000000000000015,1.0
100100101110000000000100001000010101,2934,0.33256509106580856,-0.3256319118561129,0.40000000000000013,1.0
110010001000000000000100101011010101,2198,0.3514594834400817,-0.49897765556000545,0.40000000000000013,1.0
100100001010000100000110001000010101,6352,11.948112742327922,11.045217808300084,1.3877787807814457E-16,1.0
100010001001000000000100001000010101,2496,0.09445958695136397,-0.8310030219408935,1.0,0.9
101010001000000001000100101010010101,3344,0.03556598075249552,-0.6807454831661484,1.0,1.0
101100001000000001000101100010011101,3554,1.4802973661668754E-17,-0.5006226439340283,1.0,1.0
111100101110000001000100001110010101,3038,11.91190779318406,11.331212072047244,1.3877787807814457E-16,1.0
100100001000000100000100001010010101,8220,0.12463214936077924,-0.720914025592044,0.8,1.0
011110100000011101011111010011001010,366,11.904127594538528,11.445630062639749,1.3877787807814457E-16,1.0
000110001000000000000100001111000001,718,0.11726879249985231,-0.5926663309493838,1.0,0.8
101100001001000001000000001000010101,3386,0.06731782328779579,-0.5998912849964697,1.0,0.9
100100001000000000000100001010010101,7706,0.049698527876182653,-0.8028460464800199,1.0,1.0
101100001000000001000100001110000101,1948,0.02981911672570959,-0.6670974743304074,1.0,1.0
100010001000000000000100001010010101,8654,0.05430902662140502,-0.8599205865286285,1.0,1.0
101100001000000001000100001110000101,4688,0.02981911672570959,-0.6670974743304074,1.0,1.0
100010011010000000000100001010010111,2786,11.93991009205996,11.144218851938065,1.3877787807814457E-16,1.0
101010001000000001000100001010010101,3022,0.03718127421479807,-0.7239677883528388,1.0,1.0
010010111010100100010110100011000001,0,11.914385566480686,11.367583144189519,1.3877787807814457E-16,1.0
101100001000000001000100001010010101,3150,0.02981911672570959,-0.6670974743304074,1.0,1.0
101100001000000001000101101010111101,6340,0.18477022894758124,-0.40518236035309685,0.6000000000000001,1.0
100100001000000000000101001010011101,6690,0.02981911672570959,-0.6670974743304074,1.0,1.0
101100001000000001000100001010010101,3670,0.02981911672570959,-0.6670974743304074,1.0,1.0
100100001110000000000100001010010101,4594,0.1104504606528274,-0.605819721740706,0.8,1.0
101110001000001001000100001000010101,4074,0.3308661102170743,-0.3341732302327424,0.40000000000000013,1.0
101000001110000001000100101010010101,9418,0.018883975448392546,-0.5832246426841103,1.0,1.0
100010001000000000000100101010010101,2056,0.05194963960473695,-0.7935965353480864,1.0,1.0
101101001100000001000101101010001101,2002,11.902701805611406,11.411508839231798,1.3877787807814457E-16,1.0
100010011000000000000101001110001101,6740,0.5583126958928385,-0.12119369406697278,0.20000000000000015,1.0
101000110010100101111001111100011100,0,11.934642051443388,11.567519238113226,1.3877787807814457E-16,1.0
101110001000000001000101101010011101,5788,0.01838366673531403,-0.571568922565364,1.0,1.0
101010001110000001000100001010010101,9330,0.19376071353864202,-0.46917018555015333,0.6000000000000001,1.0
001100001000000001000100001111000001,1738,0.08585602159120276,-0.45688327597380995,1.0,0.8
101010001000000001000100001000000101,2646,0.27369409330901273,-0.6283104579838223,1.0,0.5000000000000001
100010001000000000010101101010001101,2978,0.1917863561909257,-0.4559032117853543,0.6000000000000001,1.0
101100000100001001000100011110100100,1824,11.91274360808331,11.368148042673162,1.3877787807814457E-16,1.0
101000001100000001000100001000010101,6868,0.07407694022145245,-0.6943854850419986,1.0,0.9
100100001000000000000000001110000101,4304,0.11940787812407987,-0.6878429130754004,1.0,0.8
100110001100000010000111101010001101,1870,11.93224224960702,11.217918392783806,1.3877787807814457E-16,1.0
001100000000000001000100001110000000,7188,0.14080300749051597,-0.2906525719788834,1.0,0.7000000000000001
101100011000000001000100001010010101,5930,11.920235032226191,11.298138651875119,1.3877787807814457E-16,1.0
101000001100000011000100001100010101,1120,0.03596695245197572,-0.6386979044864145,1.0,1.0
111001010111010011000110011011100100,196,11.907037736971052,11.365771788415172,1.3877787807814457E-16,1.0
100110011000000100000100001010010101,3796,11.943104096022505,11.187447078549518,1.3877787807814457E-16,1.0
101000001000000001000100001010010101,1388,0.10416095775273485,-0.6450643128962421,1.0,0.8
100010001000000000000100001100000101,1518,0.1355554125807508,-0.876346418635528,1.0,0.8
100101001000000000000101001010011101,4798,0.17632626778750374,-0.40422886563338467,0.6000000000000001,1.0
101000101110000001000100001000010101,4470,0.182653240016254,-0.40213299931081326,0.6000000000000001,1.0
101110000000000001000100001010000100,4876,0.19337345673444434,-0.4726064208852625,1.0,0.6000000000000001
101100001000010001000100001110010101,3560,11.902701805611406,11.348297878802546,1.3877787807814457E-16,1.0
101000101000000011100100001010010101,4816,11.907993605890397,11.370684102403558,1.3877787807814457E-16,1.0
100100001000100000100101101010001101,7334,11.907993605890397,11.370684102403558,1.3877787807814457E-16,1.0
100100001011000000000100001000010101,7338,0.0472099386209814,-0.7388530201040999,1.0,1.0
100100001000000000000100001010000101,2080,0.2188506422067548,-0.7219636845940995,1.0,0.6000000000000001
101100000000000001000100001000010100,2720,0.1445024331618962,-0.5110895883356728,1.0,0.7000000000000001
101100001000000001000100001010000101,1742,0.10416095775273483,-0.6450643128962421,1.0,0.8
101100001000000001000101101010001101,7088,0.009939705575236527,-0.5706154278456519,1.0,1.0
101000101111010001100110001000110101,3228,11.910977288265787,11.352159110699553,1.3877787807814457E-16,1.0
100100001010000000000100001010010101,2266,0.03975882230094612,-0.7287036029625051,1.0,1.0
100110001000000000000100000010010101,8400,0.04988790876391407,-0.7589926922129858,1.0,1.0
101000001110000001000100001000010101,1552,0.02981911672570959,-0.6670974743304072,1.0,1.0
100100001001000000000110111000110111,5266,11.952487161996531,11.058854232677374,1.3877787807814457E-16,1.0
100011001000000000000100001010010101,7828,0.10986378397084036,-0.6512852785967965,0.8,1.0
100100001000000000000100001000010101,5848,0.059638233451419186,-0.8937847873379051,1.0,1.0
101100001000000001000100001010010101,9642,0.02981911672570959,-0.6670974743304074,1.0,1.0
101100001000000001000100001110010101,4218,0.028325963172588828,-0.62726605832498,1.0,1.0
000010001010001000000100001010010001,7650,0.5469260947021877,-0.05716898776017176,0.20000000000000015,1.0
010111001010000000000101101010001001,1140,11.904250310361343,11.332191854463773,1.3877787807814457E-16,1.0
101100001000100001000100001010010101,6008,0.182653240016254,-0.40213299931081337,0.6000000000000001,1.0
001100001000000001000100001110000001,5676,0.08684549134233671,-0.49076193699635573,1.0,0.8
100100001001000000000100001010010101,6512,0.0472099386209814,-0.7388530201040999,1.0,1.0
101100001000000001000101101010011101,9372,0.009441987724196273,-0.5449619390846638,1.0,1.0
101010001000000001000100001010010101,2658,0.03718127421479807,-0.7239677883528388,1.0,1.0
100010001000000000000100001011010101,2190,0.12463214936077924,-0.7209140255920441,0.8,1.0
100100001000000000000100001000010101,3166,0.059638233451419186,-0.8937847873379051,1.0,1.0
100000001001100000000100001110000101,6892,0.10856698528631828,-0.5900837743534219,0.8,1.0
101000001110000001000101001000011101,9640,0.009939705575236527,-0.5706154278456519,1.0,1.0
100100001000000000100111101110101101,1494,11.931011554460309,11.244467278988235,1.3877787807814457E-16,1.0
100100101000010010000100001110010101,3674,11.907993605890397,11.370684102403558,1.3877787807814457E-16,1.0
100010001000000000000100011010000101,1542,0.13048087565074845,-0.8361350703007787,0.8,1.0
101010001000000001000101101010001101,9696,0.020053521808191095,-0.6251344947560631,1.0,1.0
101000001110000011100100001001010101,6000,11.917886355388418,11.346829118984548,1.3877787807814457E-16,1.0
101010011000000001010101101010001101,7846,11.901028751410669,11.381181309929124,1.3877787807814457E-16,1.0
100100001000000000000100001110000101,5434,0.12238103763222494,-0.7301635367239776,1.0,0.8
001000001010000011000100001100110001,592,0.02404737363716584,-0.5666229379114984,1.0,1.0
101000001000000001000101001010011101,7900,0.0831753257549398,-0.5294312413293499,1.0,0.8
101100001000100001010100001000010101,5368,0.31120280314247734,-0.231013567606771,0.40000000000000013,1.0
100100001000000000000100001010010101,4832,0.049698527876182653,-0.8028460464800199,1.0,1.0
101010001000000001000100001010010101,1450,0.03718127421479807,-0.7239677883528388,1.0,1.0
101100001000000001000101101010011111,3722,11.915333264656896,11.27504823443428,1.3877787807814457E-16,1.0
001100001000000001000100001010010001,4384,0.014162981586294431,-0.563444446752398,1.0,1.0
001000001110000001000100101010010001,8040,0.16638656221226722,-0.3199233770655187,1.0,0.6000000000000001
101010001000000001000100101000010101,9138,0.07807592809912256,-0.6985338934993913,1.0,0.9
101000001000000001000101001000011101,5800,0.13716210198710238,-0.5386885063815711,1.0,0.7000000000000001
101100001001000001000100001000010101,8486,0.03776795089678512,-0.6785022314967482,1.0,1.0
100100000000000000000100001111000100,7770,0.20590709771774862,-0.4777711034048697,1.0,0.6000000000000001
000100001000000000000101101010101001,9242,0.19181903961569874,-0.4321797496138622,0.6000000000000001,1.0
101100001000000001000100001010010101,8424,0.02981911672570959,-0.6670974743304074,1.0,1.0
101010001000000001000100001110000101,2030,0.03718127421479806,-0.7239677883528386,1.0,1.0
100100001000000000000100001000010101,3200,0.059638233451419186,-0.8937847873379051,1.0,1.0
101100001000000101000100001010010101,6976,0.10824849050853781,-0.6080629734101061,0.8,1.0
100010001010000000000100001010010101,6616,0.11842766017414383,-0.7134269346482035,0.8,1.0
101000001110001001000100001010010101,2436,0.1728443411531094,-0.3643939607526395,0.6000000000000001,1.0
100000001000000000000101101010001101,5340,0.10416095775273485,-0.6450643128962421,1.0,0.8
001100111000000001100100101110000001,8968,11.896729494066827,11.489680091814664,1.3877787807814457E-16,1.0
101110001000000001001101101100011101,5640,11.903371713328669,11.370147540770168,1.3877787807814457E-16,1.0
100100011000000000000100001000010101,2588,0.5781779319299775,-0.2240536371257179,0.20000000000000015,1.0
101100001000000001000101101010001101,6020,0.009939705575236527,-0.5706154278456519,1.0,1.0
101010001000000001000100001010010111,9944,0.5674356526109147,-0.2615142242092171,0.20000000000000015,1.0
101100001000000001000100000000010101,7036,0.06936214419653453,-0.6488271286957026,1.0,0.9
100010001000000000000100001010010101,3598,0.05430902662140502,-0.8599205865286285,1.0,1.0
101100001000000101000101100010001101,8000,0.08521267713832124,-0.48477865098203143,0.8,1.0
101010001000100001000100001010010101,6724,0.1917863561909257,-0.4559032117853544,0.6000000000000001,1.0
100110001000010000000100001000010101,6852,0.5679853134306301,-0.2086245081678837,0.20000000000000015,1.0
100100001000000000000100001110000101,8852,0.12238103763222494,-0.7301635367239776,1.0,0.8
101100001110000101000100001011010101,5930,0.5494133224191227,-0.05735619295250338,0.20000000000000015,1.0
101000001110000001000100001010010101,1048,0.01987941115047306,-0.6150959726776001,1.0,1.0
000010001000000000000101100010001001,4570,0.053011849762760875,-0.5489793289466015,1.0,0.9
110101001000000000000110001010010101,1288,11.936844576702414,11.097438722469137,1.3877787807814457E-16,1.0
101100001000000001011001101010001101,8740,0.5626600315039183,0.12459833406320242,0.20000000000000015,1.0
000101000001010010111001101100111000,210,11.980504300345633,11.63936948523589,1.3877787807814457E-16,1.0
100100001000000000000101101010001101,6544,0.02981911672570959,-0.6670974743304074,1.0,1.0
101000001110000001000100001010010101,3610,0.01987941115047306,-0.6150959726776001,1.0,1.0
101100001010000001000101001000111101,5872,0.019182321900254113,-0.5959939265397626,1.0,1.0
101100001001000101000101001000011101,9648,0.19262099190033657,-0.439867658467054,0.6000000000000001,1.0
100100001000000000000100001000010111,6008,0.3597076529612539,-0.6475415744103177,0.40000000000000013,1.0
101010000000000001000100001010010100,4644,0.09966940427821941,-0.5663104733414875,1.0,0.8
101100001000010001000101101110001101,9872,11.902701805611406,11.411508839231798,1.3877787807814457E-16,1.0
101101001000000001100100001010010101,4686,11.902251556000204,11.369595261520391,1.3877787807814457E-16,1.0
101000101000000001100100011010110101,9974,11.922168618981342,11.30285167798886,1.3877787807814457E-16,1.0
101010001000000001000100001000010101,8080,0.08006326833860787,-0.7517913264837395,1.0,0.9
100100101000000000000100001010010111,8472,11.93614299015315,11.157443729943152,1.3877787807814457E-16,1.0
101100001000000101000100001110010101,8008,0.10676770239686698,-0.5727386875629445,0.8,1.0
100100001000000000000100001010010101,2960,0.049698527876182653,-0.8028460464800199,1.0,1.0
101010001000000001000100001010110101,5198,0.11379545824851907,-0.6556373506272272,0.8,1.0
101011001110000001000111001010011101,9268,11.902082173413183,11.32703296875351,1.3877787807814457E-16,1.0
101100001000000001100100101010010101,6280,11.919007243268402,11.324626204775084,1.3877787807814457E-16,1.0
100100001000000000000100001010010101,6188,0.049698527876182653,-0.8028460464800199,1.0,1.0
101100001000000001000100001000000101,1556,0.20835782620785728,-0.6276010231863594,1.0,0.6000000000000001
101010001000000001000100001000010101,4838,0.08006326833860787,-0.7517913264837395,1.0,0.9
100010001000010000000100011110010101,2080,11.93285377730568,11.202610721139022,1.3877787807814457E-16,1.0
100101111110000100000101101010101101,8782,11.901603840281684,11.40406712396115,1.3877787807814457E-16,1.0
100100001000000000000100001010010101,7258,0.049698527876182653,-0.8028460464800199,1.0,1.0
100010001000000000000100001010010101,3380,0.05430902662140502,-0.8599205865286285,1.0,1.0
101100001000000001000100001000010101,5376,0.03975882230094612,-0.7287036029625051,1.0,1.0
100100001000001000000110001000110101,8544,11.945406129064622,11.10685023570536,1.3877787807814457E-16,1.0
110010001110000000000101101010001101,6680,11.928385355650176,11.194306662879,1.3877787807814457E-16,1.0
101101001100000001000101101010011101,2312,11.902251556000204,11.425731687239756,1.3877787807814457E-16,1.0
100010001000000000001100001011010101,4590,0.5597934840045093,-0.15651797991413452,0.20000000000000015,1.0
100100011100000000001101011010001101,8618,11.910908675191493,11.342459273659765,1.3877787807814457E-16,1.0
100010001000000000000100001010000101,4476,0.1295754315102834,-0.8738730162920946,1.0,0.8
100010001000000010000101001000011101,3410,0.11644031993465853,-0.6601695016638552,0.8,1.0
100100001000000000000101101010011101,1388,0.02832596317258884,-0.62726605832498,1.0,1.0
100000001000000000000100000010010101,7866,0.7998111529316629,-0.09948970697903747,1.0,0.10000000000000014
101100001000000001100111001100011101,8546,11.920560496532667,11.290698354299316,1.3877787807814457E-16,1.0
100010001000000000000100001110000101,7144,0.05430902662140502,-0.8599205865286285,1.0,1.0
101010001000010001001100001010010101,3758,11.896185587288793,11.343215284013674,1.3877787807814457E-16,1.0
101000001100000001000101001010001101,1760,0.0831753257549398,-0.5294312413293498,1.0,0.8
100010001000000000001101101011001101,2370,0.31763732840428216,-0.2975389200357344,0.40000000000000013,1.0
101000001110000101000100001010010101,6536,0.1000566610824171,-0.5628742380063781,0.8,1.0
101010000000000001000100101010000100,8252,0.09966940427821941,-0.5663104733414875,1.0,0.8
101100001010000001000100001000000101,1316,0.10416095775273483,-0.6450643128962421,1.0,0.8
100100001000000000100100001000010101,5532,0.35240543518199163,-0.4498261338737038,0.40000000000000013,1.0
100010001000000000000100001000010101,5576,0.09719102074521484,-0.914710810471064,1.0,0.9
111100001000000001000101101010001101,7406,0.1893563046337269,-0.48078165961787944,0.6000000000000001,1.0
101000001110000001000101100010001101,1464,0.011681342092009394,-0.48553918760355086,1.0,1.0
101100001000000001000100001010010101,3134,0.02981911672570959,-0.6670974743304074,1.0,1.0
101101001000000001000100001000010101,6328,0.18626597336274028,-0.44870941046533286,0.6000000000000001,1.0
101100000000000001000100101010010100,4042,0.08585602159120276,-0.45688327597381007,1.0,0.8
101000001100000001010101101010001101,5958,0.07603362967834472,-0.42505741531975316,0.8,1.0
101100001000001001000101101010001101,6134,0.07603362967834472,-0.42505741531975316,0.8,1.0
101000001110100001000100001010110101,8274,0.18259211406879033,-0.39310784254219,0.6000000000000001,1.0
101100001000000001000101101010011101,2876,0.009441987724196273,-0.5449619390846638,1.0,1.0
101100001000000001000000001010010111,8536,0.558827603424184,-0.18257656245952247,0.20000000000000015,1.0
100100001100000000000100001010010101,5678,0.11989244837702369,-0.6661705103480576,0.8,1.0
010111001010001000110011001001011011,116,11.907577779511595,11.369054490782347,1.3877787807814457E-16,1.0
101000001000000101000101001010011101,4176,0.02005352180819111,-0.6251344947560632,1.0,1.0
101010101000000101000100001100010101,2664,0.561096727578369,-0.12374164537025234,0.20000000000000015,1.0
111001010111010111001111010011001100,294,11.906148210936834,11.452103379238915,1.3877787807814457E-16,1.0
101100001010001001000100001110000101,1932,0.07914028869688446,-0.45809801320886445,0.8,1.0
101010000000000001000101101010001100,7860,0.003937334847812787,-0.5379686729138449,1.0,1.0
100100001000000000000100001010000101,1762,0.2188506422067548,-0.7219636845940995,1.0,0.6000000000000001
101000001101100101000100001110000101,2322,0.32176180707440694,-0.2714372146386271,0.40000000000000013,1.0
101010001000000001000100001010010101,9786,0.03718127421479807,-0.7239677883528388,1.0,1.0
100100001110000000000101101000011101,5200,0.09965772409502409,-0.5224386562560482,0.8,1.0
100100001000000000000100001110000101,2802,0.12238103763222494,-0.7301635367239776,1.0,0.8
001010001000000001000100001110000001,8726,0.09966940427821941,-0.5663104733414875,1.0,0.8
101000001000000011000100001000010101,5048,0.03975882230094612,-0.7287036029625049,1.0,1.0
100010001100000000000100101010010101,2038,0.12246922830237761,-0.6685076834480154,0.8,1.0
101000001110000001000100001010010101,2988,0.01987941115047306,-0.6150959726776001,1.0,1.0
011000100100100001000100001110010010,4610,11.89617637687275,11.41246840547511,1.3877787807814457E-16,1.0
000100001000101000000101000011011001,6922,0.5664219869671767,0.18526886059435055,0.20000000000000015,1.0
100010001000001000000001001110011101,4516,0.3169027242042409,-0.2572825575102035,0.40000000000000013,1.0
101010001000000001000100001110010101,8298,0.03556598075249552,-0.6807454831661484,1.0,1.0
100100001110000100010101001010011101,9676,0.5397653702989331,-0.015213260625579705,0.20000000000000015,1.0
100110001000000000000100001110010101,632,0.049786718546335325,-0.7411901932040577,1.0,1.0
110010101000000000000100001110000101,3200,0.5714892921830942,-0.25612259129126325,0.20000000000000015,1.0
100100001011000000000101101110001101,940,0.09066598598203016,-0.48442839209130484,0.8,1.0
101100000000000001001101000010011100,5240,0.3703889114079795,-0.041516687071763536,0.40000000000000013,1.0
100100001000000000000100001010010101,4462,0.049698527876182653,-0.8028460464800199,1.0,1.0
101100001001000001000100011110000101,2694,0.2004717548530919,-0.4790346351067194,0.6000000000000001,1.0
101100101110000001000101101010001101,9994,0.3109642976939603,-0.15676542619224404,0.40000000000000013,1.0
101010001010000001000100001110000101,970,0.10129990776753686,-0.5982484393024486,0.8,1.0
101100001000000001000100001010010101,8272,0.02981911672570959,-0.6670974743304074,1.0,1.0
101110001000000001000110011010010101,4738,11.937533882165159,11.149517109825522,1.3877787807814457E-16,1.0
101100001000000001000101101010001101,4728,0.009939705575236527,-0.5706154278456519,1.0,1.0
101000001110000001000100001010010101,3308,0.01987941115047306,-0.6150959726776001,1.0,1.0
101010001000010001000100001010010101,3988,0.5442810250602049,-0.10090699150404936,0.20000000000000015,1.0
100100001000000000000100001010010101,5688,0.049698527876182653,-0.8028460464800199,1.0,1.0
101100001000000001000101101010001101,6672,0.009939705575236527,-0.5706154278456519,1.0,1.0
101000011110000001000100001000010111,7782,11.928667271852945,11.228335625023163,1.3877787807814457E-16,1.0
101100001100000001000100001110000101,970,0.10100847292863113,-0.5545835485689377,0.8,1.0
101100001000000001000101001110011101,8270,0.009441987724196266,-0.5449619390846637,1.0,1.0
111100001000000001000110000010010101,6794,11.934466740713612,11.12310897661106,1.3877787807814457E-16,1.0
101000001110000001000100000000010101,3212,0.05768080210452512,-0.5857389960660783,1.0,0.9
100110000010000010000100001110110100,500,0.3361790778849717,-0.3052355034659408,0.40000000000000013,1.0
100100001000000000000100001011010101,8824,0.11989244837702369,-0.6661705103480575,0.8,1.0
101100001001000001000100001010010101,4066,0.028325963172588835,-0.62726605832498,1.0,1.0
101000001110000001000100001010000101,6998,0.09366814175383731,-0.582182466614836,1.0,0.8
101100001000000001000100001010010101,8590,0.02981911672570959,-0.6670974743304074,1.0,1.0
100010001100000000000100001010010101,9744,0.12463214936077924,-0.7209140255920441,0.8,1.0
101100001100000001000100001010010101,9468,0.10100847292863113,-0.5545835485689377,0.8,1.0
100010001000000000000100001010100101,6654,0.13048087565074845,-0.8361350703007787,0.8,1.0
001100001000000001000100001110000001,3728,0.08684549134233671,-0.49076193699635573,1.0,0.8
100100001010000000000100001000010101,4466,0.049698527876182653,-0.8028460464800199,1.0,1.0
101010001000000001000100001010010111,9258,0.5674356526109147,-0.2615142242092171,0.20000000000000015,1.0
101000001100000001000100001000010101,3062,0.07407694022145245,-0.6943854850419986,1.0,0.9
101100001000000001000110001010010101,2108,0.56251040728778,-0.21654040507784034,0.20000000000000015,1.0
100101011000010000000100001110100101,6718,11.910908675191493,11.342459273659765,1.3877787807814457E-16,1.0
101010001000000001100100001110000101,2014,11.927345010528034,11.247838620568222,1.3877787807814457E-16,1.0
100010001000000000000101101110001101,4230,0.10824849050853781,-0.608062973410106,0.8,1.0
101010001000000001000100001010010101,8504,0.03718127421479807,-0.7239677883528388,1.0,1.0
100010000000000000000100001110000100,4024,0.16621292418584876,-0.6705557468319193,1.0,0.7000000000000001
100100001000000000100100001010110101,5998,11.941056522642791,11.194523083345372,1.3877787807814457E-16,1.0
100100001000000000010110001000010101,7894,11.94372171936561,11.101121914045532,1.3877787807814457E-16,1.0
101010000111101111100111010110101100,0,11.901875766951104,11.427539413883775,1.3877787807814457E-16,1.0
100000001010000010000100001111010101,520,0.10864946220801801,-0.5660153947303722,0.8,1.0
100100011000000000000100001010010101,7068,11.938218508452179,11.204099303032027,1.3877787807814457E-16,1.0
101010001000000001000100001010010101,8160,0.03718127421479807,-0.7239677883528388,1.0,1.0
101010001000000001000101101010011101,4422,0.019182321900254106,-0.5959939265397625,1.0,1.0
100100001000000000000101101011001101,1826,0.02832596317258884,-0.62726605832498,1.0,1.0
100111001010100000000101100011001101,594,11.902053516284814,11.440855868235905,1.3877787807814457E-16,1.0
100100101000000000000100001010010101,4668,0.10856698528631828,-0.5900837743534219,0.8,1.0
101001001011000011000100001110010101,698,0.29845500650402806,-0.19555168731448924,0.40000000000000013,1.0
101010001101000001000100001110100101,1812,0.2045697766544051,-0.49260646766094485,0.6000000000000001,1.0
101010001000000001000101001000011101,3036,0.0629355159320009,-0.6366128311379846,1.0,0.9
100100001000000010000100001110010101,8152,0.044958690564969664,-0.6891605148551823,1.0,1.0
001000001010111101111001101100011001,412,11.982771098243651,11.621678409060216,1.3877787807814457E-16,1.0
101100001000000001000100001110000101,3690,0.02981911672570959,-0.6670974743304074,1.0,1.0
101100001000000001000100001000010101,5004,0.03975882230094612,-0.7287036029625051,1.0,1.0
101100101000000001000000001010000101,3886,0.1744502487093379,-0.38325893888719553,1.0,0.6000000000000001
100000001110001000000100001110000101,5514,0.09875808642317367,-0.5393534339213968,0.8,1.0
111000001100000011000100001010110101,9698,0.5645235746614626,-0.18195898298002333,0.20000000000000015,1.0
100100001000000000001100011100010101,4316,0.5661634588455938,-0.1657709566025588,0.20000000000000015,1.0
110100001000001000000100001110010101,3926,11.93448601523879,11.197799546381948,1.3877787807814457E-16,1.0
101100001000000001000110001000010101,2098,0.34439449134694744,-0.5000571522414445,0.40000000000000013,1.0
101100001110000001000100001010010101,4956,0.09156648520443485,-0.5105421329280682,0.8,1.0
001010001000000001000100001010010001,6840,0.026986894522177122,-0.6389929830975298,1.0,1.0
101010001000000001000100001010010101,2828,0.03718127421479807,-0.7239677883528388,1.0,1.0
101100101100001001000100001000010101,5488,11.90538505795002,11.38370395215896,1.3877787807814457E-16,1.0
100010001000000000000100001111010101,1642,0.12246922830237761,-0.6685076834480154,0.8,1.0
101100001000000101000101001000011101,7208,0.1000566610824171,-0.5628742380063783,0.8,1.0
101000101110010001000100001110000101,7342,11.906419836672656,11.424688052906012,1.3877787807814457E-16,1.0
100100001000000000000100101010000101,7538,0.049698527876182653,-0.8028460464800199,1.0,1.0
101100001000010001000100001110000101,5394,11.903199523462446,11.322644390041557,1.3877787807814457E-16,1.0
101110001000000001000100001000010101,5630,0.04375781017861623,-0.7328520114198975,1.0,1.0
100101001000000000000101001010011101,9090,0.17632626778750374,-0.40422886563338467,0.6000000000000001,1.0
101000001110000001101100001011100101,2000,11.903371713328669,11.37014754077017,1.3877787807814457E-16,1.0
101110001010010001000101101010011101,7526,11.89842844001016,11.405422091256996,1.3877787807814457E-16,1.0
101100001000000001010100001010010101,4992,0.08894918756002906,-0.4958370517670382,0.8,1.0
101100001000000001000100001110010101,6886,0.028325963172588828,-0.62726605832498,1.0,1.0
101100111000000101000100001110000101,6324,11.91564435339314,11.343755716486255,1.3877787807814457E-16,1.0
100010001000100000000110011100000101,6570,11.948347572550595,11.068309594934423,1.3877787807814457E-16,1.0
101010100000000001000101101010001100,1458,0.08403180548112923,-0.3915469436959239,0.8,1.0
101010001000000001000110001110010101,1068,0.5659288365742291,-0.21823484084427847,0.20000000000000015,1.0
101100001000000001000100001010000101,3944,0.10416095775273483,-0.6450643128962421,1.0,0.8
101100101000000001000101101010001101,5354,0.07603362967834472,-0.42505741531975316,0.8,1.0
101100001000000001000100001000010101,9890,0.03975882230094612,-0.7287036029625051,1.0,1.0
100101011100000000001100001000010101,3506,11.910424768141338,11.357935990629072,1.3877787807814457E-16,1.0
101000001000000001000100001010000101,2044,0.19971989554560055,-0.6179271632779288,1.0,0.6000000000000001
101000101110000001000100001010010101,5378,0.1728443411531094,-0.3643939607526395,0.6000000000000001,1.0
100100001000000010000100001010010101,5834,0.0472099386209814,-0.7388530201040999,1.0,1.0
100110101000000000000111101010001101,6360,11.925851262373092,11.23576587268686,1.3877787807814457E-16,1.0
000101101111111000000100001110000011,0,11.928186820836357,11.522307107305702,1.3877787807814457E-16,1.0
100010001000000000000101101010001101,4074,0.03718127421479806,-0.7239677883528386,1.0,1.0
101100001010000101000110001000010101,6304,11.934961151209425,11.150797473790917,1.3877787807814457E-16,1.0
101000001110001101000110001110000101,2282,11.919332973475916,11.269831922598655,1.3877787807814457E-16,1.0
101010001000100001000100000110000101,2732,0.18578309830077855,-0.41599489653343336,0.6000000000000001,1.0
101011001000000001000101101010001101,4510,0.527153272653598,-0.02581703062152174,0.20000000000000015,1.0
101000001000000001000100001010010101,9168,0.10416095775273485,-0.6450643128962421,1.0,0.8
100100001000000000000100001110110101,494,0.12246922830237761,-0.6685076834480154,0.8,1.0
100100001000000000000100001110000101,6214,0.12238103763222494,-0.7301635367239776,1.0,0.8
111000111011011111000111101010001111,556,11.904784527945726,11.357681249672114,1.3877787807814457E-16,1.0
001000000011110111001001110001001000,772,12.010203919073549,11.652855010490457,1.3877787807814457E-16,1.0
101100001001000011000100011010010101,7416,0.33117778753396154,-0.3175563445721395,0.40000000000000013,1.0
101100001000000001000101101010001101,4616,0.009939705575236527,-0.5706154278456519,1.0,1.0
101100001000001001000100001110010101,5896,0.18184889647336264,-0.37706224454794857,0.6000000000000001,1.0
000110111111100000011011010100011001,0,11.909512122962504,11.51757843302592,1.3877787807814457E-16,1.0
100100001110000010000100001010010101,8778,0.10864946220801801,-0.5660153947303722,0.8,1.0
110011001100101100110000101010010101,0,11.942472879771586,11.432099778188906,1.3877787807814457E-16,0.9
101010001010101011100100001111010101,996,11.89777007474396,11.43883378302947,1.3877787807814457E-16,1.0
110010010011110110000101001110111110,188,11.914786188489584,11.350345789384086,1.3877787807814457E-16,1.0
101100001000000001001101101010001101,5070,0.3083947120792646,-0.20006034173819304,0.40000000000000013,1.0
001100001000000001000101101000011001,3654,1.4802973661668754E-17,-0.48630993927778593,1.0,1.0
111100100110000101000001000100001100,0,11.903389703693563,11.456191240192375,1.3877787807814457E-16,1.0
100010101000000000000101101010001101,1828,0.09808230373470078,-0.5496072642415792,0.8,1.0
000010100011101110000110001011110000,246,11.906625506563628,11.425182464929888,1.3877787807814457E-16,1.0
101100011100000001000100001010010101,1464,11.919007243268402,11.324626204775084,1.3877787807814457E-16,1.0
101101001000000001000100001010010101,7724,0.17632626778750374,-0.40422886563338467,0.6000000000000001,1.0
000000001000000000000100001000010001,9586,11.954512464344434,10.947263236972864,1.0,1.3877787807814457E-16
101000000011110111001001110001001110,348,11.922413029197202,11.505240008132116,1.3877787807814457E-16,1.0
100000001010000010001100011110010101,3384,11.919494247575278,11.287005597207887,1.3877787807814457E-16,1.0
101010001000010001000100001110000101,2634,11.9133133396954,11.268125323131146,1.3877787807814457E-16,1.0
100000001110100000000100001011010101,4478,0.1911727716237052,-0.41459658682587675,0.6000000000000001,1.0
000100001000000000100111110010001001,3638,11.921655944955841,11.312513173273095,1.3877787807814457E-16,1.0
101100001000000001000101111010001101,1998,0.0918648316562964,-0.5233114167837202,0.8,1.0
100100001000000000000000001110010101,4320,0.11668211691242823,-0.6234454376349706,1.0,0.8
101010001000000001000100001000010101,6468,0.08006326833860787,-0.7517913264837395,1.0,0.9
100000001000000000000100001010010101,8816,0.35091908649851566,-0.5898952403023388,1.0,0.40000000000000013
111000001101100001000100001110000101,2220,11.919914230098948,11.277377538652399,1.3877787807814457E-16,1.0
100010001001000000001100001010010111,2898,11.934961151209425,11.150797473790917,1.3877787807814457E-16,1.0
101000001110000001000100001010010101,6518,0.01987941115047306,-0.6150959726776001,1.0,1.0
101010001000000001000100001010010101,9002,0.03718127421479807,-0.7239677883528388,1.0,1.0
101100001000000011000100011011010101,1778,0.33117778753396154,-0.3175563445721396,0.40000000000000013,1.0
100101001100000000000000001010010101,5956,0.1883863657904602,-0.4160195231749997,0.6000000000000001,1.0
101000001110000001000100001010000101,6798,0.09366814175383731,-0.582182466614836,1.0,0.8
100010001000000000000100001010000101,5168,0.1295754315102834,-0.8738730162920946,1.0,0.8
100010001000000000000100001000010101,5288,0.09719102074521484,-0.914710810471064,1.0,0.9
111000001110000001000101001010011101,4802,0.5395406648663204,-0.08448387308492056,0.20000000000000015,1.0
101010001000000001000100101010010101,6342,0.03556598075249552,-0.6807454831661484,1.0,1.0
101010001010000001000100001010100101,1590,0.20161708440156292,-0.554037766934789,0.6000000000000001,1.0
100101001100000000000000001010010101,5874,0.1883863657904602,-0.4160195231749997,0.6000000000000001,1.0
101010001000000001000100001010110101,7182,0.11379545824851907,-0.6556373506272272,0.8,1.0
100100001000000000000100001010000101,7918,0.2188506422067548,-0.7219636845940995,1.0,0.6000000000000001
101100001000000001000100001110010101,7540,0.028325963172588828,-0.62726605832498,1.0,1.0
100100001000000000000101001101011101,2568,0.10864946220801802,-0.5660153947303723,0.8,1.0
101110001000000001010101001001001101,5638,0.3146605583605512,-0.26103939825042904,0.40000000000000013,1.0
100100001000000000000100000000010101,8184,0.17458318044935434,-0.7414981516163526,1.0,0.7000000000000001
011100001110010001011100001010010001,2340,11.924416859377827,11.48249730879847,1.3877787807814457E-16,1.0
101000001110000001000101001000011101,3138,0.009939705575236527,-0.5706154278456519,1.0,1.0
101100001000101011100100001111010101,1170,11.895699747330529,11.457650801504926,1.3877787807814457E-16,1.0
100010001100100100000100001110000101,3518,11.93703127053628,11.2061068024677,1.3877787807814457E-16,1.0
000110001000000000001111001110011001,494,11.911643484622523,11.321690895321845,1.3877787807814457E-16,1.0
101010001010000001000100001001010101,9878,0.20195254296476273,-0.5143589209538811,0.6000000000000001,1.0
101000111110000001000100011010000101,2862,11.908797684934129,11.353819054009616,1.3877787807814457E-16,1.0
110111001000110010000100011111000101,738,11.916666485785456,11.319713828015479,1.3877787807814457E-16,1.0
101101101000000001100100001010010101,8986,11.896295145143544,11.42600383634467,1.3877787807814457E-16,1.0
101100101000000001000100001110000101,2120,0.182653240016254,-0.40213299931081326,0.6000000000000001,1.0
101100001000000001000100001010010111,3418,0.56251040728778,-0.21654040507784056,0.20000000000000015,1.0
101100011010001001010101101010011101,1152,11.915770609777242,11.496159962416614,1.3877787807814457E-16,1.0
100100001100000000000100101010010101,5942,0.11764120032101195,-0.61647800509914,0.8,1.0
100010001000000000000100001000010101,5908,0.09719102074521484,-0.914710810471064,1.0,0.9
100100001000000000000100011010110101,1156,0.5777549477212963,-0.26301206939517796,0.20000000000000015,1.0
110100010010101110001110011110110100,168,11.917661808648083,11.351070167665581,1.3877787807814457E-16,1.0
101100001001000001000100001110000111,3896,0.3352440844535055,-0.40087265075038364,0.40000000000000013,1.0
101010001000000001000100111010000101,8328,0.11379545824851907,-0.6556373506272268,0.8,1.0
001000001010000011000100010111010001,414,0.5281239780023079,0.062476614128015806,0.20000000000000015,1.0
100100011110000000000100001010010101,1062,11.927589718395467,11.286896057169722,1.3877787807814457E-16,1.0
001110011100010101000100110000100011,0,11.961554409733408,11.340074845856162,1.3877787807814457E-16,0.9
001100001000000001000100001010010001,8258,0.014162981586294431,-0.563444446752398,1.0,1.0
100010001000000000000100101000010101,8892,0.09445958695136397,-0.8310030219408935,1.0,0.9
101010001000001001000100001010010101,2994,0.32385480048268656,-0.3238347674935936,0.40000000000000013,1.0
101100001000001001000110001010010101,4398,11.920985531728233,11.249051475254884,1.3877787807814457E-16,1.0
100010001000001000000100001110000101,1014,0.20871955217669802,-0.552484446549891,0.6000000000000001,1.0
101100101110000001000101001010011101,3074,0.3109642976939603,-0.15676542619224404,0.40000000000000013,1.0
101100101110000011000100001010010101,2176,0.3043042368774541,-0.19491498680332403,0.40000000000000013,1.0
100010001000000000000100001100010101,2240,0.060141469030857646,-0.8653211398613998,1.0,1.0
100010001000010000000100001110000101,2170,11.930441092102008,11.16929202953437,1.3877787807814457E-16,1.0
101010001000000001000101101010001101,4090,0.020053521808191095,-0.6251344947560631,1.0,1.0
101100001000000001000110001010010101,5228,0.56251040728778,-0.21654040507784034,0.20000000000000015,1.0
100010001000000000000100001010000101,7712,0.1295754315102834,-0.8738730162920946,1.0,0.8
100010001000001000000100000110010111,3174,11.936607879057917,11.1837409084279,1.3877787807814457E-16,1.0
100100001000000100000101100010001101,8072,0.10389154782913881,-0.570118521581736,0.8,1.0
110111000010111010000101001110111110,174,11.893259817887209,11.414412926595517,1.3877787807814457E-16,1.0
101010101010000011010100001110000101,1228,11.898536986892834,11.392416302856335,1.3877787807814457E-16,1.0
100100001001100000001100001010010101,2008,11.908722152148304,11.349811011126993,1.3877787807814457E-16,1.0
101100001000000001000100001000010101,9536,0.03975882230094612,-0.7287036029625051,1.0,1.0
110100001000000000000100001010010101,7502,0.21998262786233982,-0.6996334866629849,0.6000000000000001,1.0
100010001111000000000100001010010101,6330,0.2083225178058472,-0.5236118976423054,0.6000000000000001,1.0
100100001000000000000100101010010101,8840,0.0472099386209814,-0.7388530201040999,1.0,1.0
101010001000000001000100001011010101,7218,0.10824849050853781,-0.6080629734101061,0.8,1.0
101000001000000001000100001110000101,4094,0.10416095775273485,-0.6450643128962421,1.0,0.8
101000001110000001000101001010001101,4818,0.07268250975604229,-0.4845449907649244,1.0,0.8
101100011000000001000100001010010101,1904,11.920235032226191,11.298138651875119,1.3877787807814457E-16,1.0
100100001001100000100101101010001101,6236,11.907330624893042,11.388332329986358,1.3877787807814457E-16,1.0
101010001000000001000100001010010101,9434,0.03718127421479807,-0.7239677883528388,1.0,1.0
101101001110001001000000001100010111,2434,11.898421199389537,11.390352231286341,1.3877787807814457E-16,1.0
101100001000000001100100001010010101,4480,0.5512027175909956,-0.07089366276007658,0.20000000000000015,1.0
100010001000000000000100001010010111,8838,0.5810624570337961,-0.3857394005398187,0.20000000000000015,1.0
100100001110000000000101001010011101,8602,0.09156648520443483,-0.510542132928068,0.8,1.0
101100001000000001000101101010001101,7422,0.009939705575236527,-0.5706154278456519,1.0,1.0
100010001000000000000100001010110101,5980,0.12826348977727423,-0.7686747720321624,0.8,1.0
100010001000000000000100001000000101,3222,0.2916367436954412,-0.8357111149636064,1.0,0.5000000000000001
101000001110000001000100011010010101,7294,0.19376071353864205,-0.4691701855501531,0.6000000000000001,1.0
110110001100001000000100001010010101,1234,11.937363252906739,11.190543953296732,1.3877787807814457E-16,1.0
100100001010000000000100001011010101,4392,0.1104504606528274,-0.6058197217407059,0.8,1.0
100010001000000000000100001000010101,8880,0.09719102074521484,-0.914710810471064,1.0,0.9
101010001000000001000100001010010101,6128,0.03718127421479807,-0.7239677883528388,1.0,1.0
101010001000000001000100001010010101,2096,0.03718127421479807,-0.7239677883528388,1.0,1.0
010110001000000000000100001010010001,1130,0.12463214936077924,-0.7209140255920441,0.8,1.0
001000001110000001000100001000010001,7940,0.18054954379856164,-0.3970578845401308,1.0,0.6000000000000001
101000001010000001000100001110000101,1012,0.09366814175383731,-0.5821824666148361,1.0,0.8
101000001110000001000100000111000101,2308,0.01099990178909646,-0.5384264819873381,1.0,1.0
111100001000000001000000001010010101,4156,0.2009866623844374,-0.5404175034992692,0.6000000000000001,1.0
100010001000000010000100001010010101,7790,0.12463214936077924,-0.7209140255920441,0.8,1.0
100100001001000000000100001111000101,2814,0.044958690564969664,-0.6891605148551823,1.0,1.0
101010001000000001000100001110000101,7656,0.03718127421479806,-0.7239677883528386,1.0,1.0
101000001100000101000100000110000101,1778,0.031209038073096516,-0.6428010313377783,1.0,1.0
100110001000000000110100000100100101,792,11.93840011567225,11.258731817867874,1.3877787807814457E-16,1.0
100100001000000000000100001000010101,9284,0.059638233451419186,-0.8937847873379051,1.0,1.0
001000001010000011000100001100110001,596,0.02404737363716584,-0.5666229379114984,1.0,1.0
101100001100000001000100001010010101,8358,0.10100847292863113,-0.5545835485689377,0.8,1.0
100100001000000000000100000110000101,3730,0.11940787812407987,-0.6878429130754004,1.0,0.8
100010001000000000000100001000010101,2404,0.09719102074521484,-0.914710810471064,1.0,0.9
101000001110000001000101101011001101,4104,0.0,-0.5114106250106643,1.0,1.0
101010001001000001000101101010001101,1774,0.019182321900254113,-0.5959939265397625,1.0,1.0
100010001000000000000100001010010101,1786,0.05430902662140502,-0.8599205865286285,1.0,1.0
100100001001000000000100001100010101,9250,0.05395042867796359,-0.7482811403777319,1.0,1.0
101100001000000001010100001110010101,5172,0.08814484401713771,-0.4707662970041735,0.8,1.0
100101001000000000000100000010110101,6112,0.19759560028536374,-0.47641446912551133,0.6000000000000001,1.0
101100001000000001000100001110000101,3296,0.02981911672570959,-0.6670974743304074,1.0,1.0
101000000110000001010101101010001100,9494,0.11912757457190974,-0.3019068391601713,0.8,1.0
000100001000100010000101001010111001,9520,0.30858489231038166,-0.19423874330090773,0.40000000000000013,1.0
100100001000000000000100001010010101,6572,0.049698527876182653,-0.8028460464800199,1.0,1.0
101010001000000001000101001110011101,4620,0.019182321900254106,-0.5959939265397627,1.0,1.0
100100001000000000000100001010100101,5604,0.1269915363774473,-0.7872380767725862,0.8,1.0
101010001000000001000100001010010101,6164,0.03718127421479807,-0.7239677883528388,1.0,1.0
100110001000000000000100001110000101,9866,0.05194963960473694,-0.7935965353480863,1.0,1.0
101000001110000001000100011110000101,3436,0.19376071353864202,-0.4691701855501531,0.6000000000000001,1.0
100100001010000010000100001010010101,4530,0.03776795089678512,-0.6785022314967482,1.0,1.0
011101000011101101111101001011101000,268,11.948264122370357,11.56866798084565,1.3877787807814457E-16,1.0
100010001000000000000101001000011101,4014,0.08006326833860787,-0.7517913264837395,1.0,0.9
101000001110000001000100001010010101,4280,0.01987941115047306,-0.6150959726776001,1.0,1.0
100110001110000000000100001010010101,2950,0.34039096209760805,-0.3915434533505446,0.40000000000000013,1.0
101010001000000001000100001010010101,5450,0.03718127421479807,-0.7239677883528388,1.0,1.0
100010001000000000000100001110100101,7234,0.12826348977727423,-0.7686747720321623,0.8,1.0
101100001000100001000100001010010101,9542,0.182653240016254,-0.40213299931081337,0.6000000000000001,1.0
101000001110001001000101001010011101,1732,0.17954658099771423,-0.30218520276893024,0.6000000000000001,1.0
100010011100000000000100001010010101,6388,11.941056522642791,11.194523083345372,1.3877787807814457E-16,1.0
110000001110000000100100001010010101,6630,11.935748762646092,11.185867056160706,1.3877787807814457E-16,1.0
101000001010001011100100001110110111,522,11.916883111725312,11.329175802542096,1.3877787807814457E-16,1.0
100100001000000000000100001110000101,5566,0.12238103763222494,-0.7301635367239776,1.0,0.8
101100001010000001000100001000010101,6496,0.02981911672570959,-0.6670974743304074,1.0,1.0
100100001000000000010100001010010111,5530,11.93614299015315,11.157443729943152,1.3877787807814457E-16,1.0
100101001000000000000100001000010101,5926,0.11244133205698842,-0.6560210932064626,0.8,1.0
100100001101100100000100001110000101,2588,11.930567377063763,11.279595004752432,1.3877787807814457E-16,1.0
101100011000000001100101011010011101,6250,11.909602236846013,11.375883019903782,1.3877787807814457E-16,1.0
100100001000000000000100001000010101,9920,0.059638233451419186,-0.8937847873379051,1.0,1.0
101000001110001001100101001010011101,1214,11.905179702773305,11.449492390525439,1.3877787807814457E-16,1.0
101101001000000001000100101100010101,2356,0.5422109794780017,-0.0328833985953334,0.20000000000000015,1.0
100100001000000000000100101110000101,2774,0.11989244837702369,-0.6661705103480576,0.8,1.0
100010001000000000000100001010110101,5022,0.12826348977727423,-0.7686747720321624,0.8,1.0
100010001000000000000100001000000101,9098,0.2916367436954412,-0.8357111149636064,1.0,0.5000000000000001
100011001110000010000100001000110101,4460,11.931443032329346,11.234266788013997,1.3877787807814457E-16,1.0
101000001100000001000100001010010101,4514,0.02981911672570959,-0.6670974743304072,1.0,1.0
101000001110000001000100001110000101,6374,0.019879411150473054,-0.6150959726775999,1.0,1.0
100010001000000000000100001110000101,1630,0.05430902662140502,-0.8599205865286285,1.0,1.0
101100001010000011000100000000010101,6544,0.02199980357819297,-0.5824060853872671,1.0,1.0
100011001000000000000101101010001101,8030,0.31850852831221915,-0.326679488252035,0.40000000000000013,1.0
101110011000000001000100001010010101,9878,11.925982598917143,11.277248466811042,1.3877787807814457E-16,1.0
101100001000000001000001100010001101,7022,0.048481099506800754,-0.43385678186505644,1.0,0.9
101010001000000101000101101010001101,8442,0.09932742671976391,-0.5693759760614603,0.8,1.0
101010001000000001000100001000010101,4884,0.08006326833860787,-0.7517913264837395,1.0,0.9
101000001110000101000100001010010101,2954,0.1000566610824171,-0.5628742380063781,0.8,1.0
100100001000000000000001001110001101,9078,0.09604519394006107,-0.5473746042305424,1.0,0.8
100100001000010000000100001000010101,4506,0.3382138288049742,-0.43024859645847685,0.40000000000000013,1.0
101100001001000001000100000010000101,1588,0.09604519394006107,-0.5473746042305424,1.0,0.8
101010000000010011000101101010011100,3606,11.910290262463331,11.456308458988518,1.3877787807814457E-16,1.0
100010001010000000010100001110000111,1010,11.933769922685277,11.162030516871098,1.3877787807814457E-16,1.0
101000001000000001000101101010001101,4876,0.0831753257549398,-0.5294312413293499,1.0,0.8
100010001000000000000100001010000101,1572,0.1295754315102834,-0.8738730162920946,1.0,0.8
101010001000000001000101001010001101,1852,0.09369013073742655,-0.5878196271263082,1.0,0.8
101100001100000001000110011010010101,3306,11.933555889296658,11.187073331655172,1.3877787807814457E-16,1.0
100100001000000000000101001010001101,6242,0.10416095775273483,-0.6450643128962421,1.0,0.8
100000001000000000000100001000000101,5674,11.959926484553876,10.716789229651916,1.0,1.3877787807814457E-16
000000011011011110000111101010001011,280,11.90507146480626,11.373342855390561,1.3877787807814457E-16,1.0
100010001000000000000100101000010101,4436,0.09445958695136397,-0.8310030219408935,1.0,0.9
100100001000000100000101101010001101,3044,0.10824849050853781,-0.6080629734101058,0.8,1.0
101000001100000001000100001010010101,8700,0.02981911672570959,-0.6670974743304072,1.0,1.0
101100111100011011101111100000111101,0,11.906498458903064,11.490401444122718,1.3877787807814457E-16,1.0
100100001001000000000100001010010101,7664,0.0472099386209814,-0.7388530201040999,1.0,1.0
100010011100010000000100001010010111,8284,11.93224224960702,11.217918392783806,1.3877787807814457E-16,1.0
100100001000100010010101001110001101,8356,0.30137156548956856,-0.1823364059080702,0.40000000000000013,1.0
100000001110000100000100001110010101,5136,0.11461846534962228,-0.6173159500985305,0.8,1.0
100010001000010000001100001010110101,5742,11.919904734850931,11.251201332069707,1.3877787807814457E-16,1.0
100100001010000010000101101011001111,462,0.5525534664246027,-0.10303855507296611,0.20000000000000015,1.0
100010001000000000000100001000010101,2536,0.09719102074521484,-0.914710810471064,1.0,0.9
100100001000000000000100001010010101,6286,0.049698527876182653,-0.8028460464800199,1.0,1.0
100000000000000010000100001011010100,8174,0.11220304526152369,-0.5714751558610947,0.8,1.0
001000001100100001000100011010010001,2836,0.5349324800230684,0.011896133858203872,0.20000000000000015,1.0
101000000100000001000100001010000100,1084,0.3137681681183345,-0.31025636983290655,1.0,0.40000000000000013
101010001000000001000100001010010101,2662,0.03718127421479807,-0.7239677883528388,1.0,1.0
100000001000000000000100000100110101,694,0.13190985386536516,-0.7617230754537925,1.0,0.8
000110001000000000000100011010010001,9248,0.21644228071211769,-0.5575663115960697,0.6000000000000001,1.0
101000001010000011100100001110110101,644,11.917477632214853,11.33273250155482,1.3877787807814457E-16,1.0
101101101001000001000100001010010101,7760,0.3016404225436177,-0.18280970906410993,0.40000000000000013,1.0
101100001000000011000100001010010101,6360,0.028325963172588835,-0.62726605832498,1.0,1.0
101010000101001011110000010101110110,246,11.912973530457215,11.426678870403277,1.3877787807814457E-16,1.0
101010001000000001000100001000010101,4178,0.08006326833860787,-0.7517913264837395,1.0,0.9
101100001000000001000100101001010101,6778,0.10864946220801802,-0.5660153947303725,0.8,1.0
101100001010000001000100001000010101,9506,0.02981911672570959,-0.6670974743304074,1.0,1.0
101010001000000001000100001010010101,4146,0.03718127421479807,-0.7239677883528388,1.0,1.0
101000001111100101000100011011000101,3546,11.915510122224996,11.331032314646604,1.3877787807814457E-16,1.0
100100001000000000000101101010001101,5708,0.02981911672570959,-0.6670974743304074,1.0,1.0
111100001010000001000100000100110101,734,0.3359728112268129,-0.3791925868102049,0.40000000000000013,1.0
101010001101100101000100001010010101,3694,11.922168618981342,11.30285167798886,1.3877787807814457E-16,1.0
010111001010000010000101001110111011,112,11.91869229529064,11.29469350606108,1.3877787807814457E-16,1.0
100010001000000000000100001011010101,5112,0.12463214936077924,-0.7209140255920441,0.8,1.0
000100001001000000000110011010010001,9246,11.943046536433544,11.15206962468315,1.3877787807814457E-16,1.0
101000001110000001000100001100010101,2384,0.028325963172588835,-0.62726605832498,1.0,1.0
100100001000000000000101101010001111,3140,0.56251040728778,-0.21654040507784056,0.20000000000000015,1.0
000111001000000000000101101010001001,6320,0.30216555495058806,-0.2149939502411437,0.40000000000000013,1.0
110110001000000000000100001110110101,524,0.35259922036869,-0.4933616668170056,0.40000000000000013,1.0
101010001000010001000101101010001101,1594,0.527153272653598,-0.02581703062152174,0.20000000000000015,1.0
100010001000000000000100001100010101,4736,0.060141469030857646,-0.8653211398613998,1.0,1.0
101100001000000001000100001110010101,3046,0.028325963172588828,-0.62726605832498,1.0,1.0
101000001110000001000100000010010101,6710,0.011681342092009394,-0.5676361870579848,1.0,1.0
101110101000000001010110001110010101,1160,11.916116072339653,11.321360124276934,1.3877787807814457E-16,1.0
101000011110000001001101101010001101,7632,11.911243294113197,11.449516170998622,1.3877787807814457E-16,1.0
110100001010000000000101001010011101,9276,0.329081329732641,-0.3923569690692335,0.40000000000000013,1.0
100010001000000000001100001110010101,6944,0.33402098725652357,-0.3822904766621203,0.40000000000000013,1.0
100010001000000000000100001110010101,1326,0.05194963960473695,-0.7935965353480864,1.0,1.0
101110001100000001000100001110010101,2922,0.19910934324220067,-0.44962478886390045,0.6000000000000001,1.0
101000001000100011000100001111000101,906,0.08814484401713771,-0.4707662970041735,0.8,1.0
100010001000000000000100001000010101,6330,0.09719102074521484,-0.914710810471064,1.0,0.9
101000011110000001000100001000010101,5138,11.920235032226191,11.298138651875119,1.3877787807814457E-16,1.0
101000001100010001000100001110010101,1956,0.5336694909762101,-0.020734435832649778,0.20000000000000015,1.0
101000001110000001000101100010001101,2142,0.011681342092009394,-0.48553918760355086,1.0,1.0
100010001000000000000100001010010101,2902,0.05430902662140502,-0.8599205865286285,1.0,1.0
101100001000000001000100001000010101,5320,0.03975882230094612,-0.7287036029625051,1.0,1.0
101101001000000001000101101010001101,8494,0.5341672088272503,0.025712155009792736,0.20000000000000015,1.0
100000011010000000000101101010001101,3394,0.5431114787004064,-0.0589971394320965,0.20000000000000015,1.0
101100001000000001000100011110000101,1960,0.20195254296476273,-0.514358920953881,0.6000000000000001,1.0
101010101000000001000100001010010101,7172,0.09808230373470077,-0.5496072642415794,0.8,1.0
101100001000000001010101101110111101,3954,11.90072132972252,11.395769948693541,1.3877787807814457E-16,1.0
110101001000110000001100001010010101,6178,11.895849020896023,11.377478996475732,1.3877787807814457E-16,1.0
111100001000000001000101101010001101,4542,0.1893563046337269,-0.48078165961787944,0.6000000000000001,1.0
100010001000000000000100001010010101,7438,0.05430902662140502,-0.8599205865286285,1.0,1.0
110100001010000000000100001010010101,6632,0.34439449134694744,-0.5000571522414443,0.40000000000000013,1.0
101101001000000001000100011001010101,6978,11.919494247575278,11.287005597207887,1.3877787807814457E-16,1.0
101100000000000001000100001110010100,5314,0.08585602159120276,-0.45688327597380995,1.0,0.8
101011001000000001000100001011000101,2026,0.1864400840204583,-0.458747932543796,0.6000000000000001,1.0
100010001010000000000100001010010101,1872,0.11842766017414383,-0.7134269346482035,0.8,1.0
101000001110000001000100001011010101,8162,0.09156648520443485,-0.5105421329280682,0.8,1.0
101010001000000011000100001010010101,9410,0.10824849050853781,-0.6080629734101061,0.8,1.0
101101001000000001010100001010010101,7492,0.3018061264263305,-0.1992849185717675,0.40000000000000013,1.0
100100001000100000100101111010001101,1932,11.91564435339314,11.343755716486255,1.3877787807814457E-16,1.0
101100001000000001000100001110010101,5034,0.028325963172588828,-0.62726605832498,1.0,1.0
100010001000000000000100001110010101,972,0.05194963960473695,-0.7935965353480864,1.0,1.0
100101011000000000000100001000010101,7714,11.929226770339184,11.254561913400794,1.3877787807814457E-16,1.0
000100001000000000000101101011001001,2112,0.013173511835160474,-0.5295657857298522,1.0,1.0
101010011000000101000110001010010101,4116,11.93622100181383,11.181770371974817,1.3877787807814457E-16,1.0
100010001010000000000101101011001101,1398,0.1000566610824171,-0.5628742380063783,0.8,1.0
101000001000000001000100001110010101,790,0.10250162648175187,-0.594414964574365,1.0,0.8
100100001000000000000100001010010101,3902,0.049698527876182653,-0.8028460464800199,1.0,1.0
101100001000000001000100001000010101,3048,0.03975882230094612,-0.7287036029625051,1.0,1.0
101000001110000001000110001010010101,6208,0.5548538264806268,-0.1665844723212475,0.20000000000000015,1.0
101000001000100011000101101010001101,9512,0.16973768213456966,-0.33135336286352823,0.6000000000000001,1.0
101010001000000001000100001010010101,5154,0.03718127421479807,-0.7239677883528388,1.0,1.0
100010001000000000000100001110010101,8242,0.05194963960473695,-0.7935965353480864,1.0,1.0
100100001110000000000100001000110111,9656,0.5772319801880675,-0.27320515881201957,0.20000000000000015,1.0
100100001000000000000100001010010101,5470,0.049698527876182653,-0.8028460464800199,1.0,1.0
101000000110000001001100000010010100,8306,0.2203369908902308,-0.2023270503008731,0.6000000000000001,1.0
100010011000000000000100001110010101,2350,11.941056522642791,11.194523083345372,1.3877787807814457E-16,1.0
100100101000010000000100001000010111,9812,11.928564260940691,11.206288120873609,1.3877787807814457E-16,1.0
011010100010100011001001110010111010,284,11.911850790064703,11.484294270313596,1.3877787807814457E-16,1.0
101000001110000001000101101000011111,7166,0.5463009500217003,-0.09398408020091475,0.20000000000000015,1.0
110100001010000000000111001110001101,4372,11.930618182585956,11.14472900631556,1.3877787807814457E-16,1.0
101010001001000011000100001110010101,3956,0.19910934324220067,-0.44962478886390045,0.6000000000000001,1.0
101100001001000001000101101000011101,7192,0.01798347622598787,-0.5571109018473472,1.0,1.0
101110001000000001000100001010010101,5974,0.03556598075249552,-0.6807454831661482,1.0,1.0
100010001000000000000100001000010101,3198,0.09719102074521484,-0.914710810471064,1.0,0.9
001101001000000001110100001000010001,8148,11.909511326797945,11.485852693481057,1.3877787807814457E-16,1.0
100010001000000000000100001010000101,2840,0.1295754315102834,-0.8738730162920946,1.0,0.8
100100000010001000000100001010010100,4644,0.175537018020285,-0.34362310022197595,0.6000000000000001,1.0
101100001000000001000000001110000101,3702,0.09604519394006107,-0.5473746042305424,1.0,0.8
101000000110001101101110001000010100,2456,11.90072132972252,11.395769948693541,1.3877787807814457E-16,1.0
101100001000000001001100001011010101,6684,0.5336694909762101,-0.02073443583264989,0.20000000000000015,1.0
100100001000000000000100100010000101,7724,0.11940787812407987,-0.6878429130754004,1.0,0.8
100100001000000100000100001111000101,7202,0.12246922830237761,-0.6685076834480154,0.8,1.0
001100001000000001000100001100000001,1246,0.10100847292863113,-0.5545835485689378,1.0,0.8
110110001000000000000100000110010101,918,0.21795166297098348,-0.604867112833573,0.6000000000000001,1.0
100100001000000000000100001010010101,9578,0.049698527876182653,-0.8028460464800199,1.0,1.0
101100001000000001000101001010111101,4938,0.0918648316562964,-0.5233114167837203,0.8,1.0
101000001110000001000100001010010101,6682,0.01987941115047306,-0.6150959726776001,1.0,1.0
100100001000000000100100001010010101,6044,0.5691861938169835,-0.1649330116031683,0.20000000000000015,1.0
000100001000000000000100001010010011,2186,0.34815353438021074,-0.5043910399759919,0.40000000000000013,1.0
100100000000000000000100001000110100,5410,0.17419184082804615,-0.6804923191643741,1.0,0.7000000000000001
100100001010000100000100101000110101,9890,0.35007525163052955,-0.4444072433881277,0.40000000000000013,1.0
001110000000000001000100001010010000,4348,0.0781863775955785,-0.41104360978260723,1.0,0.8
100100001000000000000100001110010101,5740,0.0472099386209814,-0.7388530201040998,1.0,1.0
101010001000000001000100000000010101,6542,0.0769796079204204,-0.7151386668925728,1.0,0.9
101000001010010011001100011110110101,550,11.897850455618437,11.37932501162234,1.3877787807814457E-16,1.0
101100001000000001000100001010010101,5700,0.02981911672570959,-0.6670974743304074,1.0,1.0
101010011000000001000101001110011101,6798,11.910908675191493,11.342459273659765,1.3877787807814457E-16,1.0
100010001100000000000101100011001101,900,0.1024187183113306,-0.5360607349072629,0.8,1.0
101100001000000001000101001100001101,1646,0.09256192090651534,-0.5424134629215577,1.0,0.8
001100001000000001000100001010010001,2918,0.014162981586294431,-0.563444446752398,1.0,1.0
111100001000000001000101101010011101,4594,0.18846000898195367,-0.45182502124066126,0.6000000000000001,1.0
100101001100000000000100001110000101,3576,0.3267809696766169,-0.3288110518209519,0.40000000000000013,1.0
100101001110000000000100001010010101,6590,0.3173389819524206,-0.2847696361800823,0.40000000000000013,1.0
100110001000000100000100000110000101,848,0.21838071196886838,-0.591588759496494,0.6000000000000001,1.0
101000001000000001000101101010011101,2668,0.08262221533127882,-0.4979329180896097,1.0,0.8
101100001000000001000100001110000101,7630,0.02981911672570959,-0.6670974743304074,1.0,1.0
100100001001000000000100001000010101,8808,0.056651926345177676,-0.8109880332002102,1.0,1.0
101100001000000001000100001110000101,7362,0.02981911672570959,-0.6670974743304074,1.0,1.0
001100001000000001000101101010001001,3540,0.014162981586294417,-0.46817489978556276,1.0,1.0
101101001000000001000100001010100101,7808,0.31850852831221915,-0.326679488252035,0.40000000000000013,1.0
101110001110000101000100001010010101,9258,11.924724516987165,11.26947923230201,1.3877787807814457E-16,1.0
100110111010000000000100001110010101,760,11.921969793074886,11.334118959060472,1.3877787807814457E-16,1.0
101000001100000001000100001010010101,4906,0.02981911672570959,-0.6670974743304072,1.0,1.0
100010101010000000000100001010010101,7000,0.20025295418381187,-0.5007162688972397,0.6000000000000001,1.0
001000001110000001000100001000010011,7764,0.1962056789379768,-0.5007109121181401,0.6000000000000001,1.0
100100001000000000000110001000010101,6766,0.3597076529612539,-0.6475415744103179,0.40000000000000013,1.0
101100001000000001010101100000011101,7274,0.038021479122332766,-0.43312495646718624,1.0,0.9
100010101010101010100100001111010101,812,11.902198176902498,11.438914347032947,1.3877787807814457E-16,1.0
101010001000000001000101101010001101,8646,0.020053521808191095,-0.6251344947560631,1.0,1.0
101000001110000001000101001110001101,3474,0.0,-0.5321342441674862,1.0,1.0
100100001000000000000100001110000101,1658,0.12238103763222494,-0.7301635367239776,1.0,0.8
101110101000000001000110001110010111,3790,11.930352239218575,11.211632002666907,1.3877787807814457E-16,1.0
101100001000100101010110001110000111,4758,11.923885914209848,11.250276521639183,1.3877787807814457E-16,1.0
101000001000000101000000001111010101,6318,0.1024187183113306,-0.5360607349072629,0.8,1.0
100100001000000000000100001010000101,4838,0.2188506422067548,-0.7219636845940995,1.0,0.6000000000000001
101000001010000011000100011110000101,1278,0.19376071353864205,-0.4691701855501532,0.6000000000000001,1.0
101001011000000001000100011010010101,2996,11.911643484622523,11.321690895321845,1.3877787807814457E-16,1.0
100000001110000000000100001011010101,4268,0.1104504606528274,-0.6058197217407059,0.8,1.0
101000001010000011000100001100000101,1110,0.02981911672570959,-0.6670974743304073,1.0,1.0
100100011000000000000100001010010101,9476,11.938218508452179,11.204099303032027,1.3877787807814457E-16,1.0
100100001010010000000100001000010101,4580,0.5540466199777234,-0.1428699710783936,0.20000000000000015,1.0
100101101000000000000101101010001101,3390,0.5275786231743163,0.026487578176218385,0.20000000000000015,1.0
000111001010000010000011111100011001,150,11.9118357955487,11.367370809079947,1.3877787807814457E-16,1.0
101100001000000001000101101010001101,8828,0.009939705575236527,-0.5706154278456519,1.0,1.0
101100001110000001001101101011001101,2668,0.5422109794780017,0.08048385636342675,0.20000000000000015,1.0
101000001111000001000100001110000101,9728,0.018883975448392546,-0.5832246426841103,1.0,1.0
101100011000000001000100001011010101,5804,11.919007243268402,11.324626204775084,1.3877787807814457E-16,1.0
100010001100000010000100001111000101,752,0.21418326696784992,-0.5323501723295708,0.6000000000000001,1.0
101000001110000001000100001010000101,9080,0.09366814175383731,-0.582182466614836,1.0,0.8
101000001000000011000100001100000101,1302,0.11244133205698842,-0.6560210932064626,1.0,0.8
101000001110000001000100011000010101,4066,0.10824849050853781,-0.608062973410106,0.8,1.0
100110011010000010001100000101110101,740,11.923463701109172,11.349659556233627,1.3877787807814457E-16,1.0
100111001000100000000100001010010101,6830,0.5485358310367985,-0.069590525908379,0.20000000000000015,1.0
001001001110000001000100001010010001,7130,0.3267809696766169,-0.13322478010569966,0.40000000000000013,1.0
101010001000000001000100001110000101,2278,0.03718127421479806,-0.7239677883528386,1.0,1.0
101100001000000001000100001110000101,3526,0.02981911672570959,-0.6670974743304074,1.0,1.0
001000001010000011000100001000010011,874,0.1962056789379768,-0.50071091211814,0.6000000000000001,1.0
101100001000100011000100011110110111,3392,11.92744889227612,11.270619493612,1.3877787807814457E-16,1.0
010111101010100010100101101011001011,382,11.89700114700784,11.420499657062123,1.3877787807814457E-16,1.0
001100001000000001000100101010000011,9418,0.32827412322973765,-0.3686424678263795,0.40000000000000013,1.0
100100001000000000000100001110000101,2032,0.12238103763222494,-0.7301635367239776,1.0,0.8
101110001000000001010101101010011101,9844,0.17415549573572683,-0.3456919457458185,0.6000000000000001,1.0
100100001010000000000100001100000101,2350,0.12238103763222494,-0.7301635367239776,1.0,0.8
100010001000100100000110001110000111,4680,11.945077500454165,11.074684808341434,1.3877787807814457E-16,1.0
100100001110000000000100001010010101,4574,0.1104504606528274,-0.605819721740706,0.8,1.0
101100001000000001000100001010010111,7358,0.56251040728778,-0.21654040507784056,0.20000000000000015,1.0
110110000000000010001100000110110100,480,11.926917209264918,11.29127433568525,1.3877787807814457E-16,1.0
101000001110000001000000001000010101,3430,0.05768080210452512,-0.5857389960660783,1.0,0.9
100000000000000000000100001100010100,6650,0.4488109853054306,-0.41882897423995724,1.0,0.30000000000000016
101101001010000001000100001000010101,2612,0.17632626778750374,-0.40422886563338467,0.6000000000000001,1.0
100010001000000000000100001010010101,5870,0.05430902662140502,-0.8599205865286285,1.0,1.0
101100001000000001000110001010110101,7670,11.934961151209425,11.150797473790917,1.3877787807814457E-16,1.0
101100001000000001000100001010000101,1874,0.10416095775273483,-0.6450643128962421,1.0,0.8
101100001000000001000100001110000111,1710,0.33673791053979424,-0.44231290182582633,0.40000000000000013,1.0
100010001000000000000111101010001101,8456,0.3416631558629289,-0.4872867209572029,0.40000000000000013,1.0
101010001000100001001101001010011111,8140,11.90001150202022,11.337080087024058,1.3877787807814457E-16,1.0
101100000000000001000100001110010100,4970,0.08585602159120276,-0.45688327597380995,1.0,0.8
110110000010111000010111000001111100,160,11.897181719862367,11.413149165057689,1.3877787807814457E-16,1.0
100010001000000000000100001000010101,2452,0.09719102074521484,-0.914710810471064,1.0,0.9
101100101000000001000101001010011111,8624,11.905828073303313,11.320374624779525,1.3877787807814457E-16,1.0
101110001000000001000100001110000101,9618,0.03556598075249552,-0.6807454831661482,1.0,1.0
101000001110000001000100001010010101,9174,0.01987941115047306,-0.6150959726776001,1.0,1.0
101100001000000001000101001010011101,6566,0.009939705575236527,-0.5706154278456519,1.0,1.0
100000001010000010000100001110010101,808,0.03776795089678512,-0.678502231496748,1.0,1.0
101010001010000001000100001110000101,1612,0.10129990776753686,-0.5982484393024486,0.8,1.0
101010001000000001000100001010010101,5754,0.03718127421479807,-0.7239677883528388,1.0,1.0
100101001000000000000100001010010101,5780,0.10250162648175187,-0.5944149645743649,0.8,1.0
101100001000000001010100001110000101,7268,0.08894918756002906,-0.4958370517670382,0.8,1.0
111000101110000011000110001000010101,3502,11.927091249871143,11.219818455177965,1.3877787807814457E-16,1.0
100100001010000000000100001010000101,988,0.20835782620785728,-0.6276010231863594,1.0,0.6000000000000001
100100001000000000000100001010010101,9312,0.049698527876182653,-0.8028460464800199,1.0,1.0
101000001001000001000100001000010101,1304,0.07407694022145245,-0.6943854850419986,1.0,0.9
101100001010000001100100001011000101,4440,11.911243294113197,11.336148916039862,1.3877787807814457E-16,1.0
101000001110000001000100001110010101,8626,0.018883975448392546,-0.5832246426841103,1.0,1.0
100100001110000010100100001010010101,8774,11.926095201222154,11.313682538923345,1.3877787807814457E-16,1.0
100110001000000000000100001100010101,954,0.05763748149909064,-0.8005865789298944,1.0,1.0
100010011000000000000100101111000101,938,11.939219479296817,11.229613108258677,1.3877787807814457E-16,1.0
101000001110000001001101001000111111,6638,11.908657968972431,11.298812629978562,1.3877787807814457E-16,1.0
100011001000010100000100101010000101,8054,11.919904734850931,11.251201332069707,1.3877787807814457E-16,1.0
100000001000000000000100001000110101,5460,0.1355554125807508,-0.8763464186355279,1.0,0.8
111000011000000001000100101011010101,7578,11.927385666194033,11.257354366558191,1.3877787807814457E-16,1.0
000100001000000000000100001000110001,8450,0.1306978805947811,-0.7239862793976392,1.0,0.8
101010001110011001000100001010010101,1512,11.893259817887209,11.391742416440142,1.3877787807814457E-16,1.0
101100001000000001000100001110000101,3870,0.02981911672570959,-0.6670974743304074,1.0,1.0
100100001000000000000100001000000101,8258,0.3614119024974132,-0.7097124318807841,1.0,0.40000000000000013
101100001000000011000100001010010101,4852,0.028325963172588835,-0.62726605832498,1.0,1.0
100011001000000010100100101111010101,1018,11.922478873864803,11.341863699967652,1.3877787807814457E-16,1.0
101010001000000001000100001010010101,2024,0.03718127421479807,-0.7239677883528388,1.0,1.0
100111001000000000001101100010011101,6916,11.899118349108166,11.416288388173042,1.3877787807814457E-16,1.0
100010001000000000000101101010001101,4148,0.03718127421479806,-0.7239677883528386,1.0,1.0
010101000010101100111101011011001000,236,11.934935830140265,11.54466146053128,1.3877787807814457E-16,1.0
101111001000000001010101100010011101,8856,11.910847214682418,11.462695541309253,1.3877787807814457E-16,1.0
100010001000000000000110001111010101,2544,11.946264294823262,11.095827155823176,1.3877787807814457E-16,1.0
101010001000000001000100001110010111,8254,0.5659288365742291,-0.21823484084427847,0.20000000000000015,1.0
101010001000001001000100101010010101,8524,0.32276333428881276,-0.2953630226563649,0.40000000000000013,1.0
101000011010000001000100001010010101,834,11.912143793335602,11.3100351752031,1.3877787807814457E-16,1.0
101000000000000001000100001110000100,7746,0.24108565836229232,-0.3829388795889489,1.0,0.5000000000000001
100100001000000000000100011110010101,3378,0.3482417250503634,-0.4427351867000296,0.40000000000000013,1.0
101001000000011011001101001110011100,718,12.001240065573418,11.611169089244555,1.3877787807814457E-16,1.0
101100001000000001000100001110000101,2628,0.02981911672570959,-0.6670974743304074,1.0,1.0
101100001001000001000100001010010101,9590,0.028325963172588835,-0.62726605832498,1.0,1.0
101100001000000001100100011110000101,5818,11.925982598917143,11.277248466811042,1.3877787807814457E-16,1.0
111100001110000001000100001010010101,7980,11.922691080246791,11.236987207575318,1.3877787807814457E-16,1.0
100100001000000000000000001000010101,8816,0.17458318044935434,-0.7414981516163526,1.0,0.7000000000000001
100100001000000000000100001000010101,2820,0.059638233451419186,-0.8937847873379051,1.0,1.0
101100101000001001100101101010001101,9128,11.908038865483565,11.47047304193263,1.3877787807814457E-16,1.0
101000001010000001000100001010010101,6980,0.09366814175383732,-0.5821824666148361,1.0,0.8
100100001000010000000100001010010101,4004,0.5540466199777234,-0.1428699710783935,0.20000000000000015,1.0
100010001000000000001100001010010101,4978,0.3356362807188261,-0.42551278184881053,0.40000000000000013,1.0
100010001101000010100100001000010101,3644,11.944497467260991,11.221177563095168,1.3877787807814457E-16,1.0
101100001000000001100100101010100101,8690,11.925982598917143,11.277248466811042,1.3877787807814457E-16,1.0
000011001010000010100111111101101011,212,11.925749731172655,11.291762043676465,1.3877787807814457E-16,1.0
101100001000000001000100001010010101,8914,0.02981911672570959,-0.6670974743304074,1.0,1.0
101010001010000001000100001001010101,7182,0.20195254296476273,-0.5143589209538811,0.6000000000000001,1.0
101100001000000001000100001110100101,1408,0.10824849050853781,-0.608062973410106,0.8,1.0
100010001010000000000100001010010101,2414,0.11842766017414383,-0.7134269346482035,0.8,1.0
100000001110000000000101101010001101,2180,0.019879411150473054,-0.6150959726776,1.0,1.0
101100001011000011100100101110000101,974,11.908992598990013,11.392219981499462,1.3877787807814457E-16,1.0
001100001000000001000100001010010001,9884,0.014162981586294431,-0.563444446752398,1.0,1.0
010111001010111000010111001110101001,368,11.900815631934696,11.429175754607972,1.3877787807814457E-16,1.0
101000001110000001000100001101010101,2816,0.09965772409502409,-0.5224386562560481,0.8,1.0
101100101000000001000101101010001101,5372,0.07603362967834472,-0.42505741531975316,0.8,1.0
100100001010000000011100001000010101,6836,0.31472168430801484,-0.2700645550190525,0.40000000000000013,1.0
001000001000000001000100001010010001,9268,0.3137681681183345,-0.31025636983290666,1.0,0.40000000000000013
101100001000001001000100001110010101,7324,0.18184889647336264,-0.37706224454794857,0.6000000000000001,1.0
101100001000000011000100001010010101,8176,0.028325963172588835,-0.62726605832498,1.0,1.0
101100001000000001000100001110000101,2678,0.02981911672570959,-0.6670974743304074,1.0,1.0
101010001000000011010100001010010101,3912,0.32276333428881276,-0.2953630226563649,0.40000000000000013,1.0
100100001000000000000101101010011101,9806,0.02832596317258884,-0.62726605832498,1.0,1.0
101100101100000001000100001010010101,5266,0.3139173407651235,-0.2449938002561876,0.40000000000000013,1.0
100010010101000100110001100110111110,0,11.948810882810681,11.45305901533511,1.3877787807814457E-16,0.9
001100001000000001000100001010010001,1574,0.014162981586294431,-0.563444446752398,1.0,1.0
100010001000000000000100001010000101,2340,0.1295754315102834,-0.8738730162920946,1.0,0.8
101000101110000001001100001010010111,2810,11.898249344090853,11.350424473466061,1.3877787807814457E-16,1.0
100010001000000000000100001000010101,6068,0.09719102074521484,-0.914710810471064,1.0,0.9
100010001000011000000100101010000101,2078,11.918659611865868,11.270970043889587,1.3877787807814457E-16,1.0
101100001000000001000100001000010101,9026,0.03975882230094612,-0.7287036029625051,1.0,1.0
101000000110000001000101001010111100,9804,0.07983292578791808,-0.406683063957685,0.8,1.0
101000001110000001000100001010010101,2858,0.01987941115047306,-0.6150959726776001,1.0,1.0
101010001010000011000100001010010101,6600,0.19376071353864202,-0.46917018555015333,0.6000000000000001,1.0
101100001000000001000001101010001101,8688,0.0,-0.523387879643664,1.0,1.0
100000001010000010001100001010010101,3338,0.18626597336274028,-0.44870941046533264,0.6000000000000001,1.0
000110001110010110000110011011100011,254,11.934507998372816,11.223737186578212,1.3877787807814457E-16,1.0
100100001000000000000101101010101101,3506,0.20195254296476273,-0.514358920953881,0.6000000000000001,1.0
101101001100000001000100001110000101,6182,0.5336694909762101,-0.02073443583264989,0.20000000000000015,1.0
100000001000000000000100000000010101,9676,0.8122639411645788,-0.23192834481334546,1.0,0.10000000000000014
101000001110001101000110001000010101,2216,11.925851262373092,11.23576587268686,1.3877787807814457E-16,1.0
101100001000000001000100001100000101,1578,0.11244133205698842,-0.6560210932064628,1.0,0.8
100100001000000000000100101010010101,1598,0.0472099386209814,-0.7388530201040999,1.0,1.0
101000001110000001000100000100010101,4232,0.02199980357819297,-0.5824060853872669,1.0,1.0
101100001000000001000100001110010101,2358,0.028325963172588828,-0.62726605832498,1.0,1.0
101000101111010011000100011000010101,3618,11.90072132972252,11.395769948693541,1.3877787807814457E-16,1.0
101010001000000001000100001010010111,4820,0.5674356526109147,-0.2615142242092171,0.20000000000000015,1.0
011000010010100001100111001001011010,350,11.9040873417678,11.386852604345705,1.3877787807814457E-16,1.0
101100000000000001000101100010001100,3556,0.03596695245197572,-0.402764136034744,1.0,1.0
101000001100100001000101101010001101,1466,0.16973768213456966,-0.3313533628635281,0.6000000000000001,1.0
110010001000000000000100001010010101,2166,0.22322151599404946,-0.7435803415795653,0.6000000000000001,1.0
111011111000001001000100001110000101,1308,11.903620714110149,11.369116243336036,1.3877787807814457E-16,1.0
101100001010000001000101101010011101,9484,0.0,-0.5114106250106643,1.0,1.0
100010001000000000000100001011010101,9142,0.12463214936077924,-0.7209140255920441,0.8,1.0
100100011010000010101111100000111101,424,11.91304540713235,11.37480193209253,1.3877787807814457E-16,1.0
101010001000000001000100001000010101,2592,0.08006326833860787,-0.7517913264837395,1.0,0.9
101100001100000011011100001000010101,8800,11.899109048260636,11.399889824579857,1.3877787807814457E-16,1.0
100110001000111000000111000001001111,156,11.914810492298168,11.302479115063502,1.3877787807814457E-16,1.0
100100001000000000000100001010010101,2092,0.049698527876182653,-0.8028460464800199,1.0,1.0
100010001000000000000100001010010101,6508,0.05430902662140502,-0.8599205865286285,1.0,1.0
000100001000000000100100001010010001,9444,0.5611673095038268,-0.0734782423116912,0.20000000000000015,1.0
101110001000000001000100001000010101,5696,0.04375781017861623,-0.7328520114198975,1.0,1.0
101010001110100001000100001010010101,3038,0.540433055108537,-0.03526690150244327,0.20000000000000015,1.0
100101001000000000000100001000010101,7222,0.11244133205698842,-0.6560210932064626,0.8,1.0
100000001010100010010100001100110101,618,0.3265833707763634,-0.2698046131479404,0.40000000000000013,1.0
101100001000000001000101101010001101,8106,0.009939705575236527,-0.5706154278456519,1.0,1.0
100100001000100000000100001010010101,3090,0.2022710377425432,-0.4963797218971969,0.6000000000000001,1.0
100100001000000000000111101010001101,2572,0.56251040728778,-0.21654040507784023,0.20000000000000015,1.0
100100001000000000000101001000011101,9344,0.03975882230094612,-0.7287036029625051,1.0,1.0
001100001000000001000100001110000001,3496,0.08684549134233671,-0.49076193699635573,1.0,0.8
101100001000000001000100101100000101,4762,0.1104504606528274,-0.6058197217407059,0.8,1.0
101010001000000001100100001100010101,4220,0.564487246144772,-0.13054395388129847,0.20000000000000015,1.0
101000101110000001000100101100010101,2136,0.538961291255201,0.0016517877683630555,0.20000000000000015,1.0
100100001010000010001100101110110101,468,11.917477632214853,11.33273250155482,1.3877787807814457E-16,1.0
100100001000000000000101101011011101,1990,0.09965772409502409,-0.5224386562560482,0.8,1.0
100010011001100000000100001100000101,2124,11.938028888899074,11.241547687136485,1.3877787807814457E-16,1.0
100000001010000010000100001111010101,608,0.10864946220801801,-0.5660153947303722,0.8,1.0
101100001000000001000100001010010101,7254,0.02981911672570959,-0.6670974743304074,1.0,1.0
001100001000000101000101101010001001,9522,0.07639305820260227,-0.4407664469891295,0.8,1.0
100110001000000000000101101010001101,4012,0.03556598075249552,-0.6807454831661481,1.0,1.0
101000001111000001000100001010010101,9044,0.018883975448392546,-0.5832246426841103,1.0,1.0
100010001110000000000100001010010101,1618,0.21014437239088346,-0.5664654492076304,0.6000000000000001,1.0
101100000000000001000100001010010100,3342,0.08684549134233673,-0.49076193699635573,1.0,0.8
100010001000000000011100001111000111,944,11.925851262373092,11.23576587268686,1.3877787807814457E-16,1.0
101000001110000001000110001110010101,9326,11.922691080246791,11.236987207575318,1.3877787807814457E-16,1.0
100100001001000000000100001110000101,4306,0.0472099386209814,-0.7388530201040999,1.0,1.0
101100001001100001000100011110000101,4244,11.916566618457589,11.323367596744554,1.3877787807814457E-16,1.0
100100001000000000010100001000010101,2804,0.11837588414946287,-0.6499840479750288,0.8,1.0
101000001110000001000000001010000101,4320,0.08513529798895814,-0.5320965327379856,1.0,0.8
010110110010100000000100001110000000,346,11.899508319288586,11.443288789044374,1.3877787807814457E-16,1.0
100100001110000000100100001000010101,4662,11.93617219352253,11.243803111501009,1.3877787807814457E-16,1.0
101000001110000001000100001010010101,9368,0.01987941115047306,-0.6150959726776001,1.0,1.0
100110001100000000000100001010110101,4796,0.35007525163052955,-0.4444072433881277,0.40000000000000013,1.0
101100001000000001000100001010010101,4782,0.02981911672570959,-0.6670974743304074,1.0,1.0
010111001010001110001111110001001001,378,11.907238620813564,11.366875493556682,1.3877787807814457E-16,1.0
101000001110000001000100001010010101,6442,0.01987941115047306,-0.6150959726776001,1.0,1.0
111110001000100001000100001000010101,6520,11.932369551270268,11.197761679287508,1.3877787807814457E-16,1.0
100100001000010000000110000010010111,6784,11.934466740713612,11.12310897661106,1.3877787807814457E-16,1.0
101100001101000001000100001000010111,6016,0.566716448010897,-0.1831652584744896,0.20000000000000015,1.0
101100001000000001010100101001010101,6906,0.3220733521369764,-0.2570017429405214,0.40000000000000013,1.0
101100001000000001000100001010010111,2632,0.56251040728778,-0.21654040507784056,0.20000000000000015,1.0
101100000000000001100001101010011100,6394,0.5521930759506494,0.15204832777852445,0.20000000000000015,1.0
100010001110010000000100001010010101,8872,11.920633969213585,11.257703070124789,1.3877787807814457E-16,1.0
100100001010000000000101101010001101,930,0.019879411150473054,-0.6150959726776,1.0,1.0
100000001010100010011100001110110101,608,11.898321805160368,11.406370610259563,1.3877787807814457E-16,1.0
101010001000010001000100001110000101,7304,11.9133133396954,11.268125323131146,1.3877787807814457E-16,1.0
101100001000000101100100101010010101,6230,11.924724914575508,11.302114532540902,1.3877787807814457E-16,1.0
101100001000001001000100001000010101,9576,0.19246213887939861,-0.44564938146517186,0.6000000000000001,1.0
100100001000000000000100101010010101,4466,0.0472099386209814,-0.7388530201040999,1.0,1.0
101100001000000001000100001010010101,8326,0.02981911672570959,-0.6670974743304074,1.0,1.0
100010001000000000000100001010010111,2310,0.5810624570337961,-0.3857394005398187,0.20000000000000015,1.0
101100001000000001010101111010001111,2876,11.91281468457874,11.300541804528509,1.3877787807814457E-16,1.0
101010001000000001000101101010001101,8752,0.020053521808191095,-0.6251344947560631,1.0,1.0
100100001000010000000100001011010101,5370,11.921585781059798,11.26599375956223,1.3877787807814457E-16,1.0
100110001000000000000100001110110101,528,0.12430275488254375,-0.6701797401361135,0.8,1.0
100100001000000000000100001010010101,6446,0.049698527876182653,-0.8028460464800199,1.0,1.0
001100001000000001000101101010001001,7460,0.014162981586294417,-0.46817489978556276,1.0,1.0
101000001101100101010100001110000101,2860,11.906010597493427,11.381966169399506,1.3877787807814457E-16,1.0
101100001001000011010100101000010101,7838,0.32101058984256803,-0.23564700767580998,0.40000000000000013,1.0
101100001000000001000101101010001101,4504,0.009939705575236527,-0.5706154278456519,1.0,1.0
101100011000000001000101101010001101,8908,0.5332192413650078,5.629468851962027E-4,0.20000000000000015,1.0
100010001000000000000100001110000101,1684,0.05430902662140502,-0.8599205865286285,1.0,1.0
101000001110100011100100001010010101,3780,11.898845848560335,11.414484706672857,1.3877787807814457E-16,1.0
101110001000010001000100001000010101,7404,0.5516016545783886,-0.1113292445104066,0.20000000000000015,1.0
100100011000000000000100101000010101,9502,0.5757223540144002,-0.17491578694921617,0.20000000000000015,1.0
001010001000000001000100001010010001,5732,0.026986894522177122,-0.6389929830975298,1.0,1.0
101100001000001001000101101010001101,5904,0.07603362967834472,-0.42505741531975316,0.8,1.0
101100001000000001000100001010010101,3070,0.02981911672570959,-0.6670974743304074,1.0,1.0
101100001001000001000100001010010101,5802,0.028325963172588835,-0.62726605832498,1.0,1.0
100100001000000000000100101000010101,7192,0.056651926345177676,-0.8109880332002102,1.0,1.0
001110000000000001000000001110000000,9634,0.08666847307322752,-0.33461966549419364,1.0,0.8
100100001000000000000100001010010111,5098,0.5778235689020864,-0.34179254562323835,0.20000000000000015,1.0
101100001000000001000100001010010101,9512,0.02981911672570959,-0.6670974743304074,1.0,1.0
010111010111000100011100110010100000,0,11.899508336466283,11.444470657428953,1.3877787807814457E-16,1.0
001100001000001001000100001000010001,8746,0.175537018020285,-0.34362310022197595,0.6000000000000001,1.0
100010001000000000000110011010000101,2556,0.5836587478831299,-0.42432438605947953,0.20000000000000015,1.0
100100011110000000000100001110000101,3726,11.927589718395467,11.286896057169722,1.3877787807814457E-16,1.0
100100001000000000000100001000010111,6288,0.3597076529612539,-0.6475415744103177,0.40000000000000013,1.0
111100101000000001000100001010010101,7774,0.32618072034505147,-0.3457533361282969,0.40000000000000013,1.0
100110001000111000010111000110001101,130,11.898102428374544,11.427747161079244,1.3877787807814457E-16,1.0
101011001000000001000000001110010101,7916,0.08521267713832123,-0.48477865098203143,0.8,1.0
100110001000000010000100001110110101,532,0.2162308403475632,-0.5394261771254251,0.6000000000000001,1.0
101000001000000001000101101010001101,3884,0.0831753257549398,-0.5294312413293499,1.0,0.8
110110100000110100011010001110010100,0,11.897181719862367,11.413149165057689,1.3877787807814457E-16,1.0
101000001000000111010100001010010101,4886,0.09699083754082698,-0.5211355194043507,0.8,1.0
101000001100000001000100001011010101,8506,0.10100847292863113,-0.5545835485689377,0.8,1.0
101100001000000011000100001010010101,2916,0.028325963172588835,-0.62726605832498,1.0,1.0
100100001000000000010101000010011111,7894,11.915990892391406,11.284383707897955,1.3877787807814457E-16,1.0
101000001000000001000001101010011101,9046,0.11617646998930736,-0.4072114096543565,1.0,0.7000000000000001
101010001000000001000100001000010101,1924,0.08006326833860787,-0.7517913264837395,1.0,0.9
001110110110111011001111000000101000,0,11.955228224553503,11.586098142092764,1.3877787807814457E-16,1.0
001100001000000001000100001010010001,8734,0.014162981586294431,-0.563444446752398,1.0,1.0
101100001000000001001101101100011101,2432,11.893259817887209,11.399253124068691,1.3877787807814457E-16,1.0
100100001110000000000100001100000101,4924,0.11989244837702369,-0.6661705103480576,0.8,1.0
101000001000000001000100001100010101,5798,0.11244133205698842,-0.6560210932064626,1.0,0.8
100110000001100100000101000110011100,648,11.905402753652307,11.421403187971093,1.3877787807814457E-16,1.0
100000001110000000000101101010001101,4678,0.019879411150473054,-0.6150959726776,1.0,1.0
101100001000000001000100001010010101,9472,0.02981911672570959,-0.6670974743304074,1.0,1.0
101100001000000001000101101010001101,9992,0.009939705575236527,-0.5706154278456519,1.0,1.0
001000001010000011000100001111010001,544,0.07268250975604232,-0.39372526601657676,0.8,1.0
101100001010000001000100001110010101,7330,0.018883975448392546,-0.5832246426841103,1.0,1.0
100000011111000000000100001110000101,6418,11.927589718395467,11.286896057169722,1.3877787807814457E-16,1.0
100100001000000000000110001000010101,9374,0.3597076529612539,-0.6475415744103179,0.40000000000000013,1.0
101100001101000001000100001000010101,5990,0.10864946220801802,-0.5660153947303723,0.8,1.0
101100001000000001000110011000010101,6870,0.5725046321334776,-0.2675204185591,0.20000000000000015,1.0
100110100110000100000001000100001100,692,11.89704807969253,11.449818804134924,1.3877787807814457E-16,1.0
101000001110000001001101001011011101,3382,11.912143793335602,11.43791680214232,1.3877787807814457E-16,1.0
110110011000000000000100001010010101,1436,11.944536364973125,11.137962845007197,1.3877787807814457E-16,1.0
101100001000101001000100001000010101,6898,0.5369752998904631,-0.005241070858785335,0.20000000000000015,1.0
100100001000000000000100001000010101,7010,0.059638233451419186,-0.8937847873379051,1.0,1.0
101000001100000001000100001110000111,986,0.33673791053979424,-0.4423129018258262,0.40000000000000013,1.0
001100001000000001000100001010010001,9772,0.014162981586294431,-0.563444446752398,1.0,1.0
100100001000000000000101101010111111,3444,11.933555889296658,11.187073331655172,1.3877787807814457E-16,1.0
101100101000010001000100001010010101,5526,11.89661093780951,11.395519892811414,1.3877787807814457E-16,1.0
100100001000000000000100001000000101,7602,0.3614119024974132,-0.7097124318807841,1.0,0.40000000000000013
101000001011000011000101101110001101,898,0.16638656221226722,-0.3276201316062501,0.6000000000000001,1.0
101000001110000001000100001010010101,9012,0.01987941115047306,-0.6150959726776001,1.0,1.0
101100001000000001000100001010010101,8888,0.02981911672570959,-0.6670974743304074,1.0,1.0
110110000000111000010111001110001100,250,11.89528879250667,11.399047909115211,1.3877787807814457E-16,1.0
101100101000000001000100011110000101,5762,11.917568145671995,11.299441788726817,1.3877787807814457E-16,1.0
101100001111000001010100010010010101,7036,11.90166168971359,11.40525768682858,1.3877787807814457E-16,1.0
101010001000000001000100001000010101,4018,0.08006326833860787,-0.7517913264837395,1.0,0.9
101101001000000001000000001010010101,7702,0.07268250975604229,-0.45070536988762167,0.8,1.0
101101100110000001000100001010010100,3072,11.936516439580696,11.525576603090492,1.3877787807814457E-16,1.0
100100001000000000000100001010010101,7176,0.049698527876182653,-0.8028460464800199,1.0,1.0
100100001000000000000100001000010101,9504,0.059638233451419186,-0.8937847873379051,1.0,1.0
001100001000000001000100001010010001,9660,0.014162981586294431,-0.563444446752398,1.0,1.0
001000001010000001000100001100010001,2396,0.08684549134233671,-0.4907619369963556,1.0,0.8
101000001110100001000100001010010101,4942,0.07914028869688446,-0.45809801320886445,0.8,1.0
010110111000111000010111000001001011,176,11.89858677143116,11.412096929149195,1.3877787807814457E-16,1.0
110110100000010100011111010011001110,144,11.908971238911464,11.337373531864028,1.3877787807814457E-16,1.0
100100001000000000010111000010011101,7386,0.546958577756211,-0.08464860673723962,0.20000000000000015,1.0
101100101000000001000101001110001101,1516,0.16973768213456963,-0.33135336286352834,0.6000000000000001,1.0
101010001000000001000100001010010101,7862,0.03718127421479807,-0.7239677883528388,1.0,1.0
100100001010000000000100001000000101,8652,0.2188506422067548,-0.7219636845940995,1.0,0.6000000000000001
101100001000000001000101001100011101,9404,0.018883975448392553,-0.5832246426841102,1.0,1.0
101000011010100001100100101110000101,9140,11.898605315485714,11.427087413464259,1.3877787807814457E-16,1.0
101100011000000001100100011010110101,6262,11.927755732159447,11.304768483256415,1.3877787807814457E-16,1.0
001100001000000001000100001010010001,2488,0.014162981586294431,-0.563444446752398,1.0,1.0
101101001000000001000100001000010101,8770,0.18626597336274028,-0.44870941046533286,0.6000000000000001,1.0
100010001000000000000100001000110101,2386,0.09713311370611584,-0.8778226521504976,1.0,0.9
101010001000000001000100001011010101,7790,0.10824849050853781,-0.6080629734101061,0.8,1.0
101000101110100001000100101000010101,2898,11.89617637687275,11.41246840547511,1.3877787807814457E-16,1.0
101100001000000001000100001110000101,8028,0.02981911672570959,-0.6670974743304074,1.0,1.0
100100001000000000000100001000010101,8334,0.059638233451419186,-0.8937847873379051,1.0,1.0
100100001000000010001100001010010101,9842,0.19471252538485606,-0.4608794961127127,0.6000000000000001,1.0
101010001001000011000100001110010101,3930,0.19910934324220067,-0.44962478886390045,0.6000000000000001,1.0
100010001000000000000100001010010101,5056,0.05430902662140502,-0.8599205865286285,1.0,1.0
100100001000000000000100001011010101,8216,0.11989244837702369,-0.6661705103480575,0.8,1.0
100100001010000000000100000000010101,6234,0.11940787812407987,-0.6878429130754004,1.0,0.8
101000001010000001000100001110010101,1102,0.09256192090651534,-0.5424134629215578,1.0,0.8
101100001000000001000101001100011101,3564,0.018883975448392553,-0.5832246426841102,1.0,1.0
101010001000000001000101001011011111,8046,11.921809560090928,11.232998757568174,1.3877787807814457E-16,1.0
101010001000000001000100100010000101,4842,0.06715348639222582,-0.650809167021855,1.0,0.9
101100001010000011010100001110000101,1442,0.07882096886679518,-0.4377874503104979,0.8,1.0
101110001000100001000100001000010101,8464,0.3308661102170743,-0.3341732302327424,0.40000000000000013,1.0
010101000011101100111101001011101000,0,11.933279923038706,11.54720836215502,1.3877787807814457E-16,1.0
101100001000000001000100001010010101,5446,0.02981911672570959,-0.6670974743304074,1.0,1.0
101000001110000001000100101010010101,4330,0.018883975448392546,-0.5832246426841103,1.0,1.0
100100001000000100000100001110000101,9122,0.12463214936077924,-0.720914025592044,0.8,1.0
100000001010000010000100001100000101,1112,0.12238103763222494,-0.7301635367239775,1.0,0.8
101100001000000001000101101010011101,9758,0.009441987724196273,-0.5449619390846638,1.0,1.0
100010001000000000000100001010000101,2076,0.1295754315102834,-0.8738730162920946,1.0,0.8
000010001110000000000100001010110001,2674,0.33970318698963403,-0.3710676248049685,0.40000000000000013,1.0
101100001000000001100101101011001101,6380,11.901842293014273,11.387559244375408,1.3877787807814457E-16,1.0
000110001000000000000000001110010001,730,0.04056563188681442,-0.6165716713147308,1.0,1.0
100110001000010000000100011010010101,5078,11.93285377730568,11.202610721139022,1.3877787807814457E-16,1.0
111100001000000001000100100110010101,9454,0.33014741182389706,-0.3337968252828974,0.40000000000000013,1.0
000100001010000010000100001110110011,202,0.564487246144772,-0.13054395388129847,0.20000000000000015,1.0
101100001000000001000101001000011101,3158,0.019879411150473054,-0.6150959726776,1.0,1.0
101010101010000011000100000111000111,962,11.914134059523244,11.321506751622342,1.3877787807814457E-16,1.0
100101001000000100000101101010001101,6272,11.912442139787464,11.297265891347447,1.3877787807814457E-16,1.0
100100001000000000001101101010001101,7284,0.17632626778750374,-0.40422886563338456,0.6000000000000001,1.0
100010001000000000000101001000001101,1738,0.27369409330901273,-0.6283104579838223,1.0,0.5000000000000001
100010001000000000000101001110011101,1032,0.03556598075249552,-0.6807454831661484,1.0,1.0
101000001010000011000100001110110101,860,0.09891693944411165,-0.533571710923279,0.8,1.0
100100001000000100000100001000010101,6614,0.13282397878689994,-0.7926386301053575,0.8,1.0
101100001010000001000110001010010101,5580,11.923886141115823,11.202447842313948,1.3877787807814457E-16,1.0
100010001001000000000100001000010101,8322,0.09445958695136397,-0.8310030219408935,1.0,0.9
101100001000000001000100001010010101,1504,0.02981911672570959,-0.6670974743304074,1.0,1.0
101100001000000001000100001100010101,2704,0.03776795089678511,-0.6785022314967482,1.0,1.0
101100101000000001010100001110010101,3516,0.30137156548956856,-0.18233640590807032,0.40000000000000013,1.0
101000001110000011100101001000011101,3838,0.5328099783790782,0.01852692974021286,0.20000000000000015,1.0
101100001000000001000100001110000101,9556,0.02981911672570959,-0.6670974743304074,1.0,1.0
001111001000000001000100001010010011,3128,11.912442139787464,11.297265891347447,1.3877787807814457E-16,1.0
101010001000000001000100001110010101,2440,0.03556598075249552,-0.6807454831661484,1.0,1.0
100100001000000000000100001000010101,4606,0.059638233451419186,-0.8937847873379051,1.0,1.0
100100001000000000000101101010001101,4482,0.02981911672570959,-0.6670974743304074,1.0,1.0
101000011000000001000100001110000101,7700,0.5525534664246027,-0.10303855507296611,0.20000000000000015,1.0
101110101000000011000100001000010101,6538,0.19746229630610573,-0.4376007732920486,0.6000000000000001,1.0
101000001110000001000100001010010101,8116,0.01987941115047306,-0.6150959726776001,1.0,1.0
101010001000000001000100001010010101,6960,0.03718127421479807,-0.7239677883528388,1.0,1.0
100100001000000000000100001010010101,6036,0.049698527876182653,-0.8028460464800199,1.0,1.0
101100001000000001000100001110010101,1928,0.028325963172588828,-0.62726605832498,1.0,1.0
101100001000000001000100001110100101,4326,0.10824849050853781,-0.608062973410106,0.8,1.0
100101011010000000000100101000010101,6464,11.919007243268402,11.324626204775084,1.3877787807814457E-16,1.0
101100001000001001001100001010010101,7780,11.89661093780951,11.395519892811414,1.3877787807814457E-16,1.0
000100001010000000001100001000110001,6896,0.3238874839074596,-0.30011130532210134,0.40000000000000013,1.0
100100001000100000100100101010010111,2518,11.931528654618527,11.259806426014126,1.3877787807814457E-16,1.0
000110001110010110000101100011001011,326,11.904912937415432,11.390698860152273,1.3877787807814457E-16,1.0
101100001000000001000001101010011101,6880,0.0,-0.5006226439340284,1.0,1.0
111001100011110011001011110000001110,0,11.954703114273284,11.508435121243359,1.3877787807814457E-16,0.9
101110000000000011010100011101010100,4270,11.918809356635876,11.374631511032094,1.3877787807814457E-16,1.0
100110001000001000000101101110001101,8868,0.32176180707440694,-0.2714372146386272,0.40000000000000013,1.0
101100001000000001000100001010010101,4870,0.02981911672570959,-0.6670974743304074,1.0,1.0
101010001000000001000100001000010101,7390,0.08006326833860787,-0.7517913264837395,1.0,0.9
100110001000001010010100001010010101,4722,11.921388182159545,11.32500019823524,1.3877787807814457E-16,1.0
100000001010000000000101101011001101,1394,0.09256192090651535,-0.5424134629215577,1.0,0.8
101000001110000001000100011010010111,6014,11.928385355650176,11.194306662879,1.3877787807814457E-16,1.0
100010001000001000000100011001110111,9888,11.94767002817336,11.114420029807563,1.3877787807814457E-16,1.0
101000001010000011000100001100000101,1132,0.02981911672570959,-0.6670974743304073,1.0,1.0
100100001001000000000100001000010101,3926,0.056651926345177676,-0.8109880332002102,1.0,1.0
101100001000000001000100001111010101,4538,0.09965772409502409,-0.5224386562560481,0.8,1.0
101000001110000001000100000011010101,3298,0.08368241154513878,-0.4657439722312958,0.8,1.0
100000001000000010000101101010001101,9156,0.02981911672570959,-0.6670974743304074,1.0,1.0
100010001100000010100100001000010101,3662,11.946466761657472,11.186257726901859,1.3877787807814457E-16,1.0
100011001110011000000100001010010101,4326,11.893259817887209,11.391742416440142,1.3877787807814457E-16,1.0
100100001000000000000100001110000101,6080,0.12238103763222494,-0.7301635367239776,1.0,0.8
101000001100000001001101101010001101,5072,0.3083947120792646,-0.20006034173819304,0.40000000000000013,1.0
000110001000000000000100101110110001,816,0.34423412877032356,-0.3451383986235254,0.40000000000000013,1.0
011100001000000001000100001010010001,9164,0.10250162648175187,-0.594414964574365,0.8,1.0
101010001000000001000101001010011101,5828,0.02005352180819111,-0.6251344947560632,1.0,1.0
001100001000000001000100001000110001,3634,0.10897595163790956,-0.5799817348085298,1.0,0.8
100000001000000000000100001100000101,1564,0.3614119024974132,-0.7097124318807839,1.0,0.40000000000000013
011000111010110101111000001110110011,286,11.906001552825431,11.477461684814884,1.3877787807814457E-16,1.0
101100001100000001000100011010000101,8428,0.20195254296476273,-0.5143589209538809,0.6000000000000001,1.0
111101001010000001000000001010010101,7856,0.5328775282950564,-0.048614281784170155,0.20000000000000015,1.0
101100001110010001000100000110010101,2184,11.90365340176439,11.440225079769005,1.3877787807814457E-16,1.0
100000001000001010100100001111010101,666,11.922963587484762,11.348170329583642,1.3877787807814457E-16,1.0
101000001110000001001100001110010101,1456,0.29845500650402806,-0.2129556185066362,0.40000000000000013,1.0
101000001110000001000100001010010101,3994,0.01987941115047306,-0.6150959726776001,1.0,1.0
101010001000000001000100001000010101,9516,0.08006326833860787,-0.7517913264837395,1.0,0.9
001000001010000001000100001100000001,2470,0.18169972382657368,-0.4423248141246675,1.0,0.6000000000000001
101010001000000001000100001010010101,2090,0.03718127421479807,-0.7239677883528388,1.0,1.0
101010001000000001000100001000010101,7554,0.08006326833860787,-0.7517913264837395,1.0,0.9
001000001010000011001110001111110011,388,11.913801076557863,11.310460825187475,1.3877787807814457E-16,1.0
100100001000000000000100001110110101,6310,0.12246922830237761,-0.6685076834480154,0.8,1.0
101000001000000001000101101010011101,6610,0.08262221533127882,-0.4979329180896097,1.0,0.8
001000001110001001000100001010010001,8568,0.18503386671619204,-0.2655474213009338,0.6000000000000001,1.0
100100000011000000000101001110001100,1020,2.2204460492503132E-17,-0.4863099392777858,1.0,1.0
100100001000000000100111101010001101,3424,11.928667271852945,11.228335625023163,1.3877787807814457E-16,1.0
100010001000000000000100001000000101,3198,0.2916367436954412,-0.8357111149636064,1.0,0.5000000000000001
101100001001000001000100001000010101,7216,0.03776795089678512,-0.6785022314967482,1.0,1.0
101100001000000001000100101001010101,7168,0.10864946220801802,-0.5660153947303725,0.8,1.0
100010000000000000000000001010010100,2192,0.2723331986918627,-0.5100154026147564,1.0,0.5000000000000001
100010001000000000000100001110000111,2114,0.3552899602858103,-0.6115118972878044,0.40000000000000013,1.0
101110001000000011000101101110011101,7746,0.18335709417925716,-0.3665382737828433,0.6000000000000001,1.0
111000001110000001000100001010010101,7604,0.5548538264806268,-0.16658447232124773,0.20000000000000015,1.0
101100001000001001000101101010011101,6084,0.16957197825185685,-0.3148781533558708,0.6000000000000001,1.0
101100111110000001100100001010010101,4978,11.898384641855696,11.438079777755119,1.3877787807814457E-16,1.0
100100001011000000000101101010001101,6458,0.018883975448392567,-0.5832246426841103,1.0,1.0
100010101000000000000101101010001101,5148,0.09808230373470078,-0.5496072642415792,0.8,1.0
101000001110000001000100001010010111,8680,0.5548538264806268,-0.16658447232124785,0.20000000000000015,1.0
000110001110011100101011011101001001,176,11.897219488531896,11.433377416949034,1.3877787807814457E-16,1.0
101100001000000001000100001011010101,8472,0.10100847292863113,-0.5545835485689377,0.8,1.0
100100001000000000000100011010010101,6190,0.21833620181700417,-0.6272099731358192,0.6000000000000001,1.0
100000001110000000100100001010010101,5236,0.5601944557039896,-0.11447040123440078,0.20000000000000015,1.0
100100001000100000000100001010010101,7048,0.2022710377425432,-0.4963797218971969,0.6000000000000001,1.0
100110001000000000001100001010010101,6696,0.33402098725652357,-0.3822904766621202,0.40000000000000013,1.0
101010001000000001000100001010010101,5646,0.03718127421479807,-0.7239677883528388,1.0,1.0
100110001000010000000100001110010101,7854,11.927345010528034,11.247838620568222,1.3877787807814457E-16,1.0
101000001101000011100100001110000101,892,11.917886355388418,11.346829118984548,1.3877787807814457E-16,1.0
101100001000000001001100001110010101,5168,0.3078969942282243,-0.24650693258063566,0.40000000000000013,1.0
101000001110010001000110001110000101,5700,11.908572979501516,11.284548441550275,1.3877787807814457E-16,1.0
101100001000000001000100001000010101,5958,0.03975882230094612,-0.7287036029625051,1.0,1.0
100100001000000000000101101110001101,6090,0.10100847292863113,-0.5545835485689377,0.8,1.0
100100001000000000000100001010010101,8070,0.049698527876182653,-0.8028460464800199,1.0,1.0
100010001000010010000101001000011101,4352,11.920633969213585,11.257703070124789,1.3877787807814457E-16,1.0
101100001010000001000100001010010111,5920,0.5548538264806268,-0.16658447232124785,0.20000000000000015,1.0
001110000000000001000101000110001000,4420,0.12915580530886134,-0.2609963918632879,1.0,0.8
101010001110101001000100001010010101,7956,11.898536986892834,11.392416302856335,1.3877787807814457E-16,1.0
101000001101000001000100001110100101,1488,0.10676770239686698,-0.5727386875629444,0.8,1.0
100010101000000000000100001110000101,804,0.20871955217669802,-0.552484446549891,0.6000000000000001,1.0
101100001000000001000101001010011101,8570,0.009939705575236527,-0.5706154278456519,1.0,1.0
101000001110000001000100001010010101,9376,0.01987941115047306,-0.6150959726776001,1.0,1.0
101100011000000101100100001010010101,2700,11.923560329012004,11.323414318218537,1.3877787807814457E-16,1.0
100100001000000010000100001010010101,6698,0.0472099386209814,-0.7388530201040999,1.0,1.0
101000001110000001001100000010010101,4390,0.1780679043042766,-0.31915262539128364,0.6000000000000001,1.0
100010001000001000000100001010010101,3558,0.34078799646845886,-0.4204160022581302,0.40000000000000013,1.0
111100001000000001000101101001011101,8584,0.3267809696766169,-0.3288110518209519,0.40000000000000013,1.0
100100001000000000000100001000010101,6760,0.059638233451419186,-0.8937847873379051,1.0,1.0
101100001110000001000101001011011111,8016,11.907422799473503,11.329815371134812,1.3877787807814457E-16,1.0
101100001000000001000101101000111101,1406,0.09891693944411166,-0.533571710923279,0.8,1.0
100100001000000000000100001011010101,5414,0.11989244837702369,-0.6661705103480575,0.8,1.0
100000101010000010000100001100110101,548,0.3372996741213262,-0.3439666859917518,0.40000000000000013,1.0
100100001000000000000100001110010101,9210,0.0472099386209814,-0.7388530201040998,1.0,1.0
100100001000000000000100001010010101,2294,0.049698527876182653,-0.8028460464800199,1.0,1.0
101100001010000001001100001000010101,8410,0.3083947120792646,-0.27216042134162394,0.40000000000000013,1.0
101000001000000001000100101010000101,4142,0.10416095775273485,-0.6450643128962421,1.0,0.8
101010001000000001000101001010011101,6440,0.02005352180819111,-0.6251344947560632,1.0,1.0
010101010100101110001001000001001010,160,11.922074682284737,11.532228609026067,1.3877787807814457E-16,1.0
101011001000000001000100001010010101,1674,0.1864400840204583,-0.458747932543796,0.6000000000000001,1.0
101100001000000001000100001110010101,2928,0.028325963172588828,-0.62726605832498,1.0,1.0
001101000000010101001001011110111010,200,11.92498210771198,11.499360117428559,1.3877787807814457E-16,1.0
100100000001000010000101101010001100,7212,0.0849957785066466,-0.43057547907732396,0.8,1.0
100000001010000000000100001010010101,2200,0.34042627049961816,-0.4955325788945985,1.0,0.40000000000000013
101100001000000001010100001011000101,9510,0.182653240016254,-0.40213299931081326,0.6000000000000001,1.0
101100001000000001000100001010010101,4344,0.02981911672570959,-0.6670974743304074,1.0,1.0
101100001000000001000100001010010101,4576,0.02981911672570959,-0.6670974743304074,1.0,1.0
101100001000000001000100001010010101,8510,0.02981911672570959,-0.6670974743304074,1.0,1.0
100100001000000000000100001110010101,5772,0.0472099386209814,-0.7388530201040998,1.0,1.0
100100101000000000000001001110011101,5096,0.07981907560088831,-0.4270454240908339,0.8,1.0
001000001000000001000100001000000001,1752,11.926593151220542,11.108946092397012,1.0,1.3877787807814457E-16
101100001000000001000000001110000101,6786,0.09604519394006107,-0.5473746042305424,1.0,0.8
100100101000000000000100001011010101,3942,0.20049664677404774,-0.45770035614787374,0.6000000000000001,1.0
101100001000000001000101101110001101,2458,0.08212449748023858,-0.47227942932862144,0.8,1.0
100100000000000000001100001010010100,4286,0.18054954379856164,-0.3970578845401308,0.6000000000000001,1.0
101100001000000001000100001010010101,7814,0.02981911672570959,-0.6670974743304074,1.0,1.0
101101101100000001000101101010001101,8872,11.915092984227483,11.461409539780451,1.3877787807814457E-16,1.0
001100001000000001000100001010010001,6468,0.014162981586294431,-0.563444446752398,1.0,1.0
100100001000000000000100001000010101,7158,0.059638233451419186,-0.8937847873379051,1.0,1.0
101100011000000001000100001110010101,5118,11.919007243268402,11.324626204775084,1.3877787807814457E-16,1.0
101100001000100001000101101010001101,7298,0.3018061264263305,-0.1992849185717674,0.40000000000000013,1.0
101011001000000001100111101010011101,2036,11.907654018874812,11.335918431120044,1.3877787807814457E-16,1.0
101010001000000001000100001010010111,3382,0.5674356526109147,-0.2615142242092171,0.20000000000000015,1.0
101100001000000001000100000010010101,8284,0.023362684184018788,-0.6200571139865847,1.0,1.0
101100001100000001000100001110000101,4144,0.10100847292863113,-0.5545835485689377,0.8,1.0
101100001000000001000100001010010101,7500,0.02981911672570959,-0.6670974743304074,1.0,1.0
101100001000000001000100001110000101,8104,0.02981911672570959,-0.6670974743304074,1.0,1.0
101000001110000001000101101010001101,1930,0.0,-0.5321342441674861,1.0,1.0
100100001001000000000100001000010101,6642,0.056651926345177676,-0.8109880332002102,1.0,1.0
101100001000001001000100001000010101,9422,0.19246213887939861,-0.44564938146517186,0.6000000000000001,1.0
101000001010000011000100010010000101,940,0.0956917566995672,-0.5582857208772994,0.8,1.0
100110001000000000000100001110000101,7542,0.05194963960473694,-0.7935965353480863,1.0,1.0
110100001000000000000101101110001101,7040,0.3352440844535055,-0.40087265075038364,0.40000000000000013,1.0
101000000110000001000101001000011100,3864,0.014162981586294417,-0.46817489978556276,1.0,1.0
100010001000000000000000001111010101,6200,0.12021608819945362,-0.6336258373588132,0.8,1.0
101000001110000001000101101010001101,1322,0.0,-0.5321342441674861,1.0,1.0
100100001110000000000100001011010101,1498,0.20235351466424295,-0.4723113422741475,0.6000000000000001,1.0
100110001000000000000101001010011101,4312,0.03556598075249552,-0.6807454831661482,1.0,1.0
100010001000000000000100001110000101,4950,0.05430902662140502,-0.8599205865286285,1.0,1.0
101100001000000011000100001010010101,3578,0.028325963172588835,-0.62726605832498,1.0,1.0
100110001000000000000100000110110101,658,0.12261647078988908,-0.6407121954435221,0.8,1.0
101110001001000001000100001010010101,3088,0.03408519264082468,-0.6454211973189866,1.0,1.0
101100001000000001000100000110000101,1512,0.09604519394006107,-0.5473746042305424,1.0,0.8
101010001010000001000100001000010101,6910,0.10986378397084036,-0.6512852785967965,0.8,1.0
100010001000000000000100001110000101,2624,0.05430902662140502,-0.8599205865286285,1.0,1.0
101010001110000001000100001010010101,4026,0.19376071353864202,-0.46917018555015333,0.6000000000000001,1.0
101100001000100001000100001000010101,5430,0.19246213887939861,-0.44564938146517186,0.6000000000000001,1.0
100100001000000000000100001000010101,7138,0.059638233451419186,-0.8937847873379051,1.0,1.0
100100001000001000000101101010001101,4440,0.08894918756002906,-0.4958370517670381,0.8,1.0
101000001110100001000100001010110101,9986,0.18259211406879033,-0.39310784254219,0.6000000000000001,1.0
001100001000000001000101001010011001,9816,0.014162981586294417,-0.46817489978556276,1.0,1.0
101000001000000011000100001001010101,4770,0.1104504606528274,-0.6058197217407058,0.8,1.0
101100001001000001000100001010010101,8746,0.028325963172588835,-0.62726605832498,1.0,1.0
111100001110000001000100001010010101,7696,11.922691080246791,11.236987207575318,1.3877787807814457E-16,1.0
101100101010000001000100001110000101,6162,0.1728443411531094,-0.3643939607526395,0.6000000000000001,1.0
100010001010000110010100001100000111,1208,11.94095884077869,11.153312141851684,1.3877787807814457E-16,1.0
100110001000000000000100000010010101,6992,0.04988790876391407,-0.7589926922129858,1.0,1.0
101100101000000001000100001000010101,7448,0.09875808642317367,-0.5393534339213968,0.8,1.0
100100001000000100000100001110010101,6150,0.12246922830237761,-0.6685076834480154,0.8,1.0
100010001000000000000101101010011101,1502,0.03556598075249552,-0.6807454831661484,1.0,1.0
101100001000000001000101101010001101,9948,0.009939705575236527,-0.5706154278456519,1.0,1.0
101100001010000001010101101010001101,8118,0.08584252854148933,-0.39588925522515517,0.8,1.0
100100001000000000000100001000110101,9652,0.060141469030857646,-0.8653211398613998,1.0,1.0
101100101110000001000100001010010101,5986,0.30459346561478096,-0.21201495356251215,0.40000000000000013,1.0
100000001110000000100111101010001101,3400,11.921585781059798,11.26599375956223,1.3877787807814457E-16,1.0
101010101010000001000100001010110101,6196,0.5481686259963452,-0.0798448140069693,0.20000000000000015,1.0
100010001000000000000110101010010101,7614,0.35330793094474033,-0.5495870030830967,0.40000000000000013,1.0
100100001000000000000101101010001101,9220,0.02981911672570959,-0.6670974743304074,1.0,1.0
100110001000000000000100001110000101,980,0.05194963960473694,-0.7935965353480863,1.0,1.0
100100000000000000000100001011010100,5202,0.11220304526152369,-0.5714751558610947,0.8,1.0
110001010010111100111100101100010110,302,11.902477506472076,11.470059623673329,1.3877787807814457E-16,1.0
100100001111000000000100101010010101,4314,0.10701241026429988,-0.5336812509614448,0.8,1.0
111100001000000001000101101010001101,5524,0.1893563046337269,-0.48078165961787944,0.6000000000000001,1.0
101100001000000001000100000110000101,6876,0.09604519394006107,-0.5473746042305424,1.0,0.8
101000001110000001000110001010010101,5560,0.5548538264806268,-0.1665844723212475,0.20000000000000015,1.0
100010001000000000000100001110000101,4780,0.05430902662140502,-0.8599205865286285,1.0,1.0
111010101000000001000100001110000101,3970,0.5579859239170712,-0.1636988150641453,0.20000000000000015,1.0
100100101010000000000100001000010101,5704,0.10856698528631828,-0.5900837743534219,0.8,1.0
100100001000000000000100001010010101,6818,0.049698527876182653,-0.8028460464800199,1.0,1.0
101100001010000001000101101010001101,7772,0.0,-0.5321342441674862,1.0,1.0
101010001000000001000100001010010101,5842,0.03718127421479807,-0.7239677883528388,1.0,1.0
011000010010100001100111001001011010,372,11.9040873417678,11.386852604345705,1.3877787807814457E-16,1.0
100010001000000000000100001110010101,5192,0.05194963960473695,-0.7935965353480864,1.0,1.0
101100001000000001000100001110000101,1454,0.02981911672570959,-0.6670974743304074,1.0,1.0
111000100111010001010100001110110100,540,11.903171266269243,11.457525775223328,1.3877787807814457E-16,1.0
100100001000000000000100001010010101,2814,0.049698527876182653,-0.8028460464800199,1.0,1.0
101100000000000001000101101010001100,2480,0.014162981586294417,-0.46817489978556276,1.0,1.0
101000001110000001000100001100000101,3154,0.02981911672570959,-0.6670974743304072,1.0,1.0
101100001000000001000100001110010101,6970,0.028325963172588828,-0.62726605832498,1.0,1.0
100100001000000000000100001110000101,5036,0.12238103763222494,-0.7301635367239776,1.0,0.8
100100001000000000000100001100010101,4292,0.056651926345177676,-0.8109880332002101,1.0,1.0
110011111110101000001111001110011101,354,11.89664227134431,11.427477624393674,1.3877787807814457E-16,1.0
101101001000000001000100001000010101,7374,0.18626597336274028,-0.44870941046533286,0.6000000000000001,1.0
100100001000000000000100001000010101,7366,0.059638233451419186,-0.8937847873379051,1.0,1.0
100100001001000010000100001010010101,5552,0.11764120032101195,-0.6164780050991399,0.8,1.0
101000001010010011000100001110000101,788,11.893259817887209,11.361125573719724,1.3877787807814457E-16,1.0
101100101110000001000101001010011101,2830,0.3109642976939603,-0.15676542619224404,0.40000000000000013,1.0
111100001000000101000101011010011101,7126,11.926009102327978,11.222790221033332,1.3877787807814457E-16,1.0
100100001000000000000101001010001101,4114,0.10416095775273483,-0.6450643128962421,1.0,0.8
011000000010000011000100001110110000,372,0.18016448129611096,-0.3611014672597702,0.6000000000000001,1.0
101100000000000001000101101011001100,2574,0.01317351183516046,-0.4495869056496966,1.0,1.0
101100001000000001000100001100000101,8828,0.11244133205698842,-0.6560210932064628,1.0,0.8
100010001000000000000100001000010101,9216,0.09719102074521484,-0.914710810471064,1.0,0.9
100100001000000000000100001110000101,2700,0.12238103763222494,-0.7301635367239776,1.0,0.8
100100001000000000000100001011010101,5298,0.11989244837702369,-0.6661705103480575,0.8,1.0
101100011000000001000101000010011101,7060,0.5242275032520138,0.042257531344244925,0.20000000000000015,1.0
100010001000000000000100001010010101,7220,0.05430902662140502,-0.8599205865286285,1.0,1.0
001001001110000111010100001110000011,8824,11.893259817887209,11.405901755474112,1.3877787807814457E-16,1.0
000100001011000010000110001110110001,404,11.931972196936163,11.267958373339242,1.3877787807814457E-16,1.0
111100001000000001000100001010010101,5516,0.2046694662480334,-0.5743813461175871,0.6000000000000001,1.0
101101001000000101000100001010010101,4556,0.543409825152268,-0.07176642328774863,0.20000000000000015,1.0
100100001000000000010100001010010101,5716,0.10856698528631828,-0.5900837743534219,0.8,1.0
100100001000000000000100001010010101,1558,0.049698527876182653,-0.8028460464800199,1.0,1.0
100010011000000000000100001010010101,1758,0.5740142217983492,-0.21696268995204382,0.20000000000000015,1.0
100100001000010010000100001100010101,3112,11.929226770339184,11.254561913400794,1.3877787807814457E-16,1.0
100010101000001000000100001110000101,1336,0.5548534755281282,-0.09530636481802579,0.20000000000000015,1.0
001100001000000001000100001010000001,1838,0.18169972382657368,-0.4423248141246674,1.0,0.6000000000000001
100100001000010000000101101110001101,8966,11.902701805611406,11.348297878802546,1.3877787807814457E-16,1.0
101110001100000011000100101110000101,3292,0.555692599940313,-0.06691778209429311,0.20000000000000015,1.0
100100000001000000000100001100010100,2784,0.08357119292292357,-0.625282084173401,1.0,0.9
101100001000000001000101101110001101,7042,0.08212449748023858,-0.47227942932862144,0.8,1.0
100010001010000000000100001000010101,5856,0.1269915363774473,-0.7872380767725862,0.8,1.0
001000111001111011111110101110000001,342,11.93946364922349,11.568306479375561,1.3877787807814457E-16,1.0
101101001000000001000100001010110101,2262,0.31763732840428216,-0.2975389200357345,0.40000000000000013,1.0
100010001000001000000100011110000101,2358,0.5696620697330743,-0.19968127219174125,0.20000000000000015,1.0
100100001100000000000100001010010101,4952,0.11989244837702369,-0.6661705103480576,0.8,1.0
110010001000001000000100001110000101,1492,11.94052160681829,11.112909723343932,1.3877787807814457E-16,1.0
100010001000000000000100001110000101,1208,0.05430902662140502,-0.8599205865286285,1.0,1.0
100100001010000100000100001110010101,6028,0.2083225178058472,-0.5236118976423055,0.6000000000000001,1.0
100010001000000010000111101010001101,1790,11.934961151209425,11.150797473790917,1.3877787807814457E-16,1.0
101000001110000001000101101111011101,1062,0.16638656221226722,-0.31279737476399777,0.6000000000000001,1.0
100110001010000000000100001010010111,9566,11.941536946768673,11.101511896076095,1.3877787807814457E-16,1.0
100110001100000000000100101010010101,5988,0.21418326696784992,-0.5323501723295708,0.6000000000000001,1.0
101000001000000001000101101010001101,6332,0.0831753257549398,-0.5294312413293499,1.0,0.8
100101001000000000000100001000010101,7402,0.11244133205698842,-0.6560210932064626,0.8,1.0
100110001000000010000100011110110111,400,11.946879861662001,11.138455960529537,1.3877787807814457E-16,1.0
000010001000000000000100011010010011,6054,11.94884079790844,11.051902536099005,1.3877787807814457E-16,1.0
101000001000000001000100001010010101,2740,0.10416095775273485,-0.6450643128962421,1.0,0.8
111010110000110001000111000110111110,288,11.903169197101018,11.375967590234247,1.3877787807814457E-16,1.0
100010001000000000000100001110010101,9914,0.05194963960473695,-0.7935965353480864,1.0,1.0
101010001000000001000100001110000101,1592,0.03718127421479806,-0.7239677883528386,1.0,1.0
110101001110100000000110001110000101,4500,11.921112231801168,11.252703407727378,1.3877787807814457E-16,1.0
101110001010001001000100101000010101,7512,0.5475343038223927,-0.045664717890641415,0.20000000000000015,1.0
101010001000010001000100101110000101,9612,11.912442139787464,11.297265891347447,1.3877787807814457E-16,1.0
101010001110000001000100111110010101,4596,11.923641990802858,11.292640543124831,1.3877787807814457E-16,1.0
101100001000000001000100001010010101,4878,0.02981911672570959,-0.6670974743304074,1.0,1.0
100100001000011000000100001110010101,4460,11.908722152148304,11.349811011126993,1.3877787807814457E-16,1.0
110110001010000000000100001110110101,500,11.941812516782852,11.143752849269731,1.3877787807814457E-16,1.0
110100001000000000010100001010010101,7340,0.34133817876997025,-0.43736108144002867,0.40000000000000013,1.0
101000001110000001000100001010010101,4906,0.01987941115047306,-0.6150959726776001,1.0,1.0
101000001000000001000101101010001101,3168,0.0831753257549398,-0.5294312413293499,1.0,0.8
101100000000000001001101101010001100,7944,0.3409439512629113,-0.10200794085742182,0.40000000000000013,1.0
101100001000000001000000001010010101,9230,0.023362684184018788,-0.6200571139865847,1.0,1.0
101100001000000001000101101010011101,2840,0.009441987724196273,-0.5449619390846638,1.0,1.0
110110001000010000001101101010001101,7274,11.908657968972431,11.298812629978562,1.3877787807814457E-16,1.0
100010001010000000001100001110010101,8966,0.5516016545783886,-0.11132924451040682,0.20000000000000015,1.0
110110000000111000010111000110111110,190,11.90669487668191,11.365814739937857,1.3877787807814457E-16,1.0
101110001000000001000101101110001101,1808,0.09106617649135632,-0.49888641280932167,0.8,1.0
100010001000000000000100001110000101,2714,0.05430902662140502,-0.8599205865286285,1.0,1.0
101110001000000001001100101000110101,5466,11.924724516987165,11.26947923230201,1.3877787807814457E-16,1.0
101010001000000001000101101000011101,4044,0.06169226924688115,-0.6012386298419142,1.0,0.9
001010001000000001000100001010000001,5830,0.19513025315454374,-0.525413240707516,1.0,0.6000000000000001
101100001000000001000100001000110101,9686,0.04375781017861623,-0.7328520114198975,1.0,1.0
101011001010000001000100001010010101,3052,0.3099446521089157,-0.2867355106843869,0.40000000000000013,1.0
101100001000000001000110001110000101,7124,11.931542721922975,11.152491909557355,1.3877787807814457E-16,1.0
101100101110010001000000001010110101,7360,11.902053516284814,11.440855868235905,1.3877787807814457E-16,1.0
101000001000000011000100001001010101,5976,0.1104504606528274,-0.6058197217407058,0.8,1.0
101100011000000001000100001100010101,4374,11.927589718395467,11.286896057169722,1.3877787807814457E-16,1.0
101100101000000001000100001110000101,5064,0.182653240016254,-0.40213299931081326,0.6000000000000001,1.0
100100001000000000000101101010011101,9018,0.02832596317258884,-0.62726605832498,1.0,1.0
101100001000000101000101101010001101,3374,0.0918648316562964,-0.5233114167837202,0.8,1.0
100110001000000000000100011010010101,4804,0.21991400668154967,-0.6208530104349244,0.6000000000000001,1.0
100100001010000110000100001110100101,538,0.34335673628834773,-0.3999637987763554,0.40000000000000013,1.0
101110001000000001000110001010010101,5074,0.5659288365742291,-0.21823484084427824,0.20000000000000015,1.0
001010001000010001000100001100010001,4036,0.5387990161770095,-0.02852254800364573,0.20000000000000015,1.0
101100001001000001000100001110000101,7256,0.02832596317258884,-0.62726605832498,1.0,1.0
100101001000000000000100001110010101,5652,0.10100847292863113,-0.5545835485689377,0.8,1.0
101010001000000011000101100010001101,3404,0.08521267713832126,-0.48477865098203154,0.8,1.0
101100001000000001000001101010011101,4358,0.0,-0.5006226439340284,1.0,1.0
101010001000000001000100011010010101,3956,0.20749951070474398,-0.5619332981710021,0.6000000000000001,1.0
100000001000000000000100001110000101,2422,0.2188506422067548,-0.7219636845940995,1.0,0.6000000000000001
001100001000100001000100011110000001,3568,11.903964794658263,11.3809284484934,1.3877787807814457E-16,1.0
010011111110010110000110011011100001,356,11.919037847234582,11.324874460983752,1.3877787807814457E-16,1.0
100100001000000000000100001110010101,4922,0.0472099386209814,-0.7388530201040998,1.0,1.0
101010001110000001000100101010010101,9966,0.19262099190033657,-0.4398676584670541,0.6000000000000001,1.0
100101011000000000000100001000010111,2716,11.935748762646092,11.185867056160706,1.3877787807814457E-16,1.0
101100000000000001000100001000010100,7740,0.1445024331618962,-0.5110895883356728,1.0,0.7000000000000001
100100001000000000000100001010000101,2130,0.2188506422067548,-0.7219636845940995,1.0,0.6000000000000001
101000001000000001000001101010001101,2184,0.11617646998930735,-0.435617840863841,1.0,0.7000000000000001
101000001100010001000100001110010111,1964,11.915333264656896,11.27504823443428,1.3877787807814457E-16,1.0
101000001110001001000100001011010111,8976,11.912628337529028,11.310706830780589,1.3877787807814457E-16,1.0
100100001001000000000100001110010101,1226,0.044958690564969664,-0.6891605148551823,1.0,1.0
100101001000000000000100001010010101,8936,0.10250162648175187,-0.5944149645743649,0.8,1.0
100010101010000000000100001000010101,7008,0.20871955217669802,-0.5524844465498912,0.6000000000000001,1.0
110110000010100010100111011010111110,110,11.92910309612389,11.260232120225506,1.3877787807814457E-16,1.0
101100001000000001000100001010010101,5514,0.02981911672570959,-0.6670974743304074,1.0,1.0
101100001000000001000100001000010101,6140,0.03975882230094612,-0.7287036029625051,1.0,1.0
101000001010000011111110010010000101,430,11.900217898432555,11.37416702768117,1.3877787807814457E-16,1.0
101110001000000001000100101010010101,5570,0.03408519264082468,-0.6454211973189866,1.0,1.0
000010001000000000000101101010001001,5376,0.026986894522177122,-0.6389929830975298,1.0,1.0
100010001010000000000100001110000101,922,0.11842766017414383,-0.7134269346482035,0.8,1.0
100100001100000000000001101010011101,8166,0.09346967751040117,-0.4798703303734745,0.8,1.0
101000001110000001000110001110000101,7296,11.923886141115823,11.202447842313948,1.3877787807814457E-16,1.0
100110001000000000000100001010110101,8608,0.12620995422532474,-0.7145570628911493,0.8,1.0
100100001000000110000100001010010101,9094,0.12246922830237761,-0.6685076834480154,0.8,1.0
101010001000010001100101101011001101,1982,11.895834751465845,11.395185315354004,1.3877787807814457E-16,1.0
101100101000000001000101101010011101,6722,0.07586792579563194,-0.40858220581209576,0.8,1.0
101100001010000001000101101010011101,4204,0.0,-0.5114106250106643,1.0,1.0
101000001110000001001100001010010101,6568,0.29845500650402806,-0.23367923766345816,0.40000000000000013,1.0
000010001000000000000100001011000001,2050,0.12271896395258372,-0.7140497070651843,1.0,0.8
101100001000000101000111101010001101,9862,11.921809560090928,11.232998757568174,1.3877787807814457E-16,1.0
101000001010000011000100001110000101,850,0.01987941115047306,-0.6150959726775999,1.0,1.0
100101001000010010000100001010010101,4116,11.902701805611406,11.348297878802546,1.3877787807814457E-16,1.0
101000001100000001000100101010000101,5440,0.029819116725709582,-0.6670974743304072,1.0,1.0
101100001000000001000100101010000101,9690,0.02981911672570959,-0.6670974743304074,1.0,1.0
101000001110000011000100001010010101,8342,0.018883975448392546,-0.5832246426841103,1.0,1.0
100110011001000000010101101010011101,9850,11.914002732492218,11.376653118030479,1.3877787807814457E-16,1.0
100100101110000000000100001010010101,6626,0.32324121591546606,-0.2825281425341158,0.40000000000000013,1.0
100000001000000010000100001010010101,6748,0.049698527876182653,-0.8028460464800199,1.0,1.0
101100001000000101000101101010001101,1672,0.0918648316562964,-0.5233114167837202,0.8,1.0
101000001010000011000100001110110101,404,0.09891693944411165,-0.533571710923279,0.8,1.0
111110110000111001100110100010000100,276,11.897469524295191,11.460692159594071,1.3877787807814457E-16,1.0
101000001110000001000000001110000101,2348,0.011681342092009394,-0.5676361870579848,1.0,1.0
001100001000010001000100000110100001,4736,11.90180185541085,11.430560746713669,1.3877787807814457E-16,1.0
111010011110000001000100001010010101,7328,11.926095191923968,11.251867222291974,1.3877787807814457E-16,1.0
100011001000100000000100001010010101,8914,0.32385480048268656,-0.3238347674935936,0.40000000000000013,1.0
100100001000000000000100001110000101,6498,0.12238103763222494,-0.7301635367239776,1.0,0.8
111100001010000011100101001000011101,3834,11.913735326871302,11.320719749734575,1.3877787807814457E-16,1.0
100100001000000000000100001110000101,5632,0.12238103763222494,-0.7301635367239776,1.0,0.8
001010001000000001000100001010010001,6716,0.026986894522177122,-0.6389929830975298,1.0,1.0
100010001000000000000101100010001101,8560,0.06715348639222582,-0.650809167021855,1.0,0.9
100010001001000000000100001010010101,8250,0.05194963960473695,-0.7935965353480864,1.0,1.0
100110001000000000000101001010011101,3164,0.03556598075249552,-0.6807454831661482,1.0,1.0
100010001000000000000100001110000101,1580,0.05430902662140502,-0.8599205865286285,1.0,1.0
101100001000000001000101100011001111,5232,0.5407687455934451,-0.059614114409263896,0.20000000000000015,1.0
101000001110000001000100001010010101,5466,0.01987941115047306,-0.6150959726776001,1.0,1.0
101010001000000001100100001111000101,6694,11.925982598917143,11.277248466811042,1.3877787807814457E-16,1.0
101110001000000001000100101110010101,8850,0.10540529078597574,-0.5433288413201254,0.8,1.0
101000001110000001000100001010010101,2456,0.01987941115047306,-0.6150959726776001,1.0,1.0
100010001000000000010101101010001101,3202,0.1917863561909257,-0.4559032117853543,0.6000000000000001,1.0
100110001000001000000101001000011101,8084,0.3308661102170743,-0.3341732302327424,0.40000000000000013,1.0
100100001000000000000100001010010101,6554,0.049698527876182653,-0.8028460464800199,1.0,1.0
101000001110000001010100001000010111,4128,11.920985531728233,11.249051475254884,1.3877787807814457E-16,1.0
100100001000000000000101101010001101,6470,0.02981911672570959,-0.6670974743304074,1.0,1.0
101101001000000001010100001010010101,7398,0.3018061264263305,-0.1992849185717675,0.40000000000000013,1.0
111100001010000001000100001110010101,692,0.32788626886361,-0.35781760380786337,0.40000000000000013,1.0
101010001100000001000100101100010101,2726,0.2066463051050253,-0.4883848949210451,0.6000000000000001,1.0
101101001110001001000100001010010101,6156,11.905769109077141,11.438039385190937,1.3877787807814457E-16,1.0
101000001110001001100100001000010101,5178,11.907993605890397,11.370684102403558,1.3877787807814457E-16,1.0
100100001000000000000100001000010101,8290,0.059638233451419186,-0.8937847873379051,1.0,1.0
110010010011110110010010000001000110,184,11.919283553788409,11.335458233600445,1.3877787807814457E-16,1.0
100100001000000000000101001000011101,9942,0.03975882230094612,-0.7287036029625051,1.0,1.0
101100101010000001001100001000010101,9964,0.5275786231743163,0.026487578176218274,0.20000000000000015,1.0
100010001010000000000110001010110101,5562,11.944873572283889,11.062674719394284,1.3877787807814457E-16,1.0
101100001000000001000101001110011101,5680,0.009441987724196266,-0.5449619390846637,1.0,1.0
101101010100000001001100001001010100,3378,11.915041611005359,11.503676711221573,1.3877787807814457E-16,1.0
101010001100000001000100011110000101,6364,0.33804896592249933,-0.39219409024415924,0.40000000000000013,1.0
101000001110000001000100001010010101,9276,0.01987941115047306,-0.6150959726776001,1.0,1.0
100100001000000000010100011010000101,2682,0.34078799646845886,-0.4204160022581302,0.40000000000000013,1.0
101000000110000001000100001010010100,5644,0.11617646998930736,-0.395234155021357,1.0,0.7000000000000001
110110001010000010000100001110110101,426,11.940414224247512,11.175747387901103,1.3877787807814457E-16,1.0
101010001000000001000100001010010101,1190,0.03718127421479807,-0.7239677883528388,1.0,1.0
101000001100000001000100001010000101,8754,0.10416095775273485,-0.645064312896242,1.0,0.8
100010001000000000000100011010010101,7906,0.22196754223349915,-0.6749707195759375,0.6000000000000001,1.0
100010001000100000000100001111110101,1442,11.935485612494036,11.237071136470151,1.3877787807814457E-16,1.0
101100001000000001000001101010001101,9992,0.0,-0.523387879643664,1.0,1.0
101100001000000001000101101010001101,7912,0.009939705575236527,-0.5706154278456519,1.0,1.0
101010001000000001000000001011010101,9400,0.10389154782913881,-0.5701185215817363,0.8,1.0
100110001110000000000100011010010101,7946,11.938161547671529,11.194841012606826,1.3877787807814457E-16,1.0
101010001000000001000100001010010101,8604,0.03718127421479807,-0.7239677883528388,1.0,1.0
100100001100000000000100001010010111,1950,11.944764527016478,11.088314606886946,1.3877787807814457E-16,1.0
101000101110000001000100011110000101,9588,11.909465369743732,11.333765413132753,1.3877787807814457E-16,1.0
101000001110000001000110001010010101,2430,0.5548538264806268,-0.1665844723212475,0.20000000000000015,1.0
101000001000000011000100001110000101,5180,0.029819116725709582,-0.6670974743304072,1.0,1.0
001001000011010011111001001011011010,202,12.025571095680771,11.65492436348899,1.3877787807814457E-16,1.0
100100001000000010100100011010110101,6350,11.941446266952653,11.218845362814914,1.3877787807814457E-16,1.0
100100001000000000000100001011010111,9514,11.944764527016478,11.088314606886946,1.3877787807814457E-16,1.0
101100001000000001000100000000010101,8666,0.06936214419653453,-0.6488271286957026,1.0,0.9
101000001110000001000000101010010101,9402,0.010999901789096482,-0.5384264819873382,1.0,1.0
100010101010000000000100111010000101,7354,0.562497588487498,-0.15478051362535472,0.20000000000000015,1.0
101100001000000001000101001010011101,8596,0.009939705575236527,-0.5706154278456519,1.0,1.0
001010001000000001000100001000010001,5878,0.15468814434866662,-0.5890314707192881,1.0,0.7000000000000001
101100001000001001000100001110010101,2182,0.18184889647336264,-0.37706224454794857,0.6000000000000001,1.0
101000001110000001000110001011010101,1440,11.922691080246791,11.236987207575318,1.3877787807814457E-16,1.0
101100001000000001000101011010011101,3570,0.18556888411252132,-0.42960736432749524,0.6000000000000001,1.0
101010001000000001000100001110010101,4802,0.03556598075249552,-0.6807454831661484,1.0,1.0
101000001000000001000100001010010101,5036,0.10416095775273485,-0.6450643128962421,1.0,0.8
101100101000000001000100001010010101,6792,0.08894918756002906,-0.4958370517670382,0.8,1.0
101010001000000001000100001000010101,8002,0.08006326833860787,-0.7517913264837395,1.0,0.9
101010001010000001000101101110001101,2284,0.17737705468640064,-0.3946814012111698,0.6000000000000001,1.0
101010001000000001000100001010010101,9914,0.03718127421479807,-0.7239677883528388,1.0,1.0
110111001010000000000101001110001101,1078,11.91523376453168,11.267631778625272,1.3877787807814457E-16,1.0
101000001110010001000100101010010101,3614,0.5242275032520138,0.012816878241349583,0.20000000000000015,1.0
100100001001000000000100001010010101,6730,0.0472099386209814,-0.7388530201040999,1.0,1.0
111100001110000001000100001010010101,6728,11.922691080246791,11.236987207575318,1.3877787807814457E-16,1.0
100100001000000000000100001010010111,9988,0.5778235689020864,-0.34179254562323835,0.20000000000000015,1.0
101100001000000001010100001010010101,7146,0.08894918756002906,-0.4958370517670382,0.8,1.0
101100001000000001000101101010001101,3534,0.009939705575236527,-0.5706154278456519,1.0,1.0
101000001110000001000100001010100101,2144,0.10129990776753688,-0.5982484393024486,0.8,1.0
101100001000000001000100001110000101,2210,0.02981911672570959,-0.6670974743304074,1.0,1.0
100110001000000000000100001000000101,3356,0.2292594650369757,-0.7826423661793029,1.0,0.6000000000000001
100100001000000000000100001110000101,5292,0.12238103763222494,-0.7301635367239776,1.0,0.8
101100001000001001000100001010010101,9048,0.182653240016254,-0.40213299931081337,0.6000000000000001,1.0
101000001110000001000100001110010101,3996,0.018883975448392546,-0.5832246426841103,1.0,1.0
101100001001000001000101101010001101,8440,0.00944198772419628,-0.5449619390846637,1.0,1.0
101001101110000001000100001000010101,7440,11.89661093780951,11.395519892811414,1.3877787807814457E-16,1.0
100010011000000000100101101110001101,1842,11.923560329012004,11.323414318218537,1.3877787807814457E-16,1.0
101000001110000001000100001000000101,4174,0.10416095775273485,-0.645064312896242,1.0,0.8
100100001000000000000100001010010101,9110,0.049698527876182653,-0.8028460464800199,1.0,1.0
101100001000000001100100001010010101,6090,0.5512027175909956,-0.07089366276007658,0.20000000000000015,1.0
101100001000000001000100001010010101,3106,0.02981911672570959,-0.6670974743304074,1.0,1.0
101100001000000001000100001011010101,9920,0.10100847292863113,-0.5545835485689377,0.8,1.0
100100001000000000000100001110010101,5214,0.0472099386209814,-0.7388530201040998,1.0,1.0
101000001110000001000100001010010101,3760,0.01987941115047306,-0.6150959726776001,1.0,1.0
101010001000000001000100001010000101,8886,0.11163278112385498,-0.7053878259312648,1.0,0.8
101010001000100001000111101011011101,2028,11.912161290038435,11.319988686009747,1.3877787807814457E-16,1.0
100100001000000000000100001010010101,2902,0.049698527876182653,-0.8028460464800199,1.0,1.0
101100001000110001000101101010001101,3734,11.916228735535801,11.450626877231246,1.3877787807814457E-16,1.0
101010001000000001000110101010110101,5814,11.937533882165159,11.14951710982552,1.3877787807814457E-16,1.0
101100001000000001010100001010010101,4814,0.08894918756002906,-0.4958370517670382,0.8,1.0
001101000000010101001010000011010010,182,11.930829171569975,11.501172968892336,1.3877787807814457E-16,1.0
101011010110101101111001001101011110,0,11.925754745420926,11.53997345129339,1.3877787807814457E-16,1.0
101010001000000001000100001000010101,8360,0.08006326833860787,-0.7517913264837395,1.0,0.9
101100011000000001000110101010000101,8006,11.928667271852945,11.228335625023163,1.3877787807814457E-16,1.0
011101010101101111000001011110111010,226,11.896827997160694,11.47373090322017,1.3877787807814457E-16,1.0
100100001110000000000100001110000101,6264,0.1104504606528274,-0.6058197217407059,0.8,1.0
100100001000000000000101101010001101,8232,0.02981911672570959,-0.6670974743304074,1.0,1.0
100100001000000000010100001000010101,7976,0.11837588414946287,-0.6499840479750288,0.8,1.0
101100101000000011000100001000010101,7066,0.09746871916748026,-0.5083006392821016,0.8,1.0
101010001000000001010100001110010101,8396,0.1906948899970519,-0.4274314669481257,0.6000000000000001,1.0
100010001000000000000100011110010111,6054,11.949058662002342,11.058263488165565,1.3877787807814457E-16,1.0
101010001000000001000100001010010101,9106,0.03718127421479807,-0.7239677883528388,1.0,1.0
101000001110000001000110001011010101,8074,11.922691080246791,11.236987207575318,1.3877787807814457E-16,1.0
101110001000000001000100001010010101,7846,0.03556598075249552,-0.6807454831661482,1.0,1.0
001110001001111001111110101110000001,120,11.918263260064956,11.51356964456727,1.3877787807814457E-16,1.0
100100000000011010100111100000111100,448,11.900974218523704,11.430232761327996,1.3877787807814457E-16,1.0
100100001000000000000100001010000101,7122,0.2188506422067548,-0.7219636845940995,1.0,0.6000000000000001
101000001110000001000101101010001101,3866,0.0,-0.5321342441674861,1.0,1.0
101100001000000001000100000000010101,8320,0.06936214419653453,-0.6488271286957026,1.0,0.9
101010101000000001000100001010010101,9480,0.09808230373470077,-0.5496072642415794,0.8,1.0
101000001010000011000100000010010101,1970,0.011681342092009394,-0.5676361870579849,1.0,1.0
101010001000000001010101101010001101,8964,0.17485316020515337,-0.3821999198622055,0.6000000000000001,1.0
100100101000000000000101001010011101,9498,0.08894918756002906,-0.4958370517670382,0.8,1.0
101100001000000001010100001010010101,4200,0.08894918756002906,-0.4958370517670382,0.8,1.0
111100001000000101000100001110000101,1504,0.34015633982624327,-0.444007337592264,0.40000000000000013,1.0
100010001000000000000100001100000101,1278,0.1355554125807508,-0.876346418635528,1.0,0.8
101010001000000001000100001010010101,5286,0.03718127421479807,-0.7239677883528388,1.0,1.0
100010001000000000000100001010010101,2318,0.05430902662140502,-0.8599205865286285,1.0,1.0
100010001000000000000100101010000101,4934,0.05430902662140502,-0.8599205865286285,1.0,1.0
100100001000000000000100001010010101,1754,0.049698527876182653,-0.8028460464800199,1.0,1.0
100100001000000000000100011000010101,5910,0.13282397878689994,-0.7926386301053575,0.8,1.0
110100001000000000000100001011010101,7540,0.3499597156332965,-0.5064902044962354,0.40000000000000013,1.0
100100111000000000100110001000010101,4264,11.936732632946118,11.251604016215897,1.3877787807814457E-16,1.0
101000001110000001000100001001010101,9106,0.10100847292863113,-0.5545835485689377,0.8,1.0
101000001110000001000100001010010101,1886,0.01987941115047306,-0.6150959726776001,1.0,1.0
100100001000000000000100001000000101,1562,0.3614119024974132,-0.7097124318807841,1.0,0.40000000000000013
100100001000000000000100001000010101,6076,0.059638233451419186,-0.8937847873379051,1.0,1.0
100111001010100010000101101011001111,362,11.905453371271165,11.36010863168039,1.3877787807814457E-16,1.0
100100001000000000001100011010010101,9354,0.5597934840045093,-0.1565179799141344,0.20000000000000015,1.0
101100001000000111000100101110000101,9524,0.19910934324220067,-0.44962478886390045,0.6000000000000001,1.0
101010001000000001000100001000010101,9616,0.08006326833860787,-0.7517913264837395,1.0,0.9
100100001000000000000100001010010111,9450,0.5778235689020864,-0.34179254562323835,0.20000000000000015,1.0
101000001110000011000100001110000101,5116,0.018883975448392546,-0.5832246426841103,1.0,1.0
101010001000000001000101101010001101,1330,0.020053521808191095,-0.6251344947560631,1.0,1.0
100010001000000000010101001001111111,9980,11.935240658455534,11.191187027949873,1.3877787807814457E-16,1.0
100100011111110000010000010111010101,0,11.903859310773468,11.511753469625374,1.3877787807814457E-16,1.0
101100001000001001000100001000110101,5390,0.3308661102170743,-0.33417323023274254,0.40000000000000013,1.0
101100001000010001000100101000010101,9374,0.3173389819524206,-0.2847696361800824,0.40000000000000013,1.0
101100001001000001000100001010010101,8750,0.028325963172588835,-0.62726605832498,1.0,1.0
100100001000000000000100101010010101,6976,0.0472099386209814,-0.7388530201040999,1.0,1.0
100100001001000000000101001010001101,2198,0.10250162648175187,-0.594414964574365,1.0,0.8
101100001000000001000000001010000101,1610,0.1912921386780989,-0.5026335386014086,1.0,0.6000000000000001
101100001010000001000100101010000101,7658,0.019879411150473054,-0.6150959726776,1.0,1.0
100111100010001010000100001111110110,260,11.905595423504243,11.404461352966788,1.3877787807814457E-16,1.0
100100000000000000000100000000110100,5360,0.22271820875411186,-0.5831866810620648,1.0,0.6000000000000001
101000001110000001000100001010010101,5874,0.01987941115047306,-0.6150959726776001,1.0,1.0
000100001000000000100101001011011001,3216,11.904818306156638,11.411021492360952,1.3877787807814457E-16,1.0
100100001100000000000100001010010111,7418,11.944764527016478,11.088314606886946,1.3877787807814457E-16,1.0
101101000000000101000101001110011100,7226,11.910290262463331,11.456308458988518,1.3877787807814457E-16,1.0
100100001000000000000100001111000101,9760,0.11989244837702369,-0.6661705103480575,1.0,0.8
101100001000000001000100001010010101,8364,0.02981911672570959,-0.6670974743304074,1.0,1.0
100100001100000000010100001110100101,8500,0.5630721708693119,-0.11819418924376601,0.20000000000000015,1.0
100010001000000000000100001000000101,9388,0.2916367436954412,-0.8357111149636064,1.0,0.5000000000000001
101100001000000001000101101010001101,6622,0.009939705575236527,-0.5706154278456519,1.0,1.0
101000001110010001100100011010010101,5526,11.903371713328669,11.37014754077017,1.3877787807814457E-16,1.0
100100001000000000000100001010010101,2600,0.049698527876182653,-0.8028460464800199,1.0,1.0
101000001110000001000101101010011101,3110,0.0,-0.5114106250106643,1.0,1.0
001010000000000001000100001000100000,1798,0.26256379531669616,-0.44940511066384825,1.0,0.5000000000000001
100100001000000000000100010010010101,7112,0.2162744709761813,-0.5926061300007186,0.6000000000000001,1.0
101010101100000001000100001110010101,1340,0.5475343038223927,-0.045664717890641415,0.20000000000000015,1.0
100010001000000000000100001000010101,5856,0.09719102074521484,-0.914710810471064,1.0,0.9
101010001000000001000100001110000101,1348,0.03718127421479806,-0.7239677883528386,1.0,1.0
100100001000000000001100001010110101,6612,0.5597934840045093,-0.1565179799141344,0.20000000000000015,1.0
101000001110000001000101001000011101,7316,0.009939705575236527,-0.5706154278456519,1.0,1.0
100100001110101000010100001110010101,7900,11.893476086238744,11.44944648353208,1.3877787807814457E-16,1.0
001000001100100001001100001010010011,8162,11.89661093780951,11.395519892811414,1.3877787807814457E-16,1.0
100100001000000000000100001000010101,4670,0.059638233451419186,-0.8937847873379051,1.0,1.0
100100001000000000000100001010010101,2948,0.049698527876182653,-0.8028460464800199,1.0,1.0
011111100010001001110100001110110010,308,11.901466880453984,11.469428802279529,1.3877787807814457E-16,1.0
101000001110000001000100001000010101,5584,0.02981911672570959,-0.6670974743304072,1.0,1.0
101000001110010001000100001010010101,2158,0.5242275032520138,-0.007906740915472388,0.20000000000000015,1.0
100100001000100000000100001010010101,8142,0.2022710377425432,-0.4963797218971969,0.6000000000000001,1.0
101100011000000001100100001000010101,4924,11.926095201222154,11.313682538923345,1.3877787807814457E-16,1.0
100100001001000000000100001010010101,8844,0.0472099386209814,-0.7388530201040999,1.0,1.0
101100001000000001000110001010010101,1844,0.56251040728778,-0.21654040507784034,0.20000000000000015,1.0
100000001110000000000100000010010101,2650,0.2014305884882954,-0.5167586844039417,1.0,0.6000000000000001
101000001000000001000101001110011101,4614,0.08262221533127881,-0.4979329180896096,1.0,0.8
101100001000000001000100001110010101,5834,0.028325963172588828,-0.62726605832498,1.0,1.0
100010001000000100000100001010010101,4112,0.12826348977727423,-0.7686747720321623,0.8,1.0
101100001000000001000101101010001101,7440,0.009939705575236527,-0.5706154278456519,1.0,1.0
101000001110000001000100001010010111,8614,0.5548538264806268,-0.16658447232124785,0.20000000000000015,1.0
101010001000000001000101111010001101,7516,0.09932742671976391,-0.5693759760614603,0.8,1.0
101100001000010011000000001010010101,7102,0.5242275032520138,0.023604859317985394,0.20000000000000015,1.0
100010001000000000000100001110010101,1434,0.05194963960473695,-0.7935965353480864,1.0,1.0
000000011010010010000100001110110011,224,11.917477632214853,11.33273250155482,1.3877787807814457E-16,1.0
010101000011101100111100001011100010,248,11.901466880453984,11.469428802279529,1.3877787807814457E-16,1.0
100000001110000000000100001010010101,2994,0.20614538451321335,-0.5623170407502379,1.0,0.6000000000000001
100100001000000000000100001010000101,6516,0.2188506422067548,-0.7219636845940995,1.0,0.6000000000000001
101000001100000101000100001010000101,1844,0.0714993921353044,-0.6896496704323322,1.0,0.9
101100001000000001000101101110001101,3978,0.08212449748023858,-0.47227942932862144,0.8,1.0
101100001000000001000111101010001101,5394,0.5471972456734735,-0.12294071857813282,0.20000000000000015,1.0
100100001000000000010100001000010101,6050,0.11837588414946287,-0.6499840479750288,0.8,1.0
101000001110000011000110001000010101,5796,0.5610165812014912,-0.17510015400239787,0.20000000000000015,1.0
101100001001000001010100001000010101,7028,0.1911727716237052,-0.41459658682587663,0.6000000000000001,1.0
101110001000010001100000001110000101,9698,11.904660625061883,11.377426733757702,1.3877787807814457E-16,1.0
101100001000000001000100001010010101,6354,0.02981911672570959,-0.6670974743304074,1.0,1.0
110010001000000000000100001010010101,3288,0.22322151599404946,-0.7435803415795653,0.6000000000000001,1.0
101100001000000001000100001000000101,6080,0.20835782620785728,-0.6276010231863594,1.0,0.6000000000000001
101100001000000001000100001000010101,2282,0.03975882230094612,-0.7287036029625051,1.0,1.0
100100001000000000000101101010001101,4862,0.02981911672570959,-0.6670974743304074,1.0,1.0
101100001000000001001100001110000101,7818,0.17632626778750374,-0.40422886563338467,0.6000000000000001,1.0
101100000110000001001100001010010100,9436,0.5505745269223348,0.10620685806806734,0.20000000000000015,1.0
101000001010000011000100000110010101,850,0.010999901789096473,-0.5384264819873382,1.0,1.0
101000101110000001000100001110100101,9784,11.909465369743732,11.333765413132753,1.3877787807814457E-16,1.0
001100001010000001000100001010000001,3836,0.07268250975604229,-0.47137010647268285,1.0,0.8
100100001000001000000110001011010101,5034,11.93448601523879,11.197799546381948,1.3877787807814457E-16,1.0
101100001000000001000100001110010101,5902,0.028325963172588828,-0.62726605832498,1.0,1.0
101100001011000011100100101111000101,876,11.908362545864609,11.405949744507097,1.3877787807814457E-16,1.0
101100001000000001000101101010001101,9078,0.009939705575236527,-0.5706154278456519,1.0,1.0
100100001000000000000100001010000101,7150,0.2188506422067548,-0.7219636845940995,1.0,0.6000000000000001
101010001000010001000100001010010101,6490,0.5442810250602049,-0.10090699150404936,0.20000000000000015,1.0
101100001000000011000000001110000101,6174,0.09468231333423527,-0.5097235756312247,1.0,0.8
100101001011000000110100001100000101,4242,11.907330624893042,11.388332329986358,1.3877787807814457E-16,1.0
101000001000000001000100000010010101,1480,0.14108204645513905,-0.5528436308243686,1.0,0.7000000000000001
100010001000000000000100001100000101,1350,0.1355554125807508,-0.876346418635528,1.0,0.8
100100011000000000000100001010010101,6636,11.938218508452179,11.204099303032027,1.3877787807814457E-16,1.0
101100001110100001000100101000010101,9684,0.538961291255201,0.0016517877683630555,0.20000000000000015,1.0
101010001000000011100000001010010101,2226,11.921655944955841,11.312513173273095,1.3877787807814457E-16,1.0
100100001000000000000100001011010101,5836,0.11989244837702369,-0.6661705103480575,0.8,1.0
101100001000000001000100001010010101,7752,0.02981911672570959,-0.6670974743304074,1.0,1.0
101010001000000001000100001000010101,6450,0.08006326833860787,-0.7517913264837395,1.0,0.9
101100001000100001000001111010001101,9952,0.5242275032520138,0.03273496542017834,0.20000000000000015,1.0
101100001000000001000111101000011101,7984,0.32788626886361,-0.35781760380786337,0.40000000000000013,1.0
101010001000000001000100001110000101,1414,0.03718127421479806,-0.7239677883528386,1.0,1.0
100100001000001000000101101010011101,9036,0.18184889647336264,-0.37706224454794846,0.6000000000000001,1.0
101100011000000001000100001010010101,4076,11.920235032226191,11.298138651875119,1.3877787807814457E-16,1.0
000100101000000000100101101010001001,8744,11.897398167244162,11.458496938969175,1.3877787807814457E-16,1.0
101010001000000001000100001010010101,9894,0.03718127421479807,-0.7239677883528388,1.0,1.0
100100001000000000010100001010010101,3408,0.10856698528631828,-0.5900837743534219,0.8,1.0
100010001000000000000100001110110101,2478,0.12620995422532474,-0.7145570628911493,0.8,1.0
110100001001100000000100001000010101,6674,11.94177190780871,11.14976623846653,1.3877787807814457E-16,1.0
100110001000000110000100001110000101,8786,0.35007525163052955,-0.4444072433881276,0.40000000000000013,1.0
100110001000000000001100001110110101,440,11.931443032329346,11.234266788013997,1.3877787807814457E-16,1.0
101100001000000001000101101010001101,7320,0.009939705575236527,-0.5706154278456519,1.0,1.0
111000010111010001010010101101010110,220,11.908130256135717,11.384325621717988,1.3877787807814457E-16,1.0
101000001110000001000100101010000101,9226,0.019879411150473054,-0.6150959726775999,1.0,1.0
101000001110000001000100001000010101,8634,0.02981911672570959,-0.6670974743304072,1.0,1.0
100110001000000000000100011110010101,7778,0.35007525163052955,-0.4444072433881276,0.40000000000000013,1.0
101000001100000001000100011110000101,2790,0.20195254296476273,-0.5143589209538809,0.6000000000000001,1.0
100010001000000000000100001000010101,8702,0.09719102074521484,-0.914710810471064,1.0,0.9
110101001000010000001100101010000101,5800,11.900916398694362,11.318691182919311,1.3877787807814457E-16,1.0
000010101010000000000100001000010001,2992,0.20043444938752805,-0.4684159387837409,0.6000000000000001,1.0
100100001000000000000101101010011101,2816,0.02832596317258884,-0.62726605832498,1.0,1.0
110100001010000000000100011010010101,5724,11.941536946768673,11.101511896076095,1.3877787807814457E-16,1.0
001111110100100011111010100110000000,0,11.967695158624375,11.629315363461448,1.3877787807814457E-16,1.0
100000001110001000000100001010010101,2980,0.19246213887939861,-0.44564938146517186,0.6000000000000001,1.0
101100001000000001000100001000010101,6364,0.03975882230094612,-0.7287036029625051,1.0,1.0
101010001000000001000100001010010101,3998,0.03718127421479807,-0.7239677883528388,1.0,1.0
101100001000000001000100001010010101,8474,0.02981911672570959,-0.6670974743304074,1.0,1.0
100010001110000000000100011010010101,4256,0.5707882051958907,-0.2115603961107282,0.20000000000000015,1.0
101000001010000011000100000011000101,636,0.08436385184805169,-0.4949536773019426,1.0,0.8
101010001000100001000100001010010101,7888,0.1917863561909257,-0.4559032117853544,0.6000000000000001,1.0
100010001000000010001100001110110101,828,11.931443032329346,11.234266788013997,1.3877787807814457E-16,1.0
101100001000000001000100001110010101,4970,0.028325963172588828,-0.62726605832498,1.0,1.0
100100001000000000000100001000010101,7648,0.059638233451419186,-0.8937847873379051,1.0,1.0
100000001110000000000100101010010101,6028,0.20415451310905233,-0.5121156692844809,1.0,0.6000000000000001
101100001000000001000100000110000101,7184,0.09604519394006107,-0.5473746042305424,1.0,0.8
100000001110000000000100001011010101,4352,0.1104504606528274,-0.6058197217407059,0.8,1.0
101100001000000001000100001010010101,4128,0.02981911672570959,-0.6670974743304074,1.0,1.0
011100001000100001000101101010001001,9082,11.89661093780951,11.395519892811414,1.3877787807814457E-16,1.0
100000001110000000000100001110010101,1768,0.03776795089678511,-0.6785022314967482,1.0,1.0
100100001000000000000100001010010101,8942,0.049698527876182653,-0.8028460464800199,1.0,1.0
101100001000000001000110001010010101,4624,0.56251040728778,-0.21654040507784034,0.20000000000000015,1.0
100100001000000000000100001000010101,5352,0.059638233451419186,-0.8937847873379051,1.0,1.0
100100001000000010000101101010001111,1654,0.5610165812014912,-0.17510015400239765,0.20000000000000015,1.0
100101001000000000010101101010001101,8024,0.5275786231743163,0.026487578176218385,0.20000000000000015,1.0
010101000010101110000100001110010010,380,11.898123484396981,11.418560167432982,1.3877787807814457E-16,1.0
100100001010000000000100001000010101,4528,0.049698527876182653,-0.8028460464800199,1.0,1.0
100100001000000000000100001000110101,9060,0.060141469030857646,-0.8653211398613998,1.0,1.0
101100001000000001000100001110000101,5634,0.02981911672570959,-0.6670974743304074,1.0,1.0
100100001000000000000100000010010101,8260,0.11940787812407987,-0.6878429130754004,1.0,0.8
101010001000010001100101101011001101,1898,11.895834751465845,11.395185315354004,1.3877787807814457E-16,1.0
100000001000000000000000001010010101,9206,0.7998111529316629,-0.09948970697903747,1.0,0.10000000000000014
100100000001000010000100101001010100,7198,0.20995014844856535,-0.4104168857439451,0.6000000000000001,1.0
101010001000000001000100001010000101,1694,0.11163278112385498,-0.7053878259312648,1.0,0.8
100010001010000000000100001000010101,6556,0.1269915363774473,-0.7872380767725862,0.8,1.0
101100101001000001000101000110001101,3480,0.18092985046076615,-0.2726900252193614,0.6000000000000001,1.0
110110001000001000000100001110110101,606,11.939554930326398,11.18491475745584,1.3877787807814457E-16,1.0
101010001110000011000100101010010101,4432,0.3236408256711369,-0.28312868970048916,0.40000000000000013,1.0
111010010011110111000100000001000100,408,11.902462333852455,11.412397286571371,1.3877787807814457E-16,1.0
101000001110100001000101001010011101,8156,0.08584252854148931,-0.39588925522515517,0.8,1.0
101100001000001001000101101000001101,9182,0.07914028869688446,-0.45809801320886434,0.8,1.0
101000001110000101000000001010010101,7886,0.09455211248373002,-0.5244147101996178,0.8,1.0
100000001100000000001100000011010101,5774,0.1883863657904602,-0.4160195231749997,0.6000000000000001,1.0
111101001000000001000100001011010101,1708,11.915333264656896,11.27504823443428,1.3877787807814457E-16,1.0
101000001110000001000100001010110101,6278,0.1000566610824171,-0.5628742380063781,0.8,1.0
100000001000000000000100001100000101,9264,0.3614119024974132,-0.7097124318807839,1.0,0.40000000000000013
100010001000000000000100001010010101,7940,0.05430902662140502,-0.8599205865286285,1.0,1.0
101000001000000001000100001000010101,5144,0.1581477339848974,-0.6778111154093193,1.0,0.7000000000000001
100000001010100010000101101011001111,706,11.912628337529028,11.310706830780589,1.3877787807814457E-16,1.0
100100001010000010001111101001011111,466,11.921585781059798,11.26599375956223,1.3877787807814457E-16,1.0
100010001000000000000100001000010101,5520,0.09719102074521484,-0.914710810471064,1.0,0.9
101000001110000011000000000000010101,7934,0.04749162975566679,-0.4952476678093458,1.0,0.9
100100001000000000000100001110000101,6322,0.12238103763222494,-0.7301635367239776,1.0,0.8
100100001000000000000100001010010101,2196,0.049698527876182653,-0.8028460464800199,1.0,1.0
101100001000000001000100101010000101,9658,0.02981911672570959,-0.6670974743304074,1.0,1.0
101000001100000001000101001010011101,6506,0.009939705575236527,-0.5706154278456519,1.0,1.0
101100001000010011000101101010001101,9726,11.902701805611406,11.411508839231798,1.3877787807814457E-16,1.0
100101001010000000000100001010010101,7748,0.09256192090651535,-0.5424134629215578,0.8,1.0
101010001110100001100100001000010101,3596,11.91564435339314,11.343755716486255,1.3877787807814457E-16,1.0
101100001000000001001100101110000101,4162,0.30789699422822436,-0.24650693258063566,0.40000000000000013,1.0
100010001000000000000100001100000101,4160,0.1355554125807508,-0.876346418635528,1.0,0.8
101100001000000001000111101010001101,5950,0.5471972456734735,-0.12294071857813282,0.20000000000000015,1.0
100010001000000000000100001110000101,2998,0.05430902662140502,-0.8599205865286285,1.0,1.0
001000001000000001000100001110000001,2288,0.1816997238265737,-0.4423248141246675,1.0,0.6000000000000001
100100001110000000000110000000010101,3174,0.5738512302763078,-0.2503708743542158,0.20000000000000015,1.0
100100001010000000000111001000011101,7280,0.56251040728778,-0.21654040507784023,0.20000000000000015,1.0
001110001010000001000100001010010001,7494,0.08725402268103803,-0.4800675414996173,0.8,1.0
101100001000000001000101101010011101,9122,0.009441987724196273,-0.5449619390846638,1.0,1.0
100000001111000000000101101010001101,8906,0.018883975448392567,-0.5832246426841103,1.0,1.0
000100111011101000001000010111010011,0,11.9151437416201,11.535008816661277,1.3877787807814457E-16,1.0
101100001000000001000100001110000101,8304,0.02981911672570959,-0.6670974743304074,1.0,1.0
101100001000010001000100011110010101,3438,11.911643484622523,11.321690895321845,1.3877787807814457E-16,1.0
100100001000000000000100001000010101,6912,0.059638233451419186,-0.8937847873379051,1.0,1.0
100100001000000100000111101010001101,6768,11.934961151209425,11.150797473790917,1.3877787807814457E-16,1.0
100111001000010010001011101101011111,382,11.90569643063825,11.360546429631395,1.3877787807814457E-16,1.0
101100001000000001000100001000010101,3754,0.03975882230094612,-0.7287036029625051,1.0,1.0
100100001000000100000100001110000101,6492,0.12463214936077924,-0.720914025592044,0.8,1.0
100100001000000000000100001010010101,6708,0.049698527876182653,-0.8028460464800199,1.0,1.0
101010001000000001000100101001010101,6820,0.11461846534962229,-0.6173159500985306,0.8,1.0
101000001110000001000100001000010101,7148,0.02981911672570959,-0.6670974743304072,1.0,1.0
101100001000000001000100001000010101,5088,0.03975882230094612,-0.7287036029625051,1.0,1.0
101100001000100001001110001000010111,5304,11.922024311662907,11.22700441099646,1.3877787807814457E-16,1.0
100010101000000000000100101110000111,7762,11.938887840167446,11.15509455575336,1.3877787807814457E-16,1.0
101100001000000001000110111100000101,7216,11.93991009205996,11.144218851938065,1.3877787807814457E-16,1.0
101100001000000011011001101110011101,8714,11.925747675643816,11.514639923768208,1.3877787807814457E-16,1.0
100010001000000000000100001000010101,2606,0.09719102074521484,-0.914710810471064,1.0,0.9
100100001000000000000000001000000101,8694,0.45442300012483217,-0.5897692858530919,1.0,0.30000000000000016
100100101000000000010100001010010101,8588,0.18881584912004562,-0.4001063284347596,0.6000000000000001,1.0
001100001000000001000101001000111001,5962,0.08725402268103803,-0.4800675414996173,1.0,0.8
100010001000000000000100101100000101,1714,0.13282397878689994,-0.7926386301053575,0.8,1.0
100101001000000000000101101011101101,8136,11.911643484622523,11.321690895321845,1.3877787807814457E-16,1.0
101010001000000001000100001010000101,5534,0.11163278112385498,-0.7053878259312648,1.0,0.8
101010001000000001000100001010010101,3284,0.03718127421479807,-0.7239677883528388,1.0,1.0
111010100000011101010100001110110100,266,11.89917591758945,11.406662009120554,1.3877787807814457E-16,1.0
101100001000000001010100001010010101,6104,0.08894918756002906,-0.4958370517670382,0.8,1.0
101000001110000001001100001000010101,4590,0.3083947120792646,-0.2721604213416238,0.40000000000000013,1.0
101000011010000011000100001111000101,770,11.910424768141338,11.357935990629072,1.3877787807814457E-16,1.0
101100001000000001000100001010010101,4892,0.02981911672570959,-0.6670974743304074,1.0,1.0
100100001001000000000100001010010111,6000,0.5757322123812822,-0.28071770774824945,0.20000000000000015,1.0
100100001000000000000100001010000101,9396,0.2188506422067548,-0.7219636845940995,1.0,0.6000000000000001
110010001010000100000100001010010101,5662,11.944873572283889,11.062674719394284,1.3877787807814457E-16,1.0
100100001000000000001100001010010101,3302,0.1962056789379768,-0.5007109121181401,0.6000000000000001,1.0
101100001000000001010100101000010111,7378,11.92720012266887,11.240003112550847,1.3877787807814457E-16,1.0
001000001010000011000100001110110001,568,0.08646042883988603,-0.45480551971599514,0.8,1.0
101100001000000001000100001000010101,7308,0.03975882230094612,-0.7287036029625051,1.0,1.0
100000001010000000000100001111000101,702,0.20614538451321335,-0.5623170407502377,1.0,0.6000000000000001
100100001010000000000100001010010101,6040,0.03975882230094612,-0.7287036029625051,1.0,1.0
101010001010000001000100001010010101,8520,0.10129990776753688,-0.5982484393024486,0.8,1.0
101000001110000001000100001010010101,9370,0.01987941115047306,-0.6150959726776001,1.0,1.0
110100001000100000000101101110001101,7782,11.919914230098948,11.277377538652399,1.3877787807814457E-16,1.0
101100001000000001000101101010001101,8034,0.009939705575236527,-0.5706154278456519,1.0,1.0
101100001000000001000100001000010101,4622,0.03975882230094612,-0.7287036029625051,1.0,1.0
111100001000000001000100001000010101,5460,0.2123260470551866,-0.6321255965332051,0.6000000000000001,1.0
110110001001110110000101001111001101,456,11.916015863746027,11.334470441111225,1.3877787807814457E-16,1.0
100100101110000000000101011000011101,3258,11.916566618457589,11.323367596744554,1.3877787807814457E-16,1.0
101000001110000001000100011100010101,4508,0.2004717548530919,-0.4790346351067195,0.6000000000000001,1.0
111100001000000001000101101010011101,7568,0.18846000898195367,-0.45182502124066126,0.6000000000000001,1.0
101110001000000001000100001110010101,3228,0.03408519264082468,-0.6454211973189868,1.0,1.0
101010001000000001000100000000010101,6662,0.0769796079204204,-0.7151386668925728,1.0,0.9
101010001000000001000101101011001101,6842,0.019182321900254106,-0.5959939265397625,1.0,1.0
100100001000000000000101001010001101,8208,0.10416095775273483,-0.6450643128962421,1.0,0.8
101000000000000001000100001110010100,2622,0.18054954379856164,-0.3970578845401307,1.0,0.6000000000000001
101100001000000001000100000010010101,6084,0.023362684184018788,-0.6200571139865847,1.0,1.0
100100001100000000000101001000011111,6436,0.5683743967913868,-0.22420113693226051,0.20000000000000015,1.0
101010001000000001000101101010001101,8318,0.020053521808191095,-0.6251344947560631,1.0,1.0
101100001000000001000100001000010101,8580,0.03975882230094612,-0.7287036029625051,1.0,1.0
100010001000000000100100101010010101,2612,11.941056522642791,11.194523083345372,1.3877787807814457E-16,1.0
001100001000100011000100001010010001,3614,0.17080900831012255,-0.2831331008553145,0.6000000000000001,1.0
100010001000000000000100000010010101,3986,0.08680572944861498,-0.7928003166295765,1.0,0.9
100010001000000000000100001000010101,4882,0.09719102074521484,-0.914710810471064,1.0,0.9
101010001000000001000100001110000101,8228,0.03718127421479806,-0.7239677883528386,1.0,1.0
100010001000000000000100001110000101,9552,0.05430902662140502,-0.8599205865286285,1.0,1.0
101010001000000001000100101010010101,8210,0.03556598075249552,-0.6807454831661484,1.0,1.0
100010001000010000000101001110011101,1166,11.912442139787464,11.297265891347447,1.3877787807814457E-16,1.0
100010001000000000000110001100010101,2502,0.35988372650398887,-0.6144989650801076,0.40000000000000013,1.0
100100001110000000000110011111000101,1312,11.938389307290073,11.180174897532671,1.3877787807814457E-16,1.0
101100001000000001000100001010000101,3768,0.10416095775273483,-0.6450643128962421,1.0,0.8
100010001000000010110101101010001111,1784,11.923743701347098,11.284409152285468,1.3877787807814457E-16,1.0
101000001000000001000100001010010101,1298,0.10416095775273485,-0.6450643128962421,1.0,0.8
001110000000000001000100001000010000,9346,0.09429647936628222,-0.464408536795342,1.0,0.8
100010001000000000000100001010010101,5124,0.05430902662140502,-0.8599205865286285,1.0,1.0
101010001000000001000100001010010101,6822,0.03718127421479807,-0.7239677883528388,1.0,1.0
101000001010000011100100001100000101,1240,11.920235032226191,11.298138651875119,1.3877787807814457E-16,1.0
000100001000000000000100001010010001,3542,0.20887550697115048,-0.5410061995142365,1.0,0.6000000000000001
100100001000000000000100001010010101,2266,0.049698527876182653,-0.8028460464800199,1.0,1.0
100100001000000000000100000000010101,8002,0.17458318044935434,-0.7414981516163526,1.0,0.7000000000000001
101000001010000001000100000010010101,9186,0.08513529798895814,-0.5320965327379859,1.0,0.8
101100001000000001001100001110000101,9082,0.17632626778750374,-0.40422886563338467,0.6000000000000001,1.0
111010001000000001000100001001010101,4800,0.3467321353854918,-0.4932929153070856,0.40000000000000013,1.0
001100001001000001000100001010000001,7392,0.08684549134233671,-0.49076193699635584,1.0,0.8
100100001000000000000001101011001111,5990,0.5573099879348765,-0.14159913818217873,0.20000000000000015,1.0
101000001110000001000101101010001101,8424,0.0,-0.5321342441674861,1.0,1.0
101100001000000001000100001010010101,6800,0.02981911672570959,-0.6670974743304074,1.0,1.0
100010001000000000000100001010000101,9596,0.1295754315102834,-0.8738730162920946,1.0,0.8
111001011111010011000111101011001111,234,11.90247118206089,11.359418663019717,1.3877787807814457E-16,1.0
101010001000000001000101101110001101,8276,0.0918648316562964,-0.5233114167837202,0.8,1.0
101100001000000001000100001110000101,9688,0.02981911672570959,-0.6670974743304074,1.0,1.0
100100001000000000000101101010001101,2576,0.02981911672570959,-0.6670974743304074,1.0,1.0
100100001000000000001100001010010101,4914,0.1962056789379768,-0.5007109121181401,0.6000000000000001,1.0
101000001000000001000100001010010101,5120,0.10416095775273485,-0.6450643128962421,1.0,0.8
101100001000000001000100001110100101,9918,0.10824849050853781,-0.608062973410106,0.8,1.0
100100011000000000000100001010010101,5940,11.938218508452179,11.204099303032027,1.3877787807814457E-16,1.0
100100001111000000000100001010010101,5976,0.10864946220801801,-0.5660153947303722,0.8,1.0
000100001001000000000100001010010001,7314,0.20590709771774862,-0.47777110340486995,1.0,0.6000000000000001
100100001000000000000100001010010101,5054,0.049698527876182653,-0.8028460464800199,1.0,1.0
100100001010000000000101101010001101,9686,0.019879411150473054,-0.6150959726776,1.0,1.0
101100001000000001000100101010010111,4136,11.930048895836686,11.193932160632798,1.3877787807814457E-16,1.0
100000001110000000000100001010010101,4602,0.20614538451321335,-0.5623170407502379,1.0,0.6000000000000001
100100001000000000000100001010010101,4780,0.049698527876182653,-0.8028460464800199,1.0,1.0
101100001000000001000100001000010101,5814,0.03975882230094612,-0.7287036029625051,1.0,1.0
100100001110000000000100001010010101,7240,0.1104504606528274,-0.605819721740706,0.8,1.0
101100001000000001000100000000010101,7606,0.06936214419653453,-0.6488271286957026,1.0,0.9
101001001111010001100110001000110101,3464,11.90719958664689,11.351233052548908,1.3877787807814457E-16,1.0
100010001000000000000100000010000101,1468,0.2811456520579077,-0.692867394944623,1.0,0.5000000000000001
100110001000010000000100001010010101,3372,11.928825798639705,11.21251433472106,1.3877787807814457E-16,1.0
110110001001111110001001100110111101,420,11.89506838035754,11.43969945787545,1.3877787807814457E-16,1.0
101100001110000011000100001110000101,2738,0.09066598598203014,-0.4844283920913047,0.8,1.0
101100001000010001000100001010010101,3694,0.5341672088272503,-0.04638792459363816,0.20000000000000015,1.0
100010001000000000000100101010010101,5320,0.05194963960473695,-0.7935965353480864,1.0,1.0
101000001110000001100100001010010101,6186,0.5422109794780017,-0.03288339859533318,0.20000000000000015,1.0
101000001110000001000100001110000101,1154,0.019879411150473054,-0.6150959726775999,1.0,1.0
100010001000000000000100001110010101,8238,0.05194963960473695,-0.7935965353480864,1.0,1.0
101010001000000001000100000010010101,7504,0.06715348639222582,-0.650809167021855,1.0,0.9
101100001000000011010101001100001101,8394,0.07882096886679518,-0.4377874503104979,0.8,1.0
101000001100000001010100001010010101,7802,0.08894918756002906,-0.4958370517670382,0.8,1.0
100100001001000000000100001010010101,1368,0.0472099386209814,-0.7388530201040999,1.0,1.0
101100001000000001000100101010010101,8978,0.028325963172588835,-0.62726605832498,1.0,1.0
111000001110000001000100001010010101,7266,0.5548538264806268,-0.16658447232124773,0.20000000000000015,1.0
100100001000000000000100001110010101,5636,0.0472099386209814,-0.7388530201040998,1.0,1.0
101100001100010001000100001110010101,8126,11.902251556000204,11.369595261520391,1.3877787807814457E-16,1.0
101000001110000001100101101010001101,9256,11.893259817887209,11.399253124068691,1.3877787807814457E-16,1.0
101100001000000001000100001010100101,9760,0.10986378397084035,-0.6512852785967964,0.8,1.0
100010001000100000000100001010010101,1232,0.20871955217669802,-0.552484446549891,0.6000000000000001,1.0
100100001000001000000100001000010101,6688,0.2120799366056878,-0.5562799955188039,0.6000000000000001,1.0
100100001000000000000110001000010101,4920,0.3597076529612539,-0.6475415744103179,0.40000000000000013,1.0
100100001110001000000100011010010101,6908,11.924335551981047,11.289272482382893,1.3877787807814457E-16,1.0
101000001110000001000100001010000101,9606,0.09366814175383731,-0.582182466614836,1.0,0.8
101100001000000001000100001110000101,3906,0.02981911672570959,-0.6670974743304074,1.0,1.0
100100001000000100000101001010011101,9034,0.10824849050853781,-0.608062973410106,0.8,1.0
111001010111010101111101101011011100,212,11.930634239573257,11.535556305177225,1.3877787807814457E-16,1.0
100010001000000000000110001110010101,2466,0.5790804276927262,-0.323814506335111,0.20000000000000015,1.0
100100001010000000000100001000010101,4458,0.049698527876182653,-0.8028460464800199,1.0,1.0
100010001000000000000101101000011101,8404,0.07807592809912256,-0.6985338934993912,1.0,0.9
101000001110000001000101011010011101,8608,0.1773770546864006,-0.3946814012111697,0.6000000000000001,1.0
100100001011000010000100001101010111,626,11.93936710931027,11.212262158001167,1.3877787807814457E-16,1.0
101010001001000011000100001100010101,3984,0.2066463051050253,-0.4883848949210451,0.6000000000000001,1.0
101100001000000001000101101010011101,9058,0.009441987724196273,-0.5449619390846638,1.0,1.0
101100011000010001000100001000010101,4438,11.911243294113197,11.336148916039862,1.3877787807814457E-16,1.0
100100001000000000000100001010010101,8458,0.049698527876182653,-0.8028460464800199,1.0,1.0
101100001000000001001101101010001101,9968,0.3083947120792646,-0.20006034173819304,0.40000000000000013,1.0
110010001000000010000100001000010101,9450,0.35988372650398887,-0.6144989650801076,0.40000000000000013,1.0
101100001010000001000101101010001101,9540,0.0,-0.5321342441674862,1.0,1.0
101100001000000001000100001010010101,9228,0.02981911672570959,-0.6670974743304074,1.0,1.0
101100001000000001100100101010010101,6106,11.919007243268402,11.324626204775084,1.3877787807814457E-16,1.0
100010001100000000000100001110000101,2314,0.12463214936077924,-0.7209140255920441,0.8,1.0
101000001100000001000100001000010101,6500,0.07407694022145245,-0.6943854850419986,1.0,0.9
100010001000001000000100101010010101,6846,0.3389688861453359,-0.3784112251430812,0.40000000000000013,1.0
101010001000000001000110001100010101,8832,0.3467321353854918,-0.4932929153070859,0.40000000000000013,1.0
100110001011110110001001110101001111,572,11.902234437981805,11.409828330289642,1.3877787807814457E-16,1.0
111010001000000001001101101010001101,7280,11.909214358400346,11.276039241333299,1.3877787807814457E-16,1.0
101100001000000001000101101010001101,6944,0.009939705575236527,-0.5706154278456519,1.0,1.0
100010001000000000000100011110000101,2048,0.22196754223349915,-0.6749707195759374,0.6000000000000001,1.0
100100001000000000000100011110000101,9042,0.21833620181700417,-0.627209973135819,0.6000000000000001,1.0
101010001000000001000100100010000101,4904,0.06715348639222582,-0.650809167021855,1.0,0.9
101100001000000001000100001010010101,7082,0.02981911672570959,-0.6670974743304074,1.0,1.0
100010001010000000000100001100000101,2758,0.1269915363774473,-0.7872380767725862,0.8,1.0
100100000000000000000100001000010100,3246,0.2824244230931635,-0.5852155364522243,1.0,0.5000000000000001
101000001010000011000111001110001111,1052,11.918165394353041,11.224239717073534,1.3877787807814457E-16,1.0
001000001010000011000100001110110011,198,0.5504619329400832,-0.08202671742730772,0.20000000000000015,1.0
100100000000011010001011111111011110,652,11.893259817887209,11.428830331220809,1.3877787807814457E-16,1.0
100100001100000000000100001110000101,2048,0.11989244837702369,-0.6661705103480576,0.8,1.0
101100001000000001000100001010010101,6704,0.02981911672570959,-0.6670974743304074,1.0,1.0
101010001000000001000101101000011101,9074,0.06169226924688115,-0.6012386298419142,1.0,0.9
101100001000000001000100001110100101,7388,0.10824849050853781,-0.608062973410106,0.8,1.0
101100001000100001001100000010010101,9594,0.5396578414377863,0.07154256731145375,0.20000000000000015,1.0
100110001000000000000100001000010101,9558,0.060141469030857646,-0.8653211398613998,1.0,1.0
000101101100011110010000110101000011,0,11.902927403560897,11.499829692651941,1.3877787807814457E-16,1.0
101100001000000001000100001100010101,4520,0.03776795089678511,-0.6785022314967482,1.0,1.0
101110001000000001000100001000010101,2520,0.04375781017861623,-0.7328520114198975,1.0,1.0
100010001000000000000100001011010111,2458,11.948112742327922,11.045217808300084,1.3877787807814457E-16,1.0
101100001000000001000100001010010101,4484,0.02981911672570959,-0.6670974743304074,1.0,1.0
100100001110000000000100000100110101,946,0.11807395671863238,-0.591667373273356,0.8,1.0
100110001000000000110100001110000101,868,11.930567377063763,11.279595004752432,1.3877787807814457E-16,1.0
101010001000000001000100001010010101,3142,0.03718127421479807,-0.7239677883528388,1.0,1.0
100101001000000000000100001010010101,8274,0.10250162648175187,-0.5944149645743649,0.8,1.0
101100001000000001000100000010000101,1668,0.1912921386780989,-0.5026335386014086,1.0,0.6000000000000001
100101001010000000000100001010010101,3960,0.09256192090651535,-0.5424134629215578,0.8,1.0
101100011010000001000100011010010101,9496,11.918445637054319,11.311676121682693,1.3877787807814457E-16,1.0
101010001000000001000101001010001101,5176,0.09369013073742655,-0.5878196271263082,1.0,0.8
101010001000000001000100001000000101,2636,0.27369409330901273,-0.6283104579838223,1.0,0.5000000000000001
100010001010000000000100001110000101,2640,0.11842766017414383,-0.7134269346482035,0.8,1.0
001000101110000001000101101010001001,9454,0.21283162702813468,-0.20820278670394637,0.6000000000000001,1.0
111000001010000011000100001111000101,660,0.32788626886361,-0.35781760380786337,0.40000000000000013,1.0
100011001000000000000100001010010101,1362,0.10986378397084036,-0.6512852785967965,0.8,1.0
101010001001000011011100001010010101,1474,11.901028751410669,11.381181309929124,1.3877787807814457E-16,1.0
100110001000000000001100001110010101,766,0.3325401991448527,-0.3469661908149588,0.40000000000000013,1.0
110100101000000000000100001000010101,6414,0.34891690798242964,-0.49368289733764886,0.40000000000000013,1.0
100010001000000010000100001000010101,6168,0.13282397878689994,-0.7926386301053575,0.8,1.0
101100001000000001000101101010001101,7742,0.009939705575236527,-0.5706154278456519,1.0,1.0
101100001000000001000101101000011101,7642,0.01888397544839256,-0.5832246426841103,1.0,1.0
101100001000000001001101000010011101,5156,0.32181769068804683,-0.1543403719605706,0.40000000000000013,1.0
101110001001000001000100001010010101,5694,0.03408519264082468,-0.6454211973189866,1.0,1.0
110010000100110110001011100111001110,218,11.90553316977025,11.373303208092926,1.3877787807814457E-16,1.0
110100001100000000000111101010001101,1516,11.935451392297688,11.138587629636763,1.3877787807814457E-16,1.0
100010001000010000000100001110010101,3126,11.928825798639705,11.21251433472106,1.3877787807814457E-16,1.0
100100011000001000100100101010010101,3874,11.921737352033055,11.366718400693708,1.3877787807814457E-16,1.0
101000001000000001000100001110000101,6874,0.10416095775273485,-0.6450643128962421,1.0,0.8
101100001000000001000100011010010101,9562,0.20195254296476273,-0.5143589209538811,0.6000000000000001,1.0
001100101000000001100101101010001001,8674,11.92162448635173,11.509969724207403,1.3877787807814457E-16,1.0
100010001000000000000100001000000101,3428,0.2916367436954412,-0.8357111149636064,1.0,0.5000000000000001
101100001000000001000100001010000101,1568,0.10416095775273483,-0.6450643128962421,1.0,0.8
101000001000000001000100001010010101,3170,0.10416095775273485,-0.6450643128962421,1.0,0.8
100010001000010000010101101110001101,4308,11.90136259381547,11.36433793717567,1.3877787807814457E-16,1.0
101100101001000001000100001011010101,4072,0.18112035021545442,-0.35618915327138356,0.6000000000000001,1.0
101000001110000101000100001010010101,6572,0.1000566610824171,-0.5628742380063781,0.8,1.0
110010001110000000000100001110000101,3366,11.941536946768673,11.101511896076095,1.3877787807814457E-16,1.0
100100001000000000000100001010010101,8622,0.049698527876182653,-0.8028460464800199,1.0,1.0
101100001000000011000100001010010101,5788,0.028325963172588835,-0.62726605832498,1.0,1.0
001000000000011011001011101100111000,600,11.949426279314785,11.56281114330565,1.3877787807814457E-16,1.0
101100001000001001000101001010011101,7742,0.16973768213456966,-0.33135336286352834,0.6000000000000001,1.0
100110001000000000000100111010000101,8224,0.12620995422532474,-0.7145570628911492,0.8,1.0
100100001000000000000101111010001101,8112,0.10824849050853781,-0.6080629734101058,0.8,1.0
101010001000000011000100001010010101,8430,0.10824849050853781,-0.6080629734101061,0.8,1.0
101100001000000001000101101010001101,6278,0.009939705575236527,-0.5706154278456519,1.0,1.0
001110001010110101111010010110110011,342,11.896591845547002,11.426901723765695,1.3877787807814457E-16,1.0
000110001000000000000100101111010001,1156,0.20659335922324984,-0.4255723007142076,0.6000000000000001,1.0
101010101000000001000100001010010101,6920,0.09808230373470077,-0.5496072642415794,0.8,1.0
100100001000000000101100011110000101,9062,11.925982598917143,11.277248466811042,1.3877787807814457E-16,1.0
101110001000000001000000001000010101,3312,0.07486659133901163,-0.6617633056666015,1.0,0.9
111000010010101111000110011110110110,146,11.923398096537872,11.300858757284969,1.3877787807814457E-16,1.0
100010001000000000000100001110000101,6566,0.05430902662140502,-0.8599205865286285,1.0,1.0
100100001000001000000100001010010101,8084,0.2022710377425432,-0.4963797218971969,0.6000000000000001,1.0
101000001110000001000100001110000101,1342,0.019879411150473054,-0.6150959726775999,1.0,1.0
100100001110000000000100001000010101,6070,0.11989244837702369,-0.6661705103480576,0.8,1.0
100010001000000010000100001010010101,9574,0.12463214936077924,-0.7209140255920441,0.8,1.0
101100001000000001000100001110000101,3952,0.02981911672570959,-0.6670974743304074,1.0,1.0
101000001110000001000101001011011111,7978,11.907975449067001,11.308936507193467,1.3877787807814457E-16,1.0
101100001000000001000101111010001101,2100,0.0918648316562964,-0.5233114167837202,0.8,1.0
101100101000000001000000111010010101,6470,0.31604240329923766,-0.2351472671221198,0.40000000000000013,1.0
000110001000111110000001100001001011,164,11.893259817887209,11.453132555716303,1.3877787807814457E-16,1.0
100110101010101010100100001111010111,1092,11.911422244229994,11.3966988527892,1.3877787807814457E-16,1.0
001100001000000001000100001010010001,8354,0.014162981586294431,-0.563444446752398,1.0,1.0
101101001000000001000100001000010101,7436,0.18626597336274028,-0.44870941046533286,0.6000000000000001,1.0
101010011100000101000101101110011101,6432,11.915616296930292,11.353896594733824,1.3877787807814457E-16,1.0
101000001110000001000100001000010101,5478,0.02981911672570959,-0.6670974743304072,1.0,1.0
101000001110000001000100001010000101,1820,0.09366814175383731,-0.582182466614836,1.0,0.8
100010001000000000000101101010001101,2910,0.03718127421479806,-0.7239677883528386,1.0,1.0
101100001000000001000100101010010101,3342,0.028325963172588835,-0.62726605832498,1.0,1.0
110100001100000000000101001010011101,1500,0.5610165812014912,-0.17510015400239787,0.20000000000000015,1.0
101010001010000001000100001010010101,8712,0.10129990776753688,-0.5982484393024486,0.8,1.0
100100001000000000000100001010010101,8706,0.049698527876182653,-0.8028460464800199,1.0,1.0
101100001000000001000101001010001101,2780,0.0831753257549398,-0.5294312413293498,1.0,0.8
101100011000001001100100001010010101,3822,11.906724739485396,11.403449456643528,1.3877787807814457E-16,1.0
101010001000000011000100001010010101,2512,0.10824849050853781,-0.6080629734101061,0.8,1.0
101100001000100011000111100110001101,2912,11.898421199389537,11.390352231286341,1.3877787807814457E-16,1.0
101010001000000011000100001000110101,9180,0.11924321169991917,-0.6631053896067,0.8,1.0
001000001010000011000100001111000001,780,2.960594732333751E-17,-0.4863099392777857,1.0,1.0
100000011110000000000000001010010101,2094,11.924440569518747,11.297050566042934,1.3877787807814457E-16,1.0
101000001000000011000101101010001101,3810,0.009939705575236527,-0.5706154278456518,1.0,1.0
101100001000000001000100001010010101,3282,0.02981911672570959,-0.6670974743304074,1.0,1.0
101000001000000001000101100010001101,1498,0.11617646998930735,-0.435617840863841,1.0,0.7000000000000001
100100001000000100000101101010011101,9068,0.10676770239686696,-0.5727386875629443,0.8,1.0
100100001000000000000100001000010101,6398,0.059638233451419186,-0.8937847873379051,1.0,1.0
100010001000000000000101011110011101,1046,0.33804896592249933,-0.39219409024415924,0.40000000000000013,1.0
100110001001001000000100001110010101,4850,0.3357625656805818,-0.31520980663074977,0.40000000000000013,1.0
101000101110000001000110001110000101,2952,11.913406802515773,11.28680286132124,1.3877787807814457E-16,1.0
100010001000000000000100001110000101,4760,0.05430902662140502,-0.8599205865286285,1.0,1.0
100111101010001000100100001000010101,7848,11.905511041842884,11.396341662507293,1.3877787807814457E-16,1.0
101100001000000001000101001000011101,8458,0.019879411150473054,-0.6150959726776,1.0,1.0
100000001111000000000101101110011101,4370,0.08984746001017108,-0.4626413175020949,0.8,1.0
101000101010010011000100101110110101,478,11.893259817887209,11.418251312036215,1.3877787807814457E-16,1.0
101100001000000011000100001000010101,8610,0.03776795089678512,-0.6785022314967482,1.0,1.0
101100001000001101001101101010001101,1576,11.90136259381547,11.416447021897488,1.3877787807814457E-16,1.0
011100001000100001000100001110010001,9126,0.5396898375131093,-0.019221303508201948,0.20000000000000015,1.0
101100011000000001100100001010010101,3676,11.917886355388418,11.346829118984548,1.3877787807814457E-16,1.0
100100001000000000010100011010010101,7196,0.5647413828933217,-0.1526387283950954,0.20000000000000015,1.0
100010001000000000000100001010010101,4028,0.05430902662140502,-0.8599205865286285,1.0,1.0
100101001010001000000100001010010101,7842,0.3049127854448702,-0.23232551646087868,0.40000000000000013,1.0
100010001000000000000100001011010101,1390,0.12463214936077924,-0.7209140255920441,0.8,1.0
101010001000000001000100001110000101,1920,0.03718127421479806,-0.7239677883528386,1.0,1.0
101000001010000011000100001110000101,852,0.01987941115047306,-0.6150959726775999,1.0,1.0
100100001000000000000100001000010101,5272,0.059638233451419186,-0.8937847873379051,1.0,1.0
101100011000000011000100001010010101,3310,11.919007243268402,11.324626204775084,1.3877787807814457E-16,1.0
101110001000000001000100001000010101,9530,0.04375781017861623,-0.7328520114198975,1.0,1.0
101100011000000001100100001010010101,4130,11.917886355388418,11.346829118984548,1.3877787807814457E-16,1.0
101100011000000001000100001000010111,8502,11.935748762646092,11.185867056160706,1.3877787807814457E-16,1.0
111100001000000001000100001011010101,9380,0.3352440844535055,-0.40087265075038364,0.40000000000000013,1.0
101010001000000001000100001010010101,2696,0.03718127421479807,-0.7239677883528388,1.0,1.0
100100001000000000000100001110010101,3580,0.0472099386209814,-0.7388530201040998,1.0,1.0
100100001000000000000100001000010101,5602,0.059638233451419186,-0.8937847873379051,1.0,1.0
100010001010010000000000001110010101,978,11.915129420614896,11.296162597931549,1.3877787807814457E-16,1.0
100010001000000000000100001110000101,1538,0.05430902662140502,-0.8599205865286285,1.0,1.0
101100001000010011000100001110010101,7980,11.902251556000204,11.369595261520391,1.3877787807814457E-16,1.0
100100001000000000000100001000010101,4582,0.059638233451419186,-0.8937847873379051,1.0,1.0
000110001000111000010111000001001011,0,11.895504491293797,11.407305462179272,1.3877787807814457E-16,1.0
101100001000000001000101001010001101,8604,0.0831753257549398,-0.5294312413293498,1.0,0.8
100010101011101000100100001111010101,964,11.902198176902498,11.438914347032945,1.3877787807814457E-16,1.0
101100000000000001000100001000010100,2626,0.1445024331618962,-0.5110895883356728,1.0,0.7000000000000001
111010001000000001000100001110000101,8156,0.20959471157116805,-0.6193551652489637,0.6000000000000001,1.0
100100001000000000000100001011010101,8926,0.11989244837702369,-0.6661705103480575,0.8,1.0
101100001000000001000101101010001101,5822,0.009939705575236527,-0.5706154278456519,1.0,1.0
101000001110000001000100001010010101,1696,0.01987941115047306,-0.6150959726776001,1.0,1.0
100100001000010000000101101010001101,1736,0.5341672088272503,-0.04638792459363794,0.20000000000000015,1.0
001000001011011111001011011111111001,416,11.907111075370516,11.470301740525201,1.3877787807814457E-16,1.0
100100001000000000000100001010110101,7692,0.12463214936077924,-0.7209140255920441,0.8,1.0
100010001000000000000100101000010101,7728,0.09445958695136397,-0.8310030219408935,1.0,0.9
101000101110000001000100001010010101,9892,0.1728443411531094,-0.3643939607526395,0.6000000000000001,1.0
100100101101000000000100001010010101,6548,0.3309579097667375,-0.2942984360259006,0.40000000000000013,1.0
101100010000001001000100001010010100,5928,11.897398167244162,11.458496938969173,1.3877787807814457E-16,1.0
101100001000000001000100001010010101,3000,0.02981911672570959,-0.6670974743304074,1.0,1.0
100100011000000000000100001010010101,8374,11.938218508452179,11.204099303032027,1.3877787807814457E-16,1.0
101010001000000001000101101010001101,1610,0.020053521808191095,-0.6251344947560631,1.0,1.0
100100001000000000001101101010001101,6210,0.17632626778750374,-0.40422886563338456,0.6000000000000001,1.0
101100001000000001000100101110010101,3986,0.09965772409502409,-0.5224386562560482,0.8,1.0
101000001110000001000000101101000101,7794,0.09346967751040117,-0.4798703303734745,0.8,1.0
101000001100000001000101101010001101,8266,0.009939705575236527,-0.5706154278456518,1.0,1.0
001100001000000001000100001010110001,8554,0.0981149871594738,-0.5258838020700871,0.8,1.0
100100001000001000000100001000010101,4100,0.2120799366056878,-0.5562799955188039,0.6000000000000001,1.0
101000101110000001001101101010001101,1644,11.926037634398945,11.473844535935662,1.3877787807814457E-16,1.0
101100001010001001000111101110001101,1906,11.898056552389189,11.367600358262923,1.3877787807814457E-16,1.0
101100001000000001000110001000010101,5184,0.34439449134694744,-0.5000571522414445,0.40000000000000013,1.0
100110001000000000000100001011000101,1980,0.05194963960473694,-0.7935965353480863,1.0,1.0
101100001001000001010100001100000101,8488,0.1911727716237052,-0.41459658682587663,0.6000000000000001,1.0
101000011110000001000100101110000101,2240,11.910424768141338,11.357935990629072,1.3877787807814457E-16,1.0
101010001001000011010100001110010101,1178,11.91564435339314,11.343755716486255,1.3877787807814457E-16,1.0
100010001000000000000100001010110101,4532,0.12826348977727423,-0.7686747720321624,0.8,1.0
101100001000000001000000001000010101,2568,0.06936214419653453,-0.6488271286957026,1.0,0.9
100110011000000000000100001110000101,3664,11.941056522642791,11.194523083345372,1.3877787807814457E-16,1.0
100100001010000000000100001000010101,6384,0.049698527876182653,-0.8028460464800199,1.0,1.0
101000000110000001000100001010000100,7420,0.22577249674798583,-0.3182801194807393,1.0,0.5000000000000001
101000101100000011100100001010010101,9600,11.907330624893042,11.388332329986358,1.3877787807814457E-16,1.0
100100001000000000000100101010010101,5564,0.0472099386209814,-0.7388530201040999,1.0,1.0
101100001000000001000100001000010101,7312,0.03975882230094612,-0.7287036029625051,1.0,1.0
101100001000000001000100001010010101,3630,0.02981911672570959,-0.6670974743304074,1.0,1.0
101100001000000001000101101010001101,8958,0.009939705575236527,-0.5706154278456519,1.0,1.0
101010001000000001000100001010010101,8402,0.03718127421479807,-0.7239677883528388,1.0,1.0
101000001010000011000110001110000101,834,11.923886141115823,11.202447842313948,1.3877787807814457E-16,1.0
111101001000000001000100001010010101,6344,0.5471972456734735,-0.12294071857813293,0.20000000000000015,1.0
001000001110000001000100101110010001,1392,0.07268250975604229,-0.3937252660165768,0.8,1.0
101010001000000001000100001110010101,5082,0.03556598075249552,-0.6807454831661484,1.0,1.0
110111001000000000001100011110110111,492,11.93244602281159,11.197196756962812,1.3877787807814457E-16,1.0
101000001111000001001100001010010101,4936,0.5242275032520138,0.012816878241349583,0.20000000000000015,1.0
101100001000000001000101100010001101,8566,0.0,-0.523387879643664,1.0,1.0
101010011000010011010100001110000101,5336,11.90072132972252,11.395769948693541,1.3877787807814457E-16,1.0
100010001000000000000101101011001101,7650,0.03556598075249552,-0.6807454831661484,1.0,1.0
100100001000000000000100001111000101,5914,0.11989244837702369,-0.6661705103480575,1.0,0.8
101000001100000001000100001110000101,1082,0.029819116725709582,-0.6670974743304072,1.0,1.0
010110101010100010000100001111010001,644,11.912158190534683,11.386694189969079,1.3877787807814457E-16,1.0
100110001000000100000100011010010101,7668,0.5789222258264756,-0.2583742719438944,0.20000000000000015,1.0
101000001110000001100100001110010101,2218,11.910424768141338,11.357935990629072,1.3877787807814457E-16,1.0
110100001000000000000100001100010101,2504,0.2252490869314311,-0.7043079615034433,0.6000000000000001,1.0
100010001000011010000101001000011101,5276,11.909465369743732,11.333765413132753,1.3877787807814457E-16,1.0
100010001010000000000100001010010101,2790,0.11842766017414383,-0.7134269346482035,0.8,1.0
100100001000101000000100001000010101,6044,0.5563382804291214,-0.08485703462457195,0.20000000000000015,1.0
010100001010000000000100001010010001,1922,0.20614538451321335,-0.5623170407502379,0.6000000000000001,1.0
101010001000000001010100001010010101,4350,0.1917863561909257,-0.4559032117853544,0.6000000000000001,1.0
101010001000000001000100001010010101,6668,0.03718127421479807,-0.7239677883528388,1.0,1.0
100100001000000100000100001010010101,8956,0.12463214936077924,-0.720914025592044,0.8,1.0
101010001110000001000100101010010101,9500,0.19262099190033657,-0.4398676584670541,0.6000000000000001,1.0
100000011000000000000101101010001101,3508,0.3267809696766169,-0.3288110518209519,0.40000000000000013,1.0
101100001000000001000100001010000101,4290,0.10416095775273483,-0.6450643128962421,1.0,0.8
101000101100000001100100001010010101,3476,11.907993605890397,11.370684102403558,1.3877787807814457E-16,1.0
101000001000000001000100001110010101,2162,0.10250162648175187,-0.594414964574365,1.0,0.8
001100001001010001000100001110000001,6812,11.90643332972237,11.443672912237513,1.3877787807814457E-16,1.0
101100001000100001010100001000010101,5192,0.31120280314247734,-0.231013567606771,0.40000000000000013,1.0
100010001000000000000100001010010101,3080,0.05430902662140502,-0.8599205865286285,1.0,1.0
101100001000000001000100001110100101,7446,0.10824849050853781,-0.608062973410106,0.8,1.0
101000001010000011000100001100000101,1178,0.02981911672570959,-0.6670974743304073,1.0,1.0
100110001001000000000100001010010101,2382,0.049786718546335325,-0.7411901932040577,1.0,1.0
101101011000000001000100001010010101,3412,11.902251556000204,11.369595261520391,1.3877787807814457E-16,1.0
101100001000000001000100001010010101,4964,0.02981911672570959,-0.6670974743304074,1.0,1.0
101111101000000001000100001110000111,8202,11.91281468457874,11.300541804528509,1.3877787807814457E-16,1.0
101100001000000001000100001110010101,1880,0.028325963172588828,-0.62726605832498,1.0,1.0
101000001100010001000100001111100101,1022,11.911643484622523,11.321690895321845,1.3877787807814457E-16,1.0
100010001000000000000100001000110101,3074,0.09713311370611584,-0.8778226521504976,1.0,0.9
100100011000000100000100001010010101,2006,11.941056522642791,11.194523083345372,1.3877787807814457E-16,1.0
100110001110010010010000001110110101,564,11.909321484273226,11.391287633167513,1.3877787807814457E-16,1.0
101000001010000011000100000111000101,660,0.08368241154513877,-0.46574397223129593,1.0,0.8
100010001000000000000100001010010101,7556,0.05430902662140502,-0.8599205865286285,1.0,1.0
101100001000100101000101101010001101,3250,11.90136259381547,11.36433793717567,1.3877787807814457E-16,1.0
100000001010000000000100001000010101,6052,0.35091908649851566,-0.5898952403023388,1.0,0.40000000000000013
101000001110000001000100011110000111,9228,11.928385355650176,11.194306662879,1.3877787807814457E-16,1.0
101100001000101001100100001010010101,8094,11.896040574703157,11.426269268347625,1.3877787807814457E-16,1.0
101010000000000001000100001011010100,7326,0.0981149871594738,-0.5258838020700871,0.8,1.0
101101001110000001000101011111011101,1648,11.898031133002183,11.428930905579763,1.3877787807814457E-16,1.0
100100001000000000110100001100010101,4278,11.932784953891163,11.289373093944633,1.3877787807814457E-16,1.0
100110001000000010000100001010010111,8708,11.946264294823262,11.095827155823176,1.3877787807814457E-16,1.0
101100001010000001000101101110001101,8106,0.0726825097560423,-0.43872811525462196,0.8,1.0
001101001110000011000100011010010001,6524,11.899671608901903,11.443177345832712,1.3877787807814457E-16,1.0
101010001000000001000101101010001101,3804,0.020053521808191095,-0.6251344947560631,1.0,1.0
100010001000000000000100001110000111,3894,0.3552899602858103,-0.6115118972878044,0.40000000000000013,1.0
100010101000000000000101001110001101,6866,0.1917863561909257,-0.4559032117853544,0.6000000000000001,1.0
101101101000000001000100001100000101,8528,0.530685282192856,-0.006553019712892905,0.20000000000000015,1.0
101100011000000001000100001010010111,2300,11.928667271852945,11.228335625023163,1.3877787807814457E-16,1.0
101100001000000001000100001000010101,6900,0.03975882230094612,-0.7287036029625051,1.0,1.0
101100001000010001000101101010011101,5846,0.5336694909762101,0.04247652459660323,0.20000000000000015,1.0
111110001010010101000100001110010101,912,11.919446456906773,11.275738645199189,1.3877787807814457E-16,1.0
001110001000000001000100001000010001,9222,0.10897595163790956,-0.5799817348085295,1.0,0.8
100110001000000000000100001010010101,4960,0.05194963960473694,-0.7935965353480863,1.0,1.0
101000011010001011000100001100000101,1240,11.907993605890397,11.370684102403558,1.3877787807814457E-16,1.0
001000111001000111101011101111011011,0,11.893259817887209,11.458370443784638,1.3877787807814457E-16,1.0
100010001001000100000100001010010101,1714,0.21991400668154967,-0.6208530104349244,0.6000000000000001,1.0
101100011000100001000100001000010101,4600,11.916878163520158,11.33780306844266,1.3877787807814457E-16,1.0
100110001000000000000100001010010101,4902,0.05194963960473694,-0.7935965353480863,1.0,1.0
001000101010000011000100001110110001,616,0.5242275032520138,0.06101029150403392,0.20000000000000015,1.0
100100001000000000000000001000110101,2892,0.09354546202982919,-0.8000874672893286,1.0,0.9
100010001000000000100100001010010101,3168,0.5740142217983492,-0.21696268995204382,0.20000000000000015,1.0
101000001000000001000100001000010101,6920,0.1581477339848974,-0.6778111154093193,1.0,0.7000000000000001
101100001000000001100100011110000101,5880,11.925982598917143,11.277248466811042,1.3877787807814457E-16,1.0
101000001110000001000100001010010101,3350,0.01987941115047306,-0.6150959726776001,1.0,1.0
111010001000000001000100001010010101,1368,0.20959471157116805,-0.6193551652489637,0.6000000000000001,1.0
101100001000000001000100001000010101,7762,0.03975882230094612,-0.7287036029625051,1.0,1.0
100101010101011010101000001001000110,0,11.912133158223208,11.518468187494479,1.3877787807814457E-16,1.0
100101001100000000000100001110000101,3520,0.3267809696766169,-0.3288110518209519,0.40000000000000013,1.0
101010001000000001000111101010011101,1702,0.32700474870774626,-0.3618060538150077,0.40000000000000013,1.0
101000001111100001100100001010010101,8448,11.898845848560335,11.414484706672857,1.3877787807814457E-16,1.0
100100001110100000000110001011010101,8076,11.925937481272976,11.268388600429835,1.3877787807814457E-16,1.0
000110001000000000000100001010010001,4696,0.04715440636030304,-0.7175124299861065,1.0,1.0
101100001000000001000001011000001101,8634,0.13918571693283224,-0.5147917606440345,1.0,0.7000000000000001
000100001000000000000101101010011001,8970,0.013173511835160474,-0.5295657857298522,1.0,1.0
011000000010000011001001110010111000,318,11.930592421890148,11.520931998366567,1.3877787807814457E-16,1.0
001010001110000001000100101000010001,4046,0.19043393584943305,-0.4002363756992311,0.6000000000000001,1.0
100100101000000000000100001000010101,2584,0.11837588414946287,-0.6499840479750288,0.8,1.0
101100001010000001000100001000010101,6352,0.02981911672570959,-0.6670974743304074,1.0,1.0
100010101000100000000000001110010101,8794,0.3226756042165117,-0.25561133842101363,0.40000000000000013,1.0
100100001000000000000100001110000101,2812,0.12238103763222494,-0.7301635367239776,1.0,0.8
101010000000000001000001101011001100,6240,0.008542037523641874,-0.4626990711735406,1.0,1.0
101010001000000011000100001110000101,8248,0.10824849050853781,-0.6080629734101061,0.8,1.0
101100001010000011000000011111000101,1446,0.1862850293339199,-0.3799819779619782,0.6000000000000001,1.0
100100000000000000000100001010010100,2850,0.20887550697115048,-0.5410061995142365,1.0,0.6000000000000001
101000001010000001000100001111000101,828,0.09256192090651534,-0.5424134629215578,1.0,0.8
100010001001000000000110001010010111,2054,11.950059283277904,11.004329056234386,1.3877787807814457E-16,1.0
101100001000010001000100001010010101,3100,0.5341672088272503,-0.04638792459363816,0.20000000000000015,1.0
000100001100100000010100001000010001,4282,0.5409810988881479,0.03942376038175299,0.20000000000000015,1.0
100100001000000000000100001010010101,5808,0.049698527876182653,-0.8028460464800199,1.0,1.0
101100011011000011100100001110000101,938,11.908362545864609,11.405949744507097,1.3877787807814457E-16,1.0
100000001110000000000000001000010101,6652,0.2724978651160234,-0.5347529260834568,1.0,0.5000000000000001
101100001000000001000000001000010101,9452,0.06936214419653453,-0.6488271286957026,1.0,0.9
101110001000000001000100001000010101,5540,0.04375781017861623,-0.7328520114198975,1.0,1.0
100010001101000000010100001011010101,2394,11.930567377063763,11.279595004752432,1.3877787807814457E-16,1.0
100100001110000000100100011010010101,6166,11.931972196936163,11.267958373339242,1.3877787807814457E-16,1.0
101000001110100001000100001010010101,7470,0.07914028869688446,-0.45809801320886445,0.8,1.0
110100001000000000000110111100000101,7006,11.953788548326646,11.001432106668242,1.3877787807814457E-16,1.0
100010001000000000000101001110001101,1192,0.03718127421479806,-0.7239677883528386,1.0,1.0
100110001000000000000100001110010101,774,0.049786718546335325,-0.7411901932040577,1.0,1.0
100010001110100110000100001110000101,804,11.92882711573769,11.271696964214934,1.3877787807814457E-16,1.0
000100001000000000000100001000010001,3704,0.35510693284920575,-0.5125330266961821,1.0,0.40000000000000013
101100000100001001100101101010001100,9334,11.919912335810745,11.516858233958592,1.3877787807814457E-16,1.0
100100001110000000000100000010010101,7856,0.10568221512333174,-0.5615268931609338,0.8,1.0
101100001110000011000100001010010101,2878,0.09066598598203014,-0.4844283920913047,0.8,1.0
100100001000001000000101101010001111,4086,11.920985531728233,11.249051475254884,1.3877787807814457E-16,1.0
101100001000000001000100001010010101,8730,0.02981911672570959,-0.6670974743304074,1.0,1.0
101000001100100101000100001110000101,2760,0.19069488999705192,-0.4274314669481257,0.6000000000000001,1.0
101010001000100001000100001010010101,4216,0.1917863561909257,-0.4559032117853544,0.6000000000000001,1.0
101010001000010001010100001110000101,7816,11.901726415880095,11.344673335812736,1.3877787807814457E-16,1.0
101100111000000001000100001110000101,2900,11.907993605890397,11.370684102403558,1.3877787807814457E-16,1.0
101100001000000011000100001000010101,3538,0.03776795089678512,-0.6785022314967482,1.0,1.0
100100001111000000010100001010010101,7808,0.32207335213697635,-0.2570017429405212,0.40000000000000013,1.0
000100001000000000000100001000010001,9068,0.35510693284920575,-0.5125330266961821,1.0,0.40000000000000013
101000101111000001001100001010010101,1968,11.905769109077141,11.438039385190937,1.3877787807814457E-16,1.0
101010001010100001000100001010010101,4918,0.3153882024898004,-0.2846634164341754,0.40000000000000013,1.0
000100001000000000000101101010001001,2832,0.014162981586294417,-0.563444446752398,1.0,1.0
101100001000010001010100001010010101,5862,11.89661093780951,11.395519892811414,1.3877787807814457E-16,1.0
101010001100000001000100001110000101,6830,0.10824849050853781,-0.6080629734101061,0.8,1.0
101000001010000011000100001010010101,1282,0.01987941115047306,-0.6150959726776001,1.0,1.0
101000001010000011000100101110110111,460,11.926095191923968,11.251867222291974,1.3877787807814457E-16,1.0
101010001000000001111100011110000101,9084,11.908851625468648,11.356645338335822,1.3877787807814457E-16,1.0
101100001000000001000100001010010101,4016,0.02981911672570959,-0.6670974743304074,1.0,1.0
101010001001000001000100011010010101,2342,0.20598052163073852,-0.5242625345359201,0.6000000000000001,1.0
100100001110000010110011101101011101,270,11.91051389685189,11.409201487635302,1.3877787807814457E-16,1.0
100010001000000000000100001110000101,814,0.05430902662140502,-0.8599205865286285,1.0,1.0
100010001010000000000100001110000101,914,0.11842766017414383,-0.7134269346482035,0.8,1.0
100100001000001100000101101010101101,5610,11.923226813890848,11.280246813486682,1.3877787807814457E-16,1.0
101100001000000011000100000010010101,8646,0.02199980357819297,-0.5824060853872671,1.0,1.0
101100101110000001000100001010010101,3218,0.30459346561478096,-0.21201495356251215,0.40000000000000013,1.0
101000000000000001000001101010011100,6434,0.1521434224412831,-0.28658766604543656,1.0,0.7000000000000001
100110001000010010000100001110110101,926,11.930129359209408,11.261242164624885,1.3877787807814457E-16,1.0
100110001110000000000000001010010101,3210,0.3370899000033779,-0.35545155905375,0.40000000000000013,1.0
100010001000000000000100001110000101,3636,0.05430902662140502,-0.8599205865286285,1.0,1.0
101100001000000001010101001010011101,7370,0.0760336296783447,-0.4250574153197533,0.8,1.0
101100001000000001000100011110010101,7892,0.3325401991448527,-0.3469661908149588,0.40000000000000013,1.0
101010001000000001000000000010010101,8352,0.06130501244268345,-0.6046748651770235,1.0,0.9
001000001010000011000100000100110001,730,0.016286761428506446,-0.5177518834847774,1.0,1.0
101000001110000001000100001110010101,3796,0.018883975448392546,-0.5832246426841103,1.0,1.0
101000001000000001000101101010001101,9394,0.0831753257549398,-0.5294312413293499,1.0,0.8
101010001000000001000100011110000101,4356,0.20749951070474398,-0.5619332981710021,0.6000000000000001,1.0
101100001000000011000100001010010101,4318,0.028325963172588835,-0.62726605832498,1.0,1.0
101000001100000001000100001110010101,990,0.028325963172588835,-0.62726605832498,1.0,1.0
101100001000000001000100001010000101,2560,0.10416095775273483,-0.6450643128962421,1.0,0.8
100100001000010000000100001100010101,6792,0.5619954541487989,-0.1542747282447342,0.20000000000000015,1.0
101100001000000001000110001000010101,4300,0.34439449134694744,-0.5000571522414445,0.40000000000000013,1.0
101100001000000001000100001100110101,3222,0.041935955593579995,-0.6899984598545728,1.0,1.0
101000001110000001000100001010010101,9266,0.01987941115047306,-0.6150959726776001,1.0,1.0
100100000000000000000100001000010100,3234,0.2824244230931635,-0.5852155364522243,1.0,0.5000000000000001
101101010110100011011100001110110100,414,11.937306362755393,11.560776605426142,1.3877787807814457E-16,1.0
100000001000000000000100001110000101,9530,0.2188506422067548,-0.7219636845940995,1.0,0.6000000000000001
100100001000000000000100001000010101,7906,0.059638233451419186,-0.8937847873379051,1.0,1.0
101100001000000001100100001000010101,4694,0.3344219589560038,-0.34024289798238655,0.40000000000000013,1.0
111000001110000001000100001010010101,2322,0.5548538264806268,-0.16658447232124773,0.20000000000000015,1.0
101100001000100001000100001010010101,4684,0.182653240016254,-0.40213299931081337,0.6000000000000001,1.0
101000001110010001000100001110110111,3780,11.91449328100675,11.29052514072145,1.3877787807814457E-16,1.0
101000001000000001000100001000010101,8616,0.1581477339848974,-0.6778111154093193,1.0,0.7000000000000001
101100001000000001010101101010001101,4638,0.07603362967834472,-0.42505741531975316,0.8,1.0
101010001000000001000100001100010101,1346,0.043757810178616234,-0.7328520114198976,1.0,1.0
000000001000000000000000001010010001,8012,0.7897588223009456,0.02129639703749464,1.0,0.10000000000000014
101111101110000011000101001110111101,416,11.897354329679285,11.439287103694802,1.3877787807814457E-16,1.0
101010001110100001000100001110000101,1026,0.540433055108537,-0.03526690150244327,0.20000000000000015,1.0
101100001000000001000101001100011101,3512,0.018883975448392553,-0.5832246426841102,1.0,1.0
101101001100010001010100001010010101,8236,11.915092984227483,11.461409539780451,1.3877787807814457E-16,1.0
001000001011110111001001110001111011,398,11.908475669411139,11.481694143188067,1.3877787807814457E-16,1.0
101010001000000001100100001010010101,6122,0.5583126958928385,-0.12119369406697278,0.20000000000000015,1.0
100100001000000000100101101010011101,6576,11.919007243268402,11.324626204775084,1.3877787807814457E-16,1.0
100100001000000010000100001010000101,9744,0.21608509008844987,-0.6364594842677527,1.0,0.6000000000000001
100000001000000010001100101110110101,510,11.925982598917143,11.277248466811042,1.3877787807814457E-16,1.0
101000001010000011000100001111010101,674,0.09066598598203013,-0.48442839209130484,0.8,1.0
100100001000000000000100001110100101,6928,0.12463214936077924,-0.720914025592044,0.8,1.0
101100001000000001000101101010001101,9970,0.009939705575236527,-0.5706154278456519,1.0,1.0
101010001000000001000100011110000101,5622,0.20749951070474398,-0.5619332981710021,0.6000000000000001,1.0
100010001000000000000100001000010101,6764,0.09719102074521484,-0.914710810471064,1.0,0.9
100100001000000000000100001010010101,5616,0.049698527876182653,-0.8028460464800199,1.0,1.0
100100101001100000010100001000010101,8884,11.911225713968333,11.38459258600764,1.3877787807814457E-16,1.0
101000001110000001000100001010010101,8494,0.01987941115047306,-0.6150959726776001,1.0,1.0
011000111010110101111000001110100011,0,11.906380169764901,11.472286499597095,1.3877787807814457E-16,1.0
100000101110000000000100001010010101,7326,0.19246213887939861,-0.44564938146517186,0.6000000000000001,1.0
101010001000000111010101001110011101,1292,0.5398193108334529,-0.012386976299374353,0.20000000000000015,1.0
100100001001000000000100001100000101,9224,0.056651926345177676,-0.8109880332002102,1.0,1.0
101100001000001001010100001110000101,8438,0.3015213128731482,-0.1985319550685704,0.40000000000000013,1.0
100010011000000010000101001110101101,1510,11.930129359209408,11.261242164624885,1.3877787807814457E-16,1.0
100010001000000000000000001010000101,4848,0.2811456520579077,-0.692867394944623,1.0,0.5000000000000001
100010001000000000000101001110001101,928,0.03718127421479806,-0.7239677883528386,1.0,1.0
100110001000000000000100001010010101,7480,0.05194963960473694,-0.7935965353480863,1.0,1.0
101000001110000001000101001010011101,4946,0.0,-0.5321342441674862,1.0,1.0
101100011000000101000101101000011101,7156,11.917477632214853,11.33273250155482,1.3877787807814457E-16,1.0
101100001000000001000100001111000101,6676,0.028325963172588828,-0.62726605832498,1.0,1.0
100100001000000000000100001110000101,3678,0.12238103763222494,-0.7301635367239776,1.0,0.8
101010001001000001000100001010010101,3610,0.03556598075249552,-0.6807454831661484,1.0,1.0
101110001010000101000100001010010101,4880,0.5568547201450795,-0.126500979723969,0.20000000000000015,1.0
001011001000000001001100001010010011,9314,11.896185587288793,11.343215284013674,1.3877787807814457E-16,1.0
101000001100000001001100001110000111,986,11.916229560308668,11.246091596057063,1.3877787807814457E-16,1.0
100100001000000000010101100110001101,9610,0.07981907560088834,-0.42704542409083385,0.8,1.0
100100001000000000000100000000010101,6700,0.17458318044935434,-0.7414981516163526,1.0,0.7000000000000001
100000001110000000000101001010001101,3932,0.09366814175383732,-0.5821824666148362,1.0,0.8
101100001000001001000101101010011101,6166,0.16957197825185685,-0.3148781533558708,0.6000000000000001,1.0
111100001000000001000100001010010111,2768,11.936844576702414,11.097438722469137,1.3877787807814457E-16,1.0
101100001101000001010100001010010101,8384,0.31318879450721526,-0.2241207089796226,0.40000000000000013,1.0
100100001000000010000100001010010101,9616,0.0472099386209814,-0.7388530201040999,1.0,1.0
101100001000000001000101101010001101,4300,0.009939705575236527,-0.5706154278456519,1.0,1.0
001000001000000001000100001010010001,2644,0.3137681681183345,-0.31025636983290666,1.0,0.40000000000000013
100110001011101010100100001110010101,1068,11.910833116075997,11.411113118161275,1.3877787807814457E-16,1.0
101100001000000001100101101010001101,3642,11.902251556000204,11.369595261520391,1.3877787807814457E-16,1.0
101000001110000001000000101010010101,4634,0.010999901789096482,-0.5384264819873382,1.0,1.0
100010001010000000010100001110000101,1052,0.3323213984755727,-0.3686478246054789,0.40000000000000013,1.0
101100001000000001010101101010011101,9826,0.07586792579563194,-0.40858220581209576,0.8,1.0
000101111001010100110001101100001011,142,11.909799639339171,11.51065252414064,1.3877787807814457E-16,1.0
100010001000000100000100001110010101,2470,0.12620995422532474,-0.7145570628911493,0.8,1.0
100010001000000000000100111010000101,2324,0.12826348977727423,-0.7686747720321623,0.8,1.0
101010101110100001000100001110000101,8048,11.898536986892834,11.392416302856335,1.3877787807814457E-16,1.0
101000001110000001010100001010010101,7810,0.07914028869688446,-0.45809801320886445,0.8,1.0
101100011000000101000100001110000101,2632,11.925982598917143,11.277248466811042,1.3877787807814457E-16,1.0
101100001010000001000100001000010101,3924,0.02981911672570959,-0.6670974743304074,1.0,1.0
100000001000000010001101001111011101,754,0.5332192413650078,5.629468851962027E-4,0.20000000000000015,1.0
111100001000100001001100001000010101,8124,11.913406802515773,11.28680286132124,1.3877787807814457E-16,1.0
011000001010000101010100001110000001,998,0.5411606992377862,-0.05889091968618965,0.20000000000000015,1.0
110010101000000000000100001010010101,5438,0.34571679543510836,-0.481895088039249,0.40000000000000013,1.0
101110001000000001000100001010000101,6438,0.10986378397084035,-0.6512852785967962,1.0,0.8
111100001000000001000100001110000101,7674,0.2046694662480334,-0.5743813461175871,0.6000000000000001,1.0
101010001001000011010100001110010101,1222,11.91564435339314,11.343755716486255,1.3877787807814457E-16,1.0
100110001000000000000100001010000101,7324,0.1269915363774473,-0.7872380767725861,1.0,0.8
000100001000000000000100001010010001,3612,0.20887550697115048,-0.5410061995142365,1.0,0.6000000000000001
100011001000000000000101101010101101,5462,11.919904734850931,11.251201332069707,1.3877787807814457E-16,1.0
101000011001000001000100001010010101,9480,0.5512027175909956,-0.07089366276007669,0.20000000000000015,1.0
101100001000000001010101000010011101,7332,0.015430338185772448,-0.4526849359405601,1.0,1.0
001100001000000001000100001010010001,7336,0.014162981586294431,-0.563444446752398,1.0,1.0
101100000000000001000100000110000100,2422,0.22577249674798583,-0.2682341970705316,1.0,0.5000000000000001
100100001000000100000100001010010111,9820,11.948112742327922,11.045217808300084,1.3877787807814457E-16,1.0
100010001000000000000100001111100101,1492,0.21991400668154967,-0.6208530104349245,0.6000000000000001,1.0
101010001000000001000100001010010101,1170,0.03718127421479807,-0.7239677883528388,1.0,1.0
001010001110101001000100001010010001,7870,11.90741869819732,11.469469537425613,1.3877787807814457E-16,1.0
100100001011000000000100001010010101,6010,0.03776795089678512,-0.6785022314967482,1.0,1.0
101100001010000111000100001010010101,9612,0.19262099190033657,-0.439867658467054,0.6000000000000001,1.0
101010001001000001000100000110000101,4544,0.031209038073096527,-0.6428010313377786,1.0,1.0
100010001000000000000101001000011101,4020,0.08006326833860787,-0.7517913264837395,1.0,0.9
100010001010000000000100001011100101,3502,0.3468019707608824,-0.48231347325700485,0.40000000000000013,1.0
100100001000000000000100001000010101,7250,0.059638233451419186,-0.8937847873379051,1.0,1.0
101000001010000011000100001100000101,1268,0.02981911672570959,-0.6670974743304073,1.0,1.0
101100001001000001000100001110000101,1788,0.02832596317258884,-0.62726605832498,1.0,1.0
001100001000000001001100001011010001,9950,0.5374010150871743,0.07464059760231734,0.20000000000000015,1.0
101100001001000001000000001011000101,3750,0.02199980357819297,-0.5824060853872671,1.0,1.0
110110001001000010000100000001000101,620,11.949744592488445,11.115527801539425,1.3877787807814457E-16,1.0
101100000000000001000100001010000100,1664,0.2410856583622923,-0.3829388795889488,1.0,0.5000000000000001
100010001000000000000100001010010101,4698,0.05430902662140502,-0.8599205865286285,1.0,1.0
100000001000000000000100001111000101,716,0.21608509008844987,-0.6364594842677526,1.0,0.6000000000000001
101100001000000001000100001110000101,7224,0.02981911672570959,-0.6670974743304074,1.0,1.0
100100001000000000000100011010010101,8420,0.21833620181700417,-0.6272099731358192,0.6000000000000001,1.0
101001001100000011100100001000010101,9218,11.910424768141338,11.357935990629072,1.3877787807814457E-16,1.0
110110100000011100011111010011001110,158,11.902604290000717,11.37265895960204,1.3877787807814457E-16,1.0
100100001000000000000111001010011101,5556,0.56251040728778,-0.21654040507784023,0.20000000000000015,1.0
101100001110000001000100001010010101,8354,0.09156648520443485,-0.5105421329280682,0.8,1.0
100010001000000000000100001010010101,3790,0.05430902662140502,-0.8599205865286285,1.0,1.0
100100001000000000000100000010010101,5588,0.11940787812407987,-0.6878429130754004,1.0,0.8
100011001001100000000110001010010111,2356,11.931424740439432,11.184636587159531,1.3877787807814457E-16,1.0
101100001000000001000100001000010101,4024,0.03975882230094612,-0.7287036029625051,1.0,1.0
100010001000000000000100011111010101,1596,0.5758477483785153,-0.21863474664014204,0.20000000000000015,1.0
101100011000000001000100001110000111,1716,11.928667271852945,11.228335625023163,1.3877787807814457E-16,1.0
101100001110000001000100001010010101,2226,0.09156648520443485,-0.5105421329280682,0.8,1.0
100100001000000000000100001000010101,2546,0.059638233451419186,-0.8937847873379051,1.0,1.0
100100001001000000000100001110010101,5628,0.044958690564969664,-0.6891605148551823,1.0,1.0
101100011000000001000100001010010101,4626,11.920235032226191,11.298138651875119,1.3877787807814457E-16,1.0
101100001001000001000100011100010101,4482,0.2066463051050253,-0.4883848949210451,0.6000000000000001,1.0
101010001000000001000100001010010101,6130,0.03718127421479807,-0.7239677883528388,1.0,1.0
101000001100000001000100000110100101,6918,0.10389154782913881,-0.5701185215817361,0.8,1.0
101010001110001001000100001010010101,9100,11.909465369743732,11.333765413132753,1.3877787807814457E-16,1.0
100100001100010000000100001010010101,2970,11.921585781059798,11.26599375956223,1.3877787807814457E-16,1.0
101010001100000001000100001010010101,9292,0.10824849050853781,-0.6080629734101061,0.8,1.0
101000001000000001000101001010001101,5088,0.17749767332337832,-0.47532466773425697,1.0,0.6000000000000001
100100001000000000000110001010010111,1848,11.94929736493533,10.982339429073152,1.3877787807814457E-16,1.0
100010001000100000000100001100010101,2286,0.2150032177818366,-0.5613697127802885,0.6000000000000001,1.0
101100001000000001000100001010010101,2892,0.02981911672570959,-0.6670974743304074,1.0,1.0
100100001000100000000100101110100101,4626,11.932104485504507,11.250838125391429,1.3877787807814457E-16,1.0
100000001000000000000100001000010101,3078,0.45511595495363805,-0.6160083794245591,1.0,0.30000000000000016
111000011010110101111000001110110111,306,11.89796712701127,11.40932629388856,1.3877787807814457E-16,1.0
101100001110000001000100001010010101,6362,0.09156648520443485,-0.5105421329280682,0.8,1.0
101000001110000001000100001010010101,5484,0.01987941115047306,-0.6150959726776001,1.0,1.0
101100001000000001000100001111000101,5884,0.028325963172588828,-0.62726605832498,1.0,1.0
100000001010000010001100001010110111,402,11.928385355650176,11.194306662879,1.3877787807814457E-16,1.0
101100001010000001000101101010001101,9626,0.0,-0.5321342441674862,1.0,1.0
101010001000000001000100001010010101,2570,0.03718127421479807,-0.7239677883528388,1.0,1.0
100100001000000000000100001110000101,3976,0.12238103763222494,-0.7301635367239776,1.0,0.8
101010001000000001000100001010010101,4234,0.03718127421479807,-0.7239677883528388,1.0,1.0
101000001000000001000100001000010101,2950,0.1581477339848974,-0.6778111154093193,1.0,0.7000000000000001
100100001000000000000100101010000111,8128,0.5778235689020864,-0.34179254562323835,0.20000000000000015,1.0
101000110000100001100110001001000100,456,11.904306133259487,11.414883655786916,1.3877787807814457E-16,1.0
100010001000000000000100011111010101,1590,0.5758477483785153,-0.21863474664014204,0.20000000000000015,1.0
101010001000000001000100001100010101,8122,0.043757810178616234,-0.7328520114198976,1.0,1.0
001000001110000001000100001110000001,4682,0.0,-0.5114106250106644,1.0,1.0
101100001000000001000101101010011101,5018,0.009441987724196273,-0.5449619390846638,1.0,1.0
100100001000000000000101101010001101,5068,0.02981911672570959,-0.6670974743304074,1.0,1.0
100010001000000000000100001000010101,3660,0.09719102074521484,-0.914710810471064,1.0,0.9
100111001000000000000100001000010101,7096,0.11644031993465852,-0.6601695016638552,0.8,1.0
100100001111000000000100001000010101,4634,0.11764120032101195,-0.6164780050991399,0.8,1.0
101100001000010001010101101010001101,3746,11.916228735535801,11.450626877231246,1.3877787807814457E-16,1.0
101000001100000101000100001111000101,2254,0.03408519264082468,-0.6454211973189866,1.0,1.0
101100001000000001000000001000010101,9350,0.06936214419653453,-0.6488271286957026,1.0,0.9
100110001000000000000110001110010101,910,11.946264294823262,11.095827155823176,1.3877787807814457E-16,1.0
100100000000000000000100001000010100,8734,0.2824244230931635,-0.5852155364522243,1.0,0.5000000000000001
101010001000000001000100001010010101,9542,0.03718127421479807,-0.7239677883528388,1.0,1.0
101010001000010001100101101011001101,1776,11.895834751465845,11.395185315354004,1.3877787807814457E-16,1.0
101000001110000001000100001010010101,8614,0.01987941115047306,-0.6150959726776001,1.0,1.0
100010001000000000000100001110000101,1040,0.05430902662140502,-0.8599205865286285,1.0,1.0
101100001000000001000101001110001101,1266,0.009939705575236527,-0.5706154278456519,1.0,1.0
101100001000010001000100001110000101,5050,11.903199523462446,11.322644390041557,1.3877787807814457E-16,1.0
101100001000000011000001001010111101,6814,0.08462134842320757,-0.46217833828836763,0.8,1.0
101010001000001001000100001010010111,7350,11.927018238552266,11.20533349957105,1.3877787807814457E-16,1.0
100010000000000000000101100010001100,1658,0.053011849762760875,-0.5489793289466015,1.0,0.9
111000010010101111001110011110110100,0,11.908904310260025,11.373814989099834,1.3877787807814457E-16,1.0
101100001010000001000101001000011101,9632,0.009939705575236527,-0.5706154278456519,1.0,1.0
100100001000000000000000001010010101,9138,0.11940787812407987,-0.6878429130754004,1.0,0.8
101010001000000001000100001010010101,1470,0.03718127421479807,-0.7239677883528388,1.0,1.0
101100001000000011000100001010100101,6460,0.10824849050853781,-0.608062973410106,0.8,1.0
100010001000010000100101101011001101,1876,11.910908675191493,11.342459273659765,1.3877787807814457E-16,1.0
100110001000000000000001101010001101,6140,0.031209038073096516,-0.6428010313377783,1.0,1.0
100100001000000000000101101010001101,5896,0.02981911672570959,-0.6670974743304074,1.0,1.0
100100001000000000000100001010000101,8336,0.2188506422067548,-0.7219636845940995,1.0,0.6000000000000001
110111001010111000010111001110101101,374,11.896431654625463,11.384663791702089,1.3877787807814457E-16,1.0
101000001010000011000100001110000111,542,0.329081329732641,-0.3923569690692335,0.40000000000000013,1.0
100100001000000000000100001010010101,9178,0.049698527876182653,-0.8028460464800199,1.0,1.0
001000001010000011001100001110110001,618,11.900020807910009,11.429792342477711,1.3877787807814457E-16,1.0
101000101110100001001101101010001101,1684,11.938600962864735,11.512933378318644,1.3877787807814457E-16,1.0
101010001000010001000100001010010101,8328,0.5442810250602049,-0.10090699150404936,0.20000000000000015,1.0
001000101110000001000110001000010011,2930,11.920985531728233,11.249051475254884,1.3877787807814457E-16,1.0
100110001010000010000100001100010111,616,11.944536364973125,11.137962845007197,1.3877787807814457E-16,1.0
000110001000000000000100011010010001,7880,0.21644228071211769,-0.5575663115960697,0.6000000000000001,1.0
100010001111000000000100001110000101,6488,0.2083225178058472,-0.5236118976423054,0.6000000000000001,1.0
101010001000000001000101001010011101,5772,0.02005352180819111,-0.6251344947560632,1.0,1.0
101000001110000001000111101010101101,9294,11.91523376453168,11.267631778625272,1.3877787807814457E-16,1.0
101101001000000001000100101010010101,7674,0.30789699422822436,-0.24650693258063566,0.40000000000000013,1.0
100100001000000000000100001000110101,5504,0.060141469030857646,-0.8653211398613998,1.0,1.0
101110011010000001000100001110010101,5850,11.917477632214853,11.33273250155482,1.3877787807814457E-16,1.0
101100101000000001000100001000010101,4516,0.09875808642317367,-0.5393534339213968,0.8,1.0
101010001000000001000100001110000111,8776,0.3416631558629289,-0.4872867209572029,0.40000000000000013,1.0
010110100100011010101001010111001010,0,11.914277215052993,11.518132665463447,1.3877787807814457E-16,1.0
101100011000000001000100001110010101,6386,11.919007243268402,11.324626204775084,1.3877787807814457E-16,1.0
110110011000000000000100001110000101,1408,11.944536364973125,11.137962845007197,1.3877787807814457E-16,1.0
101010001000000001000011101110011101,1866,0.5476980119388671,-0.08007648087250163,0.20000000000000015,1.0
101100101100100001010100001010010101,8470,11.902582817765495,11.461080660810152,1.3877787807814457E-16,1.0
101100001000000001000110001000010101,8596,0.34439449134694744,-0.5000571522414445,0.40000000000000013,1.0
101010001000000001000100001010010101,1614,0.03718127421479807,-0.7239677883528388,1.0,1.0
100100001000000000000101001110001101,8392,0.02981911672570959,-0.6670974743304074,1.0,1.0
101100001110010001100100001010010101,7466,11.893259817887209,11.414075880910945,1.3877787807814457E-16,1.0
100000001110000000010100011010010101,9238,0.5566386069650601,-0.10840073348475665,0.20000000000000015,1.0
100100001110000000000100000010010101,3026,0.10568221512333174,-0.5615268931609338,0.8,1.0
001100001111000001000100001010010001,4754,0.07268250975604229,-0.39372526601657665,0.8,1.0
101000001110000001000100001011010101,6094,0.09156648520443485,-0.5105421329280682,0.8,1.0
101100101000000001000100011010010101,5946,0.5485358310367985,-0.06959052590837911,0.20000000000000015,1.0
101100001000000001000001111010001101,9758,0.08521267713832126,-0.48477865098203143,0.8,1.0
110100001000100000100101101000011101,7450,11.92476541543781,11.292615714703233,1.3877787807814457E-16,1.0
101100001000000001000100001110000101,8612,0.02981911672570959,-0.6670974743304074,1.0,1.0
100100001000000000000101001010011101,6248,0.02981911672570959,-0.6670974743304074,1.0,1.0
101100001000000001000101101000011101,8974,0.01888397544839256,-0.5832246426841103,1.0,1.0
101000001100000001010100001010010101,1428,0.08894918756002906,-0.4958370517670382,0.8,1.0
101000001110000001100100101010010111,1986,11.920560496532667,11.290698354299316,1.3877787807814457E-16,1.0
110010001000000000001100001010010101,3252,11.93646796724611,11.107518090425978,1.3877787807814457E-16,1.0
101100001000000101000100000010010101,3024,0.10389154782913881,-0.5701185215817363,0.8,1.0
100100001000000000000101001000011101,7244,0.03975882230094612,-0.7287036029625051,1.0,1.0
101000001000000011000100101000010101,4228,0.03776795089678512,-0.6785022314967482,1.0,1.0
100110001000000000000100001000010101,9790,0.060141469030857646,-0.8653211398613998,1.0,1.0
101000001110000001000001101011001101,7568,0.010999901789096489,-0.4677790799997898,1.0,1.0
100100001010000000000100001000010101,9646,0.049698527876182653,-0.8028460464800199,1.0,1.0
001000001010000011000100001111000001,778,2.960594732333751E-17,-0.4863099392777857,1.0,1.0
100100001010000000000100001010010101,4984,0.03975882230094612,-0.7287036029625051,1.0,1.0
100101001000000000000100001010010101,7764,0.10250162648175187,-0.5944149645743649,0.8,1.0
001000001010000011000100001110110001,336,0.08646042883988603,-0.45480551971599514,0.8,1.0
100010001000000000010101101010001101,2916,0.1917863561909257,-0.4559032117853543,0.6000000000000001,1.0
100000001010000010001100011010010101,3330,0.5516016545783886,-0.11132924451040649,0.20000000000000015,1.0
111100001001000011000100001010010101,6864,0.5596349572177499,-0.14069668961203097,0.20000000000000015,1.0
101100001000000011000101001010001101,3722,0.08262221533127882,-0.4979329180896096,1.0,0.8
100100001000000000000100001010010111,9490,0.5778235689020864,-0.34179254562323835,0.20000000000000015,1.0
101000001110000001000100001111010101,7106,0.09066598598203014,-0.48442839209130484,0.8,1.0
100100011010000000100101101110011101,1072,11.908362545864609,11.405949744507097,1.3877787807814457E-16,1.0
001010001000000001000100001010010001,5198,0.026986894522177122,-0.6389929830975298,1.0,1.0
101010001000000011000100101010010101,6208,0.10676770239686698,-0.5727386875629445,0.8,1.0
100100001000000000000100000110010101,7564,0.11668211691242823,-0.6234454376349706,1.0,0.8
101010001110000001000100001110010101,3410,0.19262099190033657,-0.4398676584670541,0.6000000000000001,1.0
000100001000000000000100001000010001,3960,0.35510693284920575,-0.5125330266961821,1.0,0.40000000000000013
100100001000000000000100000010010101,8638,0.11940787812407987,-0.6878429130754004,1.0,0.8
100100001000000000000100001000010101,4030,0.059638233451419186,-0.8937847873379051,1.0,1.0
111100001000100001000100101100000101,4716,11.92720012266887,11.240003112550847,1.3877787807814457E-16,1.0
001000000000011011101111100010011000,426,11.994026050383772,11.625069650209666,1.3877787807814457E-16,1.0
100100001001100000010100001000010101,6370,0.5547701054693696,-0.054586072344520176,0.20000000000000015,1.0
101010001000000001000100001010010101,7056,0.03718127421479807,-0.7239677883528388,1.0,1.0
101100001000000001000100001000010101,3842,0.03975882230094612,-0.7287036029625051,1.0,1.0
100100001000000000000100001000010111,6420,0.3597076529612539,-0.6475415744103177,0.40000000000000013,1.0
101000001000000001000100001010010101,3388,0.10416095775273485,-0.6450643128962421,1.0,0.8
100010001000000000000100001000000101,8210,0.2916367436954412,-0.8357111149636064,1.0,0.5000000000000001
101100001000000001000100001011100101,8058,0.20195254296476273,-0.514358920953881,0.6000000000000001,1.0
101100101010000101000100001110000101,6116,11.909465369743732,11.333765413132753,1.3877787807814457E-16,1.0
101000001110000001100100101110000101,2498,11.910424768141338,11.357935990629072,1.3877787807814457E-16,1.0
101100001000000001000001101000011101,8338,0.04531801970960282,-0.5041083640668319,1.0,0.9
100111101000000000000100001000010101,9216,0.19879766592531345,-0.46624167452450327,0.6000000000000001,1.0
100000001000000000000100001111000101,776,0.21608509008844987,-0.6364594842677526,1.0,0.6000000000000001
101100001000000001000100001110000101,4940,0.02981911672570959,-0.6670974743304074,1.0,1.0
101100001001000001000001101010001101,5558,1.4802973661668754E-17,-0.5006226439340282,1.0,1.0
100010001000000000000100001011010101,7952,0.12463214936077924,-0.7209140255920441,0.8,1.0
100000001000001010001101001110001101,738,0.5275786231743163,0.026487578176218274,0.20000000000000015,1.0
101000001110000001000101001010011101,8446,0.0,-0.5321342441674862,1.0,1.0
101000011010000001100101101010011101,9604,11.893259817887209,11.42685204211459,1.3877787807814457E-16,1.0
100100001000000000000100001010010101,6634,0.049698527876182653,-0.8028460464800199,1.0,1.0
100100001000000000100100001000010101,5436,0.35240543518199163,-0.4498261338737038,0.40000000000000013,1.0
100100001000000000000100001000010101,3040,0.059638233451419186,-0.8937847873379051,1.0,1.0
100100001100000000000101101011101101,3636,0.5569502842819473,-0.09178384782415383,0.20000000000000015,1.0
101100001000000001000101101010001101,6134,0.009939705575236527,-0.5706154278456519,1.0,1.0
100100001000000000000100001000010101,8910,0.059638233451419186,-0.8937847873379051,1.0,1.0
101100101000000001000100101110000101,9994,0.3139173407651235,-0.2449938002561876,0.40000000000000013,1.0
100010001110000000000100001010010111,3182,11.941536946768673,11.101511896076095,1.3877787807814457E-16,1.0
000110001000000000000100001010010001,7892,0.04715440636030304,-0.7175124299861065,1.0,1.0
100100001000000000000101001010011101,8180,0.02981911672570959,-0.6670974743304074,1.0,1.0
000100001000000000100100001010010001,1584,0.5611673095038268,-0.0734782423116912,0.20000000000000015,1.0
100100001000000000000010101011010101,6446,11.940798425867012,11.168416849043897,1.3877787807814457E-16,1.0
101100010010001001010101101010011100,1190,11.945763100573972,11.568514171307626,1.3877787807814457E-16,1.0
011111110101001101001001100100011010,0,11.954597259842311,11.567631271665718,1.3877787807814457E-16,0.9
101000001110000001100100011010010101,6148,11.918445637054319,11.311676121682693,1.3877787807814457E-16,1.0
101100001000100001000100001011010101,4166,0.31391734076512345,-0.24499380025618772,0.40000000000000013,1.0
101100001000000001101100001010010111,8190,11.91450429026665,11.299614971902571,1.3877787807814457E-16,1.0
101100001100000001010100001010010101,3124,0.18184889647336264,-0.37706224454794846,0.6000000000000001,1.0
101100001000000011000100001010010101,7710,0.028325963172588835,-0.62726605832498,1.0,1.0
101010001000000001010100001010010101,4732,0.1917863561909257,-0.4559032117853544,0.6000000000000001,1.0
101100001110000001000100001010010101,4474,0.09156648520443485,-0.5105421329280682,0.8,1.0
100100001000000000000100000010010101,4774,0.11940787812407987,-0.6878429130754004,1.0,0.8
100100001000000000000100001000010101,2622,0.059638233451419186,-0.8937847873379051,1.0,1.0
101000001110000001000100101010010101,5660,0.018883975448392546,-0.5832246426841103,1.0,1.0
100100001000000000000101001010011101,8854,0.02981911672570959,-0.6670974743304074,1.0,1.0
101000001110000001000110101010010101,5806,0.5536587656115958,-0.1320451070598776,0.20000000000000015,1.0
100110001000000000000100001000010101,4662,0.060141469030857646,-0.8653211398613998,1.0,1.0
100010001000000000000100001111010101,2252,0.12246922830237761,-0.6685076834480154,0.8,1.0
101100001010000001000100101000010101,4430,0.02832596317258884,-0.62726605832498,1.0,1.0
111010001000000001000100011010010101,8832,0.5698972197912591,-0.2571708188071752,0.20000000000000015,1.0
101010001110000001000100001110010101,9046,0.19262099190033657,-0.4398676584670541,0.6000000000000001,1.0
100010001000000010000100001010010101,3040,0.12463214936077924,-0.7209140255920441,0.8,1.0
101100001000000001000100001110000101,3046,0.02981911672570959,-0.6670974743304074,1.0,1.0
101100001000000011000101001010011101,3912,0.009441987724196273,-0.5449619390846638,1.0,1.0
101010011000000001000100001110000101,1686,0.5583126958928385,-0.12119369406697278,0.20000000000000015,1.0
101010001000000001000000001010000101,1730,0.15081698620082018,-0.6229726458092965,1.0,0.7000000000000001
101100101000000001000100011000010101,6204,0.3308661102170743,-0.3341732302327424,0.40000000000000013,1.0
101000001110011001100101001110011101,6556,11.921612892544912,11.496652694286816,1.3877787807814457E-16,1.0
101010001000000001000100000010010101,5090,0.06715348639222582,-0.650809167021855,1.0,0.9
100100001000000000000100101110000101,4014,0.11989244837702369,-0.6661705103480576,0.8,1.0
110011111100101000000100000011000101,628,11.901939319699014,11.409607868751639,1.3877787807814457E-16,1.0
101000101010000011000100001110000101,922,0.17284434115310937,-0.3643939607526395,0.6000000000000001,1.0
101100001000001001000101101000011101,8014,0.1725250213230201,-0.344083397854273,0.6000000000000001,1.0
101000001110000001000101001010011101,1728,0.0,-0.5321342441674862,1.0,1.0
101100001000010001100101101010001101,3724,11.902251556000204,11.425731687239756,1.3877787807814457E-16,1.0
101010001000000001000100001000010101,5594,0.08006326833860787,-0.7517913264837395,1.0,0.9
110100001000000010000100001010010101,9302,0.21789127134153563,-0.6385586487879962,0.6000000000000001,1.0
101000000110000001000100001010010100,3192,0.11617646998930736,-0.395234155021357,1.0,0.7000000000000001
101100001000000011000101101010001101,6264,0.00944198772419628,-0.5449619390846637,1.0,1.0
100010011010000000000100001100010101,3152,11.941056522642791,11.19452308334537,1.3877787807814457E-16,1.0
100100001000000000000100001000010101,5992,0.059638233451419186,-0.8937847873379051,1.0,1.0
101010001000000001000100001110000101,1428,0.03718127421479806,-0.7239677883528386,1.0,1.0
100010101110000000000100001010010101,7208,0.5566386069650601,-0.10840073348475665,0.20000000000000015,1.0
110110001010000000000100000100110101,678,0.577225269169434,-0.2445763639065377,0.20000000000000015,1.0
101010001000010001000100001010010101,9420,0.5442810250602049,-0.10090699150404936,0.20000000000000015,1.0
110000001100000010000100001110000101,1074,0.3499597156332965,-0.5064902044962352,0.40000000000000013,1.0
101100011000000001000111101011011101,7472,11.91302008563995,11.339046191782094,1.3877787807814457E-16,1.0
100011001010000010000100001010010101,6710,0.3258291578304029,-0.3371017412583925,0.40000000000000013,1.0
101100001000010001001101001010011101,9446,11.923078934612919,11.450668118405934,1.3877787807814457E-16,1.0
100110001000000000000100001110010101,676,0.049786718546335325,-0.7411901932040577,1.0,1.0
101010011000000001000100001110000101,6270,0.5583126958928385,-0.12119369406697278,0.20000000000000015,1.0
101100001000000001000100001010010101,9894,0.02981911672570959,-0.6670974743304074,1.0,1.0
100101001000000010000100001000010101,8778,0.1104504606528274,-0.6058197217407059,0.8,1.0
101100001000000001000100001010000101,2628,0.10416095775273483,-0.6450643128962421,1.0,0.8
111011001000010111111001001001011111,240,11.89491995544004,11.400861961014188,1.3877787807814457E-16,1.0
101100011000000011000101101000011101,5604,11.909677509554681,11.376389431745823,1.3877787807814457E-16,1.0
101010001000000001010100001010010101,4172,0.1917863561909257,-0.4559032117853544,0.6000000000000001,1.0
101100001000000001000101101000011101,3886,0.01888397544839256,-0.5832246426841103,1.0,1.0
100100001000010000000100001010010101,9332,0.5540466199777234,-0.1428699710783935,0.20000000000000015,1.0
001000011011000011000100001110000001,854,11.893259817887209,11.443019113999053,1.3877787807814457E-16,1.0
001110001000000001000100001000000001,9682,0.20489823657162648,-0.538821378496328,1.0,0.6000000000000001
100000001000000000000100101000000101,8102,0.45511595495363805,-0.6160083794245591,1.0,0.30000000000000016
100100001110001000010110001110000101,6024,11.917191142124755,11.312432492684941,1.3877787807814457E-16,1.0
000011010010111100111101101100101010,230,11.924462334430922,11.533159296528076,1.3877787807814457E-16,1.0
101000001110000001000100001010010101,8728,0.01987941115047306,-0.6150959726776001,1.0,1.0
001000001110000011100101101010001001,9270,11.91637679442607,11.495768093600109,1.3877787807814457E-16,1.0
111010001000100001000101001010011101,1804,11.913514870286244,11.278182550435366,1.3877787807814457E-16,1.0
100010001000000000100100001111000101,2220,11.941056522642791,11.19452308334537,1.3877787807814457E-16,1.0
100010001001000000000110101010010101,2046,0.3514594834400817,-0.49897765556000534,0.40000000000000013,1.0
101100001100000001000100001110000101,7382,0.10100847292863113,-0.5545835485689377,0.8,1.0
101100001000000001000100001010010101,8620,0.02981911672570959,-0.6670974743304074,1.0,1.0
101000001110000011000100001010010101,2436,0.018883975448392546,-0.5832246426841103,1.0,1.0
101100001010000001000100001010010111,5838,0.5548538264806268,-0.16658447232124785,0.20000000000000015,1.0
100010001000000000000101001000011101,6500,0.08006326833860787,-0.7517913264837395,1.0,0.9
101000001110000001000100000010010101,6860,0.011681342092009394,-0.5676361870579848,1.0,1.0
101010101000010001000100001010010101,9070,11.901726415880095,11.344673335812736,1.3877787807814457E-16,1.0
000100001001000000000100011000010001,9360,0.12753824705317438,-0.6561616395795347,0.8,1.0
101010001000001001000100001010110101,1560,11.924365421877116,11.253907884450202,1.3877787807814457E-16,1.0
101100001111010001100100001110000101,1570,11.893259817887209,11.42685204211459,1.3877787807814457E-16,1.0
100100001000000000000100001000010101,8376,0.059638233451419186,-0.8937847873379051,1.0,1.0
100100001000000000000101010000001101,9486,0.1588379599892214,-0.6332803148237717,1.0,0.7000000000000001
101001001110000001000100001010010101,2872,0.29845500650402806,-0.23367923766345816,0.40000000000000013,1.0
101100001000000001000101101010001101,9626,0.009939705575236527,-0.5706154278456519,1.0,1.0
101000001000000101000100011110000101,5824,0.20749951070474398,-0.5619332981710021,0.6000000000000001,1.0
100010001000000010010101001110001101,8454,0.32276333428881276,-0.2953630226563649,0.40000000000000013,1.0
100000001000000000000100001111000101,680,0.21608509008844987,-0.6364594842677526,1.0,0.6000000000000001
100100001000000000000101101010001101,4562,0.02981911672570959,-0.6670974743304074,1.0,1.0
110000001010000010000100001110010101,690,0.34260190004340096,-0.4499736336802463,0.40000000000000013,1.0
100100001010000000000100011010010101,7902,0.21014437239088346,-0.5664654492076303,0.6000000000000001,1.0
101010001000010011000100001000010101,5230,11.920633969213585,11.257703070124789,1.3877787807814457E-16,1.0
101010001000000001000100011000000101,3712,0.16645222131554335,-0.7197732722459964,1.0,0.7000000000000001
100110001000000000000101001010001101,8556,0.10986378397084035,-0.6512852785967962,1.0,0.8
110110001000000010100100001110110101,566,11.94298082790768,11.197609196661382,1.3877787807814457E-16,1.0
010101001000000010010100001000010001,9388,0.32324121591546606,-0.2825281425341158,0.40000000000000013,1.0
100100001010000000000100001010010101,4912,0.03975882230094612,-0.7287036029625051,1.0,1.0
011010111011011111000111101010001011,350,11.902263461574837,11.381075003158662,1.3877787807814457E-16,1.0
101100001000000001000101101010001101,5970,0.009939705575236527,-0.5706154278456519,1.0,1.0
101100001000000001000100001110010101,8878,0.028325963172588828,-0.62726605832498,1.0,1.0
100100001000000010000100001010010101,6252,0.0472099386209814,-0.7388530201040999,1.0,1.0
100010000100010000010101111010001100,7242,11.896233691172526,11.407181485121683,1.3877787807814457E-16,1.0
100100001000000000000100001000010101,4822,0.059638233451419186,-0.8937847873379051,1.0,1.0
101100001000000001000100001110100101,7390,0.10824849050853781,-0.608062973410106,0.8,1.0
101000001010000011000101001110011101,1148,1.4802973661668754E-17,-0.5114106250106643,1.0,1.0
011001111011010011010010010001000011,122,11.895261626739162,11.428148269473017,1.3877787807814457E-16,1.0
101100001010000001000101101010001101,1020,0.0,-0.5321342441674862,1.0,1.0
101100101110100001001101101010001101,1796,11.936386664288028,11.518300705740963,1.3877787807814457E-16,1.0
100110101010000000000110011010010101,886,11.935240658455534,11.191187027949873,1.3877787807814457E-16,1.0
101010001000000001000100101101000101,8022,0.11461846534962229,-0.6173159500985306,0.8,1.0
101000001000000001000100001010010101,4908,0.10416095775273485,-0.6450643128962421,1.0,0.8
100100001001000000000100001000010101,4396,0.056651926345177676,-0.8109880332002102,1.0,1.0
100010001000000000000110001001010101,9824,0.5856562232519746,-0.3887264683321219,0.20000000000000015,1.0
100011001000000000000101101010001101,2058,0.31850852831221915,-0.326679488252035,0.40000000000000013,1.0
110110100000110110011010000011010110,108,11.902072878698092,11.398626147171061,1.3877787807814457E-16,1.0
101000001010100111000100001110110101,526,0.5464778075897999,-0.03799999998859094,0.20000000000000015,1.0
100010001000000000000100001000010101,9300,0.09719102074521484,-0.914710810471064,1.0,0.9
100010001000000010000110001000010101,5736,0.5856562232519746,-0.38872646833212154,0.20000000000000015,1.0
100100001110001000000100001000010101,1854,0.33256509106580856,-0.3256319118561129,0.40000000000000013,1.0
101100001000000001000100001000010111,6416,0.34439449134694744,-0.5000571522414443,0.40000000000000013,1.0
100010001000000000000100001010010101,2434,0.05430902662140502,-0.8599205865286285,1.0,1.0
101101101110000001000100001010010101,3018,11.905769109077141,11.438039385190937,1.3877787807814457E-16,1.0
101100001000000001000100001000110101,6180,0.04375781017861623,-0.7328520114198975,1.0,1.0
101110001000000001000101101010001101,6770,0.019182321900254106,-0.5959939265397625,1.0,1.0
100100011000000000000100001010010101,8320,11.938218508452179,11.204099303032027,1.3877787807814457E-16,1.0
100010000010000010001001110010111100,512,11.893485750823258,11.436728206379703,1.3877787807814457E-16,1.0
100100001001000000000100001010010101,5058,0.0472099386209814,-0.7388530201040999,1.0,1.0
100110001110000000000100001010010101,3712,0.34039096209760805,-0.3915434533505446,0.40000000000000013,1.0
101010001011000001000100001010010101,3162,0.1000566610824171,-0.5628742380063783,0.8,1.0
101110001000011001000101101010001101,3738,11.90136259381547,11.416447021897488,1.3877787807814457E-16,1.0
110010001000000000000100001011010101,1180,0.35330793094474033,-0.5495870030830967,0.40000000000000013,1.0
101001001110000001001100001110000101,7804,11.913139229037682,11.424367876784991,1.3877787807814457E-16,1.0
100100001000000100000100001000010111,9716,0.5856562232519746,-0.38872646833212177,0.20000000000000015,1.0
100100001000000000000100001000010101,6940,0.059638233451419186,-0.8937847873379051,1.0,1.0
100010001000000000100100001010010101,3594,0.5740142217983492,-0.21696268995204382,0.20000000000000015,1.0
101000001110000001000100001010000101,5218,0.09366814175383731,-0.582182466614836,1.0,0.8
100010001000000000000100001111000101,1172,0.05194963960473695,-0.7935965353480864,1.0,1.0
101000101110000001000101001010011101,1850,0.17954658099771423,-0.30218520276893024,0.6000000000000001,1.0
101100001000000001000100000010000101,1534,0.1912921386780989,-0.5026335386014086,1.0,0.6000000000000001
100110001000000000000100001001010101,7758,0.13031999125513294,-0.7279040691738521,0.8,1.0
100110011000000000000100001110110111,648,11.944372682506947,11.169967287237162,1.3877787807814457E-16,1.0
100100001000000000000100001000010101,7922,0.059638233451419186,-0.8937847873379051,1.0,1.0
100100001000000000000101101010001101,4382,0.02981911672570959,-0.6670974743304074,1.0,1.0
101110001000000001000100001010010101,2514,0.03556598075249552,-0.6807454831661482,1.0,1.0
101100001000010001000101101010001101,3714,0.5341672088272503,0.025712155009792736,0.20000000000000015,1.0
101100011000000001000100001010010101,4140,11.920235032226191,11.298138651875119,1.3877787807814457E-16,1.0
101100101000000001000100001110000101,1646,0.182653240016254,-0.40213299931081326,0.6000000000000001,1.0
101100001000010001000100001000010101,3126,0.3183344176545011,-0.316640966173572,0.40000000000000013,1.0
101100000000000001000100001010010100,6914,0.08684549134233673,-0.49076193699635573,1.0,0.8
100010001000000000000100001010010111,4884,0.5810624570337961,-0.3857394005398187,0.20000000000000015,1.0
001100001000000001000100001010010001,9718,0.014162981586294431,-0.563444446752398,1.0,1.0
101100001000011001010100011110010101,7992,11.89588662294711,11.428551497421985,1.3877787807814457E-16,1.0
000100000000000000000100001010010000,1378,0.25039903424919446,-0.32065820215467555,1.0,0.5000000000000001
100010101000000000000100001010110101,4982,0.34388957298508854,-0.42545376893972725,0.40000000000000013,1.0
100110001000100000000100101100110101,640,11.940476783224247,11.229222377557614,1.3877787807814457E-16,1.0
101100001000000001000101101000011101,9432,0.01888397544839256,-0.5832246426841103,1.0,1.0
101010000101101111000110001011110100,238,11.916907286439564,11.364850939603338,1.3877787807814457E-16,1.0
101010001010000001000101101010101101,1796,0.3178659077033721,-0.30770691555719304,0.40000000000000013,1.0
100010001000000000000001101110011101,4418,0.1024187183113306,-0.5360607349072629,0.8,1.0
101101001000000001000000001010010101,7920,0.07268250975604229,-0.45070536988762167,0.8,1.0
101000001001000001000101101010001101,5330,0.009939705575236527,-0.5706154278456518,1.0,1.0
100100001000000000000100001010000101,8972,0.2188506422067548,-0.7219636845940995,1.0,0.6000000000000001
001101000100110111001001101110011010,0,11.973558772078963,11.603397586513369,1.3877787807814457E-16,1.0
101100001000000001000101101000011101,3380,0.01888397544839256,-0.5832246426841103,1.0,1.0
101000001110000011000100001111010101,7240,0.08984746001017108,-0.4626413175020949,0.8,1.0
000110001000101000000111001110111001,340,11.913058440902942,11.357612159043207,1.3877787807814457E-16,1.0
100100001100000000010100001110010101,3686,0.19888946547497666,-0.42636688031766146,0.6000000000000001,1.0
100010000000000000000100001110000100,4048,0.16621292418584876,-0.6705557468319193,1.0,0.7000000000000001
101110001000000001001110011000010101,6816,11.931771492246568,11.188051877178614,1.3877787807814457E-16,1.0
110110100000110110011010101101110110,364,11.914514391608432,11.364618659401453,1.3877787807814457E-16,1.0
100100001000000000000100101000000101,5826,0.059638233451419186,-0.8937847873379051,1.0,1.0
011010100010100011001001110010101010,312,11.912566851447616,11.478049473763202,1.3877787807814457E-16,1.0
101101001000000001000100001010010101,2092,0.17632626778750374,-0.40422886563338467,0.6000000000000001,1.0
100010001000000000000100001010010101,2548,0.05430902662140502,-0.8599205865286285,1.0,1.0
100010101000100000100101101010001101,9956,11.906010597493427,11.381966169399506,1.3877787807814457E-16,1.0
101101001000000001000100001110000101,6250,0.17632626778750374,-0.40422886563338467,0.6000000000000001,1.0
101000001110000001000100001010010101,5332,0.01987941115047306,-0.6150959726776001,1.0,1.0
101000011110000001000100001000010101,8650,11.920235032226191,11.298138651875119,1.3877787807814457E-16,1.0
100100000000001000000100001010010100,5328,0.1894358981762563,-0.39429724306302427,0.6000000000000001,1.0
111000001100000001010100011110000101,4218,11.925851262373092,11.23576587268686,1.3877787807814457E-16,1.0
100100001000000000100101101011011101,3716,11.917886355388418,11.346829118984548,1.3877787807814457E-16,1.0
101100001000000001000101101010001101,9738,0.009939705575236527,-0.5706154278456519,1.0,1.0
001000011010000011000100011110110011,440,11.92263147462429,11.312760984052678,1.3877787807814457E-16,1.0
100010001000000000000100001110000101,3484,0.05430902662140502,-0.8599205865286285,1.0,1.0
100000001110000000100100101000010101,5114,0.5671398788873359,-0.12522920313418562,0.20000000000000015,1.0
100100001010000000000101101010001101,2224,0.019879411150473054,-0.6150959726776,1.0,1.0
100100001000000000000101101010001101,7066,0.02981911672570959,-0.6670974743304074,1.0,1.0
001100011000000001000101101011001001,7288,11.904818306156638,11.471034720003512,1.3877787807814457E-16,1.0
101100001001000001000100001010010101,8072,0.028325963172588835,-0.62726605832498,1.0,1.0
101101101000010001000100001010010101,8406,11.916228735535801,11.450626877231246,1.3877787807814457E-16,1.0
111101101110001101111110100000100111,0,11.904407196525996,11.37731191470308,1.3877787807814457E-16,1.0
100100000000000000000001101010001100,2750,0.0,-0.4940066938185174,1.0,1.0
101100001000010001000100001010010101,3990,0.5341672088272503,-0.04638792459363816,0.20000000000000015,1.0
101000001100000001000100001011010101,9008,0.10100847292863113,-0.5545835485689377,0.8,1.0
011000111010110101111000001110110001,460,11.921493131172989,11.52403495823087,1.3877787807814457E-16,1.0
101010001100000001000100001010010101,3086,0.10824849050853781,-0.6080629734101061,0.8,1.0
101010001000000001000100011010010101,3336,0.20749951070474398,-0.5619332981710021,0.6000000000000001,1.0
100100001000000000000100001000010101,4124,0.059638233451419186,-0.8937847873379051,1.0,1.0
100100001000001000000100001000110101,4712,0.3470716620735974,-0.42930126848852784,0.40000000000000013,1.0
100100001001000000000100001000010101,8844,0.056651926345177676,-0.8109880332002102,1.0,1.0
101100001000000001000100101110010101,4106,0.09965772409502409,-0.5224386562560482,0.8,1.0
000100001000000010000101001010011001,1728,0.01317351183516046,-0.5295657857298524,1.0,1.0
100110001000000000000101101010101101,6356,0.20598052163073852,-0.52426253453592,0.6000000000000001,1.0
111100001110000001000000001010010101,7982,11.918071681399356,11.271115019717671,1.3877787807814457E-16,1.0
100100001000000000000100001010010101,9502,0.049698527876182653,-0.8028460464800199,1.0,1.0
001100001000000001000100001010010001,8212,0.014162981586294431,-0.563444446752398,1.0,1.0
101100001000000001000100001011010101,9056,0.10100847292863113,-0.5545835485689377,0.8,1.0
101010001000000001000100000000010101,4060,0.0769796079204204,-0.7151386668925728,1.0,0.9
101100001100000001000101001000011111,6484,0.5536587656115958,-0.1320451070598776,0.20000000000000015,1.0
100100001010000000000100001110000101,9726,0.11244133205698842,-0.6560210932064628,1.0,0.8
101100001001000001000100101010000101,7178,0.02832596317258884,-0.62726605832498,1.0,1.0
101000011010001001000100001010010101,1306,11.899398276997962,11.382789857820669,1.3877787807814457E-16,1.0
101100001000000001000100011110000111,2284,11.934961151209425,11.150797473790917,1.3877787807814457E-16,1.0
101000001010000001000100001110010101,750,0.09256192090651534,-0.5424134629215578,1.0,0.8
100100001000100000000100001010010101,2492,0.2022710377425432,-0.4963797218971969,0.6000000000000001,1.0
101010001110000001000100001110010101,3352,0.19262099190033657,-0.4398676584670541,0.6000000000000001,1.0
100100001000000000000100001110000101,5558,0.12238103763222494,-0.7301635367239776,1.0,0.8
101000001110000001000100001010000101,4844,0.09366814175383731,-0.582182466614836,1.0,0.8
011110001010000001000101101010001001,960,0.3094454989781614,-0.2626129569194087,0.40000000000000013,1.0
000010100011001010110010000101010010,244,11.8958428646949,11.489934017423732,1.3877787807814457E-16,1.0
101000001110001001000100001010010101,8810,0.1728443411531094,-0.3643939607526395,0.6000000000000001,1.0
101100001000000001000100001000110101,4330,0.04375781017861623,-0.7328520114198975,1.0,1.0
100000001010000000000100001010010101,2330,0.34042627049961816,-0.4955325788945985,1.0,0.40000000000000013
100100001000000010000100101010100101,5530,0.21617328075860254,-0.5748036309917903,0.6000000000000001,1.0
100100001000000000100100001000010101,9180,0.35240543518199163,-0.4498261338737038,0.40000000000000013,1.0
101000001010000011011100001111000111,878,11.898056552389189,11.367600358262923,1.3877787807814457E-16,1.0
100010001000000000000100001010010101,4822,0.05430902662140502,-0.8599205865286285,1.0,1.0
001010001000001001000101111010001001,7548,0.301572808537522,-0.20347817884000635,0.40000000000000013,1.0
100100001000000000000101010000001101,1226,0.1588379599892214,-0.6332803148237717,1.0,0.7000000000000001
101100001000100001000100101010000101,9534,0.31472168430801484,-0.2700645550190524,0.40000000000000013,1.0
101100001000000001000100001000010101,5388,0.03975882230094612,-0.7287036029625051,1.0,1.0
100110001000010000000100101010000101,3370,11.928825798639705,11.21251433472106,1.3877787807814457E-16,1.0
101101001000100001000100101010010101,7524,11.896445233926798,11.411995102319072,1.3877787807814457E-16,1.0
101100001000000101000100001110000101,9240,0.10824849050853781,-0.608062973410106,0.8,1.0
101000001110000001000101001000011101,8572,0.009939705575236527,-0.5706154278456519,1.0,1.0
100011101010011000000101101010001101,4624,11.921234380282947,11.469759546845859,1.3877787807814457E-16,1.0
101100001000000001000100101010010101,9458,0.028325963172588835,-0.62726605832498,1.0,1.0
101000001010110111001010000011010111,406,11.893259817887209,11.389575128992263,1.3877787807814457E-16,1.0
101100001001000001000100001000010101,8498,0.03776795089678512,-0.6785022314967482,1.0,1.0
101000001110000001000100001010010101,4774,0.01987941115047306,-0.6150959726776001,1.0,1.0
100010001000000000101101101010001101,3672,11.911643484622523,11.321690895321845,1.3877787807814457E-16,1.0
101100001000000011000101101010001101,6428,0.00944198772419628,-0.5449619390846637,1.0,1.0
101000001000000011000100001010010101,4690,0.02981911672570959,-0.6670974743304072,1.0,1.0
101110001000000001000100001010010101,9148,0.03556598075249552,-0.6807454831661482,1.0,1.0
101000001010000001000100001010010101,9628,0.09366814175383732,-0.5821824666148361,1.0,0.8
111000001101100101000100001110000101,2320,11.924762271472588,11.261832193315561,1.3877787807814457E-16,1.0
101100001000000001000101101010001101,6946,0.009939705575236527,-0.5706154278456519,1.0,1.0
000010001010000010000100001111000001,826,0.20070339040275514,-0.4456435530875493,0.6000000000000001,1.0
100100001110000000010100001010010101,5644,0.1911727716237052,-0.41459658682587663,0.6000000000000001,1.0
101100101000000101000100001000010101,7652,0.3308661102170743,-0.3341732302327424,0.40000000000000013,1.0
010111011111100000010000010111010001,124,11.893259817887209,11.482361647808496,1.3877787807814457E-16,1.0
101100001000000001000101101010001101,2772,0.009939705575236527,-0.5706154278456519,1.0,1.0
111100001110000001000100001010010101,8036,11.922691080246791,11.236987207575318,1.3877787807814457E-16,1.0
101010001001000001000100001010010101,7896,0.03556598075249552,-0.6807454831661484,1.0,1.0
101010001000000001000101011001011101,6152,0.1990137791053329,-0.48434192076371585,0.6000000000000001,1.0
111100001000000001000100100100010101,9608,0.33807051315386427,-0.3769337645622672,0.40000000000000013,1.0
100000001110000000000100001010010101,1918,0.20614538451321335,-0.5623170407502379,1.0,0.6000000000000001
100100001000000000000100001000000101,9488,0.3614119024974132,-0.7097124318807841,1.0,0.40000000000000013
101100001000000001000100101000010101,7806,0.03776795089678512,-0.6785022314967482,1.0,1.0
100100001000000000000100001010100111,1422,0.5810624570337961,-0.3857394005398187,0.20000000000000015,1.0
101010001000000001000100001000010101,3720,0.08006326833860787,-0.7517913264837395,1.0,0.9
100100011110100110100101001010011101,3844,11.906143568430009,11.421092258807672,1.3877787807814457E-16,1.0
100100001000000000000100001010010111,6276,0.5778235689020864,-0.34179254562323835,0.20000000000000015,1.0
101100001100000001000100001110010101,5060,0.09965772409502409,-0.5224386562560482,0.8,1.0
100100001000000000000100000010010101,5760,0.11940787812407987,-0.6878429130754004,1.0,0.8
000100001000000000000100001000010001,9200,0.35510693284920575,-0.5125330266961821,1.0,0.40000000000000013
100011001110011000000100001010010101,4398,11.893259817887209,11.391742416440142,1.3877787807814457E-16,1.0
100010001000000000000110001011010101,8658,11.948112742327922,11.045217808300084,1.3877787807814457E-16,1.0
101000001000110111000101000100111101,714,11.895787044954396,11.410241024908347,1.3877787807814457E-16,1.0
100010001000000000000100001010010101,7008,0.05430902662140502,-0.8599205865286285,1.0,1.0
100010001000000000000000001010000101,8716,0.2811456520579077,-0.692867394944623,1.0,0.5000000000000001
110010101000000000000100001110000101,4050,0.5714892921830942,-0.25612259129126325,0.20000000000000015,1.0
101101001010000001110100001010010101,6918,11.905179702773305,11.449492390525439,1.3877787807814457E-16,1.0
101010001000000001000000001110000101,7054,0.03283536847171948,-0.6851272849423613,1.0,1.0
100110001000000000000101001010011101,8950,0.03556598075249552,-0.6807454831661482,1.0,1.0
100010001000000000001100101110010101,2676,0.5583126958928385,-0.121193694066973,0.20000000000000015,1.0
100110001000000000000100001010010101,5882,0.05194963960473694,-0.7935965353480863,1.0,1.0
101010000010100111000100000001000100,622,11.906692244233293,11.38904599557938,1.3877787807814457E-16,1.0
100010001000000000000100001000010101,3836,0.09719102074521484,-0.914710810471064,1.0,0.9
101100001000000001000100001001010101,9430,0.1104504606528274,-0.6058197217407059,0.8,1.0
101100001001010001000101100010011101,5406,0.31924217425838697,-0.12892200506125795,0.40000000000000013,1.0
101101110111101111101101001110111110,148,11.921375131982414,11.532651928561863,1.3877787807814457E-16,1.0
100010001000000000000100001000010101,6606,0.09719102074521484,-0.914710810471064,1.0,0.9
001100000000001001000100101010010000,7330,0.21594347866049707,-0.1564723506947326,0.6000000000000001,1.0
101000001010000001000100001110010101,2868,0.09256192090651534,-0.5424134629215578,1.0,0.8
101000001010000011010100001111010101,870,0.3043042368774541,-0.19491498680332425,0.40000000000000013,1.0
001000001010000011000100101001000011,422,0.19471252538485606,-0.4608794961127127,0.6000000000000001,1.0
110100001000000000000100001010010101,6732,0.21998262786233982,-0.6996334866629849,0.6000000000000001,1.0
101100001000000001000100001100000101,1220,0.11244133205698842,-0.6560210932064628,1.0,0.8
100010001110000000000100001010010101,3188,0.21014437239088346,-0.5664654492076304,0.6000000000000001,1.0
101010001000000001010100001011010101,4338,0.5485358310367985,-0.06959052590837911,0.20000000000000015,1.0
100010001000000000001100001010010101,5704,0.3356362807188261,-0.42551278184881053,0.40000000000000013,1.0
100000011000000000000100001111100101,1036,11.941056522642791,11.194523083345372,1.3877787807814457E-16,1.0
101100001000000001000101101110011101,3120,0.08167424786903624,-0.45098204661077546,0.8,1.0
101100001000000001000101101011011101,9008,0.08167424786903621,-0.45098204661077546,0.8,1.0
100010001000000000000100001000010101,5412,0.09719102074521484,-0.914710810471064,1.0,0.9
100110100000010010001011101101011110,482,11.899524394832483,11.410938355267435,1.3877787807814457E-16,1.0
100100001001000010000110001100010101,4548,11.947861175178126,11.13077300034039,1.3877787807814457E-16,1.0
100010001000000000000100001010010101,7544,0.05430902662140502,-0.8599205865286285,1.0,1.0
101010001000000001000100001110010101,4152,0.03556598075249552,-0.6807454831661484,1.0,1.0
100110001000000000000100001110000101,4676,0.05194963960473694,-0.7935965353480863,1.0,1.0
101100001000000001000101101010011101,9780,0.009441987724196273,-0.5449619390846638,1.0,1.0
101100001000000001000101101010101101,5506,0.18556888411252132,-0.42960736432749524,0.6000000000000001,1.0
100010001000000000010100001010010101,7078,0.20871955217669802,-0.552484446549891,0.6000000000000001,1.0
100010001000000000000100001000000101,5682,0.2916367436954412,-0.8357111149636064,1.0,0.5000000000000001
100100011000000000000100001000010101,2604,0.5781779319299775,-0.2240536371257179,0.20000000000000015,1.0
101000001110000001000100110010010101,9336,0.187224085823494,-0.40302890273419634,0.6000000000000001,1.0
100100001000000000010100000110010101,4164,0.10149892969423328,-0.5071383162766666,1.0,0.8
101100101000000001000101100010001101,5208,0.08811284794181473,-0.3800024261845178,0.8,1.0
110010001000100000000100001110000101,1216,11.94052160681829,11.112909723343932,1.3877787807814457E-16,1.0
101010001000001001000101101010001101,9756,0.17485316020515337,-0.3821999198622055,0.6000000000000001,1.0
100100001110000000000100001110000101,6316,0.1104504606528274,-0.6058197217407059,0.8,1.0
101100001000010001000100001010010101,3684,0.5341672088272503,-0.04638792459363816,0.20000000000000015,1.0
110100001010000000000100001000010101,6722,0.3520510721541007,-0.567565042371224,0.40000000000000013,1.0
101100001000100101001100011100010101,4510,11.915510122224996,11.331032314646604,1.3877787807814457E-16,1.0
100010001001000010100101101010001101,7814,11.924724914575508,11.302114532540902,1.3877787807814457E-16,1.0
100100000000000000000101101010001100,7610,0.014162981586294417,-0.563444446752398,1.0,1.0
101100111011001001010100000110000101,1180,11.921920813435587,11.52986984448728,1.3877787807814457E-16,1.0
101100001011000011000100101111000101,874,0.18280425387973964,-0.35048382392911936,0.6000000000000001,1.0
101010001000000001000101001110001101,7190,0.02005352180819111,-0.6251344947560632,1.0,1.0
101000011000000001000100001010010101,9254,0.5525534664246027,-0.10303855507296611,0.20000000000000015,1.0
000110001100000000000100001110000001,824,0.2109728449560772,-0.4989622784931589,0.6000000000000001,1.0
010111000110101110001011100110001000,0,11.923532508753711,11.52334401294439,1.3877787807814457E-16,1.0
101100001000000001000101101010001101,1060,0.009939705575236527,-0.5706154278456519,1.0,1.0
100100001000000000000100011010000101,2744,0.1269915363774473,-0.7872380767725862,0.8,1.0
101100001000000001000100001110000101,6962,0.02981911672570959,-0.6670974743304074,1.0,1.0
100100001010000000000101101010001101,6426,0.019879411150473054,-0.6150959726776,1.0,1.0
101100001000000001000100001001010101,4586,0.1104504606528274,-0.6058197217407059,0.8,1.0
101100011110000001000101101110001101,3508,11.893259817887209,11.42685204211459,1.3877787807814457E-16,1.0
100010001000000000000100101110000101,5796,0.12463214936077924,-0.7209140255920441,0.8,1.0
101000001110000001000100001110010101,2594,0.018883975448392546,-0.5832246426841103,1.0,1.0
100100001000000000000100001010010101,4388,0.049698527876182653,-0.8028460464800199,1.0,1.0
110100001000100000100101101010001101,7698,11.918922637228519,11.30146295546871,1.3877787807814457E-16,1.0
100100001000000100000100001010010101,8392,0.12463214936077924,-0.720914025592044,0.8,1.0
101101001000000001000101101010001101,8688,0.5341672088272503,0.025712155009792736,0.20000000000000015,1.0
101000001110100001000100001010010101,5086,0.07914028869688446,-0.45809801320886445,0.8,1.0
101110001000000001000100001001000101,6322,0.11644031993465852,-0.6601695016638552,1.0,0.8
101100000011000001000101001110001100,1018,0.02634702367032092,-0.41802064518394644,1.0,1.0
101000001000000011000100001100000101,5090,0.11244133205698842,-0.6560210932064626,1.0,0.8
000110001000000000000100001100010001,794,0.12753824705317438,-0.6561616395795347,1.0,0.8
100010001000000000000100001010010101,1560,0.05430902662140502,-0.8599205865286285,1.0,1.0
101100001010001001000111101010001101,1856,11.898249344090853,11.350424473466061,1.3877787807814457E-16,1.0
101100011010001001010100001011010101,1160,11.898992056146087,11.459294521253089,1.3877787807814457E-16,1.0
100100001000000000000100001011010101,9144,0.11989244837702369,-0.6661705103480575,0.8,1.0
101100001000000001000100001010000101,7320,0.10416095775273483,-0.6450643128962421,1.0,0.8
001000001010001011100100001111010001,906,11.90766106266142,11.502968501997698,1.3877787807814457E-16,1.0
101100001010000001000111001000111101,5906,0.552777245455732,-0.13603355706702158,0.20000000000000015,1.0
110110000011010110010011101110011100,122,11.906190347991469,11.389475096303942,1.3877787807814457E-16,1.0
101100101000000001000100001010010101,3972,0.08894918756002906,-0.4958370517670382,0.8,1.0
000010001000100000000100001010010001,1696,0.20043444938752805,-0.4684159387837409,0.6000000000000001,1.0
100100011000100000000100001000010101,2610,11.93464727877968,11.25784051767485,1.3877787807814457E-16,1.0
101100001000000001000100001110010101,9392,0.028325963172588828,-0.62726605832498,1.0,1.0
101010001110000001000100001010010101,3810,0.19376071353864202,-0.46917018555015333,0.6000000000000001,1.0
100100001000000000001100001110010101,2038,0.19471252538485606,-0.4608794961127127,0.6000000000000001,1.0
101100000000001001000100101010010100,2064,0.17080900831012255,-0.2831331008553145,0.6000000000000001,1.0
111100001110000011000100001010010101,8120,11.921585781059798,11.26599375956223,1.3877787807814457E-16,1.0
101100001000000001001101101000011101,3116,0.5242275032520138,0.012816878241349583,0.20000000000000015,1.0
100000000000000010000100001010010100,6338,0.20887550697115048,-0.5410061995142365,1.0,0.6000000000000001
101100000000100001001100101011010100,2460,11.92162448635173,11.509969724207403,1.3877787807814457E-16,1.0
100100001000000000000110001000010111,4302,11.955523759051788,10.911331473073863,1.3877787807814457E-16,1.0
100010001000000000000100001000010101,7602,0.09719102074521484,-0.914710810471064,1.0,0.9
101010001000000001000110001010010101,9496,0.3416631558629289,-0.487286720957203,0.40000000000000013,1.0
101010001000000001000100000010010101,5588,0.06715348639222582,-0.650809167021855,1.0,0.9
100010001010000000000100001000010101,5638,0.1269915363774473,-0.7872380767725862,0.8,1.0
101100001100000001100100001000010101,6596,0.5585574037602714,-0.08213625746547326,0.20000000000000015,1.0
101111001110011001000100001010010101,4562,11.908797684934129,11.448812858681652,1.3877787807814457E-16,1.0
100100011010000000000100001000010101,6120,11.938218508452179,11.204099303032027,1.3877787807814457E-16,1.0
011100001000101001000101101010111001,9098,11.89588662294711,11.428551497421985,1.3877787807814457E-16,1.0
100110001100000000000100000110010101,912,0.21177800917485734,-0.4979633208171311,0.6000000000000001,1.0
100100001000000000000100001011010101,4650,0.11989244837702369,-0.6661705103480575,0.8,1.0
101101001010000001001100001000010101,8440,11.903199523462446,11.394744469644987,1.3877787807814457E-16,1.0
101000001110000001000100001010010101,4968,0.01987941115047306,-0.6150959726776001,1.0,1.0
101100001000000001000100001110000101,8898,0.02981911672570959,-0.6670974743304074,1.0,1.0
101100001000000001000101100010001101,2106,0.0,-0.523387879643664,1.0,1.0
000000110010111010000000010110000000,0,12.109039865924402,11.76901400895369,1.3877787807814457E-16,0.8
100011001000000000000100001010010101,7798,0.10986378397084036,-0.6512852785967965,0.8,1.0
100100011000000000000100001010010101,5122,11.938218508452179,11.204099303032027,1.3877787807814457E-16,1.0
100100001001000000000100001010010101,7600,0.0472099386209814,-0.7388530201040999,1.0,1.0
101010101000000001000100001110000101,4192,0.1917863561909257,-0.4559032117853544,0.6000000000000001,1.0
001000001000000001000100001010010001,4064,0.3137681681183345,-0.31025636983290666,1.0,0.40000000000000013
101000001110000001000100001010010101,4406,0.01987941115047306,-0.6150959726776001,1.0,1.0
100010001000000000000101101110011101,888,0.10676770239686698,-0.5727386875629445,0.8,1.0
101010001000000001000100101010100101,7882,0.20749951070474398,-0.5619332981710021,0.6000000000000001,1.0
101010001000000001000100011110000101,2192,0.20749951070474398,-0.5619332981710021,0.6000000000000001,1.0
100100101000000000000100001000010101,6048,0.11837588414946287,-0.6499840479750288,0.8,1.0
101110001000000001000100001010010101,1968,0.03556598075249552,-0.6807454831661482,1.0,1.0
101101101000000001000100001010110101,8178,11.90136259381547,11.36433793717567,1.3877787807814457E-16,1.0
101011001000000001000100001010010101,1490,0.1864400840204583,-0.458747932543796,0.6000000000000001,1.0
000100001010000010000000011111010001,1294,0.5494111057296199,0.014498277728560383,0.20000000000000015,1.0
101100011000000001100101101010011101,3110,11.901126208438612,11.416193758756156,1.3877787807814457E-16,1.0
101100001000000001000101101011001101,1914,0.009441987724196273,-0.5449619390846638,1.0,1.0
101010001000000001000000000010010101,8764,0.06130501244268345,-0.6046748651770235,1.0,0.9
110010001000000000000101001001011101,7368,0.3467321353854918,-0.4932929153070856,0.40000000000000013,1.0
101100001011000101000100101010010101,8862,0.3236408256711369,-0.28312868970048916,0.40000000000000013,1.0
101100001000001001000100001110000101,4500,0.08894918756002906,-0.4958370517670382,0.8,1.0
101000111100000001000101101010001101,4742,11.896295145143544,11.42600383634467,1.3877787807814457E-16,1.0
101100001000000001000100001010000101,7386,0.10416095775273483,-0.6450643128962421,1.0,0.8
101000001110000001110100001010010101,9162,11.899109048260636,11.399889824579857,1.3877787807814457E-16,1.0
101000001110000001000100001110000101,4068,0.019879411150473054,-0.6150959726775999,1.0,1.0
111100001000000001100100011010010101,7816,11.93224224960702,11.217918392783806,1.3877787807814457E-16,1.0
101100101000000001000100000010010101,2160,0.08025436163640182,-0.4493024538392777,0.8,1.0
101110001000000001000100001010000101,3890,0.10986378397084035,-0.6512852785967962,1.0,0.8
100100001000000000000101101010001111,2140,0.56251040728778,-0.21654040507784056,0.20000000000000015,1.0
000001111011001100100100011110110001,428,11.901430334004376,11.450381273139197,1.3877787807814457E-16,1.0
101100001000000001000100001010010101,2674,0.02981911672570959,-0.6670974743304074,1.0,1.0
100100001000000000000100001010010101,8918,0.049698527876182653,-0.8028460464800199,1.0,1.0
101000011110000001000100001010010101,2766,11.911243294113197,11.336148916039862,1.3877787807814457E-16,1.0
001100001000000011100110001010010001,3468,11.919007243268402,11.324626204775084,1.3877787807814457E-16,1.0
100100001001100000000101001011011101,8200,0.31318879450721526,-0.22412070897962272,0.40000000000000013,1.0
010000001110000000000100001010100001,9620,0.5699726536701154,-0.26188194115223196,0.20000000000000015,1.0
101100001000000001000101001000011111,6324,0.329081329732641,-0.3923569690692335,0.40000000000000013,1.0
101100001000000001000100001000010101,8496,0.03975882230094612,-0.7287036029625051,1.0,1.0
101010001000000001000000001010000101,1418,0.15081698620082018,-0.6229726458092965,1.0,0.7000000000000001
100010001000000000000100001111000101,6392,0.05194963960473695,-0.7935965353480864,1.0,1.0
100100001000000000000110001011010101,7688,11.944764527016478,11.088314606886946,1.3877787807814457E-16,1.0
101000001100000001000100001111010101,1016,0.09965772409502408,-0.5224386562560481,0.8,1.0
100111100000010010001011101101011110,328,11.899524394832483,11.445442362339316,1.3877787807814457E-16,1.0
100000001110010000010101111010011101,7358,11.893259817887209,11.405901755474112,1.3877787807814457E-16,1.0
100100001010000000000100001010010101,9020,0.03975882230094612,-0.7287036029625051,1.0,1.0
101100001000000001000001101010011101,8134,0.0,-0.5006226439340284,1.0,1.0
101010001000000001000101001110001101,4042,0.02005352180819111,-0.6251344947560632,1.0,1.0
011001001010000011000100001111010001,400,11.893259817887209,11.399253124068691,1.3877787807814457E-16,1.0
101000001110000001000100101010010111,1950,11.922691080246791,11.236987207575318,1.3877787807814457E-16,1.0
101000001110000001000100101110010101,4136,0.09066598598203016,-0.48442839209130484,0.8,1.0
101000001001000001000101101010011101,9100,0.009441987724196289,-0.5449619390846637,1.0,1.0
100010001000000000000100001110000101,2690,0.05430902662140502,-0.8599205865286285,1.0,1.0
100100001000000000000100001000010101,4548,0.059638233451419186,-0.8937847873379051,1.0,1.0
100110001000010010000100000010110101,7832,11.928250831960515,11.265226074484994,1.3877787807814457E-16,1.0
101000001010000011000100001111000101,634,0.018883975448392546,-0.5832246426841102,1.0,1.0
100100001000000000000100001010000101,7120,0.2188506422067548,-0.7219636845940995,1.0,0.6000000000000001
101010001000100001000100001010010101,2982,0.1917863561909257,-0.4559032117853544,0.6000000000000001,1.0
100000001010000010010100001110110111,584,11.931062762189663,11.228092670977336,1.3877787807814457E-16,1.0
100100001100000000000100000110010101,1206,0.11425684526476003,-0.5746734098841543,0.8,1.0
100000001000000000000100001110010101,8772,0.12238103763222494,-0.7301635367239775,1.0,0.8
100000001000000000000100001110010101,5474,0.12238103763222494,-0.7301635367239775,1.0,0.8
100100001000000110000100111100000101,7014,0.3547866530458727,-0.45111823677030377,0.40000000000000013,1.0
101000001000000001000100001100000101,1244,0.20835782620785728,-0.6276010231863594,1.0,0.6000000000000001
101010001000000001000100001010010101,5486,0.03718127421479807,-0.7239677883528388,1.0,1.0
100010000001000000000100001010010100,6872,0.21354096857257027,-0.5511258677738393,1.0,0.6000000000000001
101101001000000001000100001010010101,6128,0.17632626778750374,-0.40422886563338467,0.6000000000000001,1.0
100010001000000000000100011010010101,4340,0.22196754223349915,-0.6749707195759375,0.6000000000000001,1.0
100100001000000000010100001001110111,9978,11.943663743623814,11.148502358626557,1.3877787807814457E-16,1.0
100100001010001000010100011100010101,4150,11.921388182159545,11.32500019823524,1.3877787807814457E-16,1.0
101100001000000001000100001010010101,8708,0.02981911672570959,-0.6670974743304074,1.0,1.0
101010001000000001000100101011010101,7260,0.10676770239686698,-0.5727386875629445,0.8,1.0
101100001000000001000101101110001101,1652,0.08212449748023858,-0.47227942932862144,0.8,1.0
100010001000000000000100001010000101,1798,0.1295754315102834,-0.8738730162920946,1.0,0.8
101010001001000001000100001010010111,9302,0.5659288365742291,-0.21823484084427847,0.20000000000000015,1.0
100010001000000110000100001110000101,8812,0.2199140066815497,-0.6208530104349244,0.6000000000000001,1.0
101110001000000001000100001010000101,9392,0.10986378397084035,-0.6512852785967962,1.0,0.8
001100001000000001000100001000010001,6424,0.10100847292863113,-0.5545835485689378,1.0,0.8
101100001010000001000101101010001101,1042,0.0,-0.5321342441674862,1.0,1.0
100010001000000000000101001010011101,4666,0.03718127421479806,-0.7239677883528386,1.0,1.0
100000010110000000000100001010010100,1322,11.917886355388418,11.346829118984548,1.3877787807814457E-16,1.0
100100001000000000000101101010001101,3550,0.02981911672570959,-0.6670974743304074,1.0,1.0
100010001000000000000100001100000101,1260,0.1355554125807508,-0.876346418635528,1.0,0.8
101100001000000001000000001110000101,9700,0.09604519394006107,-0.5473746042305424,1.0,0.8
100010001000000000000100001010000101,7560,0.1295754315102834,-0.8738730162920946,1.0,0.8
101100001000000001000100001000010101,9234,0.03975882230094612,-0.7287036029625051,1.0,1.0
101000001100000001000100001010010101,9214,0.02981911672570959,-0.6670974743304072,1.0,1.0
101010001000000001000100001110000101,6192,0.03718127421479806,-0.7239677883528386,1.0,1.0
100100001000000000000110001010010101,4868,0.5778235689020864,-0.34179254562323824,0.20000000000000015,1.0
000100101000000010000011101010001001,7572,11.900396383732055,11.393531884040334,1.3877787807814457E-16,1.0
101010001001000001000100001110010101,3900,0.03408519264082468,-0.6454211973189868,1.0,1.0
101100001000000001000101101110011101,8346,0.08167424786903624,-0.45098204661077546,0.8,1.0
001010001000001001000100001010010001,6592,0.309804302229115,-0.23782424706023803,0.40000000000000013,1.0
100000001110000010000100001110110101,590,0.11294225264880037,-0.5820889473772699,0.8,1.0
100100001110100000000100001010010101,5964,0.32324121591546606,-0.2825281425341158,0.40000000000000013,1.0
100101011110000000000101101010011101,8888,11.893259817887209,11.42685204211459,1.3877787807814457E-16,1.0
101110001001100001001111101000001101,9860,11.90586079932136,11.345226492258499,1.3877787807814457E-16,1.0
101100011000000001000100001011010101,5422,11.919007243268402,11.324626204775084,1.3877787807814457E-16,1.0
101110001010010101000100001000010101,9338,11.91892029225487,11.278089174314331,1.3877787807814457E-16,1.0
101000001110001001000100001000010101,3862,0.182653240016254,-0.40213299931081326,0.6000000000000001,1.0
100100001000000000000100001110000101,7372,0.12238103763222494,-0.7301635367239776,1.0,0.8
101100001000000001100100001010010101,2402,0.5512027175909956,-0.07089366276007658,0.20000000000000015,1.0
100100001000000000000100001000010101,6526,0.059638233451419186,-0.8937847873379051,1.0,1.0
111010001000000001000100011110110101,3250,11.939540199021542,11.148515562853486,1.3877787807814457E-16,1.0
101100101000000001000100101010000101,9730,0.08894918756002906,-0.4958370517670381,0.8,1.0
100100011110000000000100001010010101,5132,11.927589718395467,11.286896057169722,1.3877787807814457E-16,1.0
101100001100000001000100101011000101,1496,0.09965772409502409,-0.5224386562560481,0.8,1.0
100110011000000100000100001110010101,3740,11.941446266952653,11.218845362814914,1.3877787807814457E-16,1.0
100100001010000000000100001000010101,9770,0.049698527876182653,-0.8028460464800199,1.0,1.0
101100001010000101000100001000010101,6222,0.20195254296476273,-0.514358920953881,0.6000000000000001,1.0
101011001000000001000100011010010111,9514,11.927041458711583,11.194608913092582,1.3877787807814457E-16,1.0
100100001000000000000101001010011101,8272,0.02981911672570959,-0.6670974743304074,1.0,1.0
100110001000000000000100001111010111,698,11.944536364973125,11.137962845007197,1.3877787807814457E-16,1.0
101100101110000101101100001010010101,3514,11.893259817887209,11.429117220871158,1.3877787807814457E-16,1.0
100100001000000000000100001000010101,2698,0.059638233451419186,-0.8937847873379051,1.0,1.0
100100001000000000000100001000010101,3586,0.059638233451419186,-0.8937847873379051,1.0,1.0
010110111110011100101011011101001001,0,11.899514307210547,11.432247882999887,1.3877787807814457E-16,1.0
101101001001000001000000001110000101,8004,0.07268250975604229,-0.42794013417798615,0.8,1.0
101000001010000001000100001010010101,1318,0.09366814175383732,-0.5821824666148361,1.0,0.8
101100001000000001100101101000011101,5404,0.5413924535061426,-0.01109632400612337,0.20000000000000015,1.0
100000001110000000000100001100010101,2410,0.0472099386209814,-0.7388530201040998,1.0,1.0
101100001000000001000101101010001101,6058,0.009939705575236527,-0.5706154278456519,1.0,1.0
101100000000000001000100001110000100,9706,0.13033945157560176,-0.44726797676309066,1.0,0.7000000000000001
101010001000000001000100001010010101,8420,0.03718127421479807,-0.7239677883528388,1.0,1.0
101100011000000001100100001010010101,9248,11.917886355388418,11.346829118984548,1.3877787807814457E-16,1.0
100100001000000000000101001000001101,3922,0.20835782620785728,-0.6276010231863594,1.0,0.6000000000000001
100100000010001000010100011100010100,4170,11.909833559131764,11.40126085816735,1.3877787807814457E-16,1.0
101100001000000001000100001010010101,8826,0.02981911672570959,-0.6670974743304074,1.0,1.0
100100001000000000000100001010010101,1410,0.049698527876182653,-0.8028460464800199,1.0,1.0
100100001000000000000100001000010101,8850,0.059638233451419186,-0.8937847873379051,1.0,1.0
100010001000000000000100001110000101,3320,0.05430902662140502,-0.8599205865286285,1.0,1.0
001100101000010001000110001010010001,3458,11.89661093780951,11.395519892811414,1.3877787807814457E-16,1.0
101100001000000001000100001010010101,6694,0.02981911672570959,-0.6670974743304074,1.0,1.0
100100001000000000000100000000000101,5546,0.45442300012483217,-0.5897692858530919,1.0,0.30000000000000016
101010001110100001000101001000011101,2990,0.5323302791802754,-0.004694377459525834,0.20000000000000015,1.0
101101001100000001000100101010010101,1406,11.902251556000204,11.369595261520391,1.3877787807814457E-16,1.0
100010001000000000000100001110000101,1478,0.05430902662140502,-0.8599205865286285,1.0,1.0
101100011000010011000101101010001101,7938,11.901842293014273,11.437950242826705,1.3877787807814457E-16,1.0
111010100000011101011111010011001100,168,11.904450070131952,11.438588397719037,1.3877787807814457E-16,1.0
101100001000000001100100101010000101,7144,11.920235032226191,11.298138651875119,1.3877787807814457E-16,1.0
100100001000000000000100001000010101,8664,0.059638233451419186,-0.8937847873379051,1.0,1.0
101100001000010001000100011010000101,3094,11.9133133396954,11.268125323131146,1.3877787807814457E-16,1.0
101000101100000001000100000111000101,784,0.3055915723488741,-0.20127292734284813,0.40000000000000013,1.0
101100001000000001000100101110000101,8806,0.10100847292863113,-0.5545835485689377,0.8,1.0
000100101000000000000100001000010001,7562,0.10963072587600269,-0.5498562360262353,0.8,1.0
101100001000000001000100001001010101,9018,0.1104504606528274,-0.6058197217407059,0.8,1.0
111000001010000011000100101110110101,450,11.926095191923968,11.251867222291974,1.3877787807814457E-16,1.0
100100001000000000000100001000010111,7416,0.3597076529612539,-0.6475415744103177,0.40000000000000013,1.0
110110001001110010100100001110100101,492,11.925599626181503,11.306094056865101,1.3877787807814457E-16,1.0
100000001001000000000101101010001101,1856,0.02981911672570959,-0.6670974743304074,1.0,1.0
100000001110000000100100001000010101,4916,0.3434136970689977,-0.3907055083511541,0.40000000000000013,1.0
100010001000000000000100001010010111,9434,0.5810624570337961,-0.3857394005398187,0.20000000000000015,1.0
101100001000000111100100001010010101,9538,11.924724914575508,11.302114532540902,1.3877787807814457E-16,1.0
100010001010000000000101001110101101,1008,0.2002654949403664,-0.5160876582027509,0.6000000000000001,1.0
100110011000000100001100011010010101,2278,11.933262345687668,11.248586303092978,1.3877787807814457E-16,1.0
100010001000000000000100001011010101,2384,0.12463214936077924,-0.7209140255920441,0.8,1.0
101010001000000001010100001011010101,3830,0.5485358310367985,-0.06959052590837911,0.20000000000000015,1.0
101010001010000101000100001000010101,6302,0.33956795499650483,-0.4298648538792413,0.40000000000000013,1.0
101100001000000001000101101010001101,7770,0.009939705575236527,-0.5706154278456519,1.0,1.0
101000001110000001000000001010010111,8590,0.5501775783811415,-0.1314641648357392,0.20000000000000015,1.0
101000001000001011010100001010010101,4852,11.89632612425633,11.39627285631461,1.3877787807814457E-16,1.0
101100001001000001001100001010010101,4748,0.5336694909762101,-0.02073443583265,0.20000000000000015,1.0
100010001000000000000100001111000101,5938,0.05194963960473695,-0.7935965353480864,1.0,1.0
010111001010000000000101101010001001,946,11.904250310361343,11.332191854463773,1.3877787807814457E-16,1.0
101000001000100011000101101100001101,7360,0.30459346561478096,-0.21201495356251215,0.40000000000000013,1.0
110110001001110110000101001111001111,344,11.921982233348862,11.291545017775574,1.3877787807814457E-16,1.0
100010001000000000000100001011000101,8132,0.05430902662140502,-0.8599205865286285,1.0,1.0
101010001000000001000100000010000101,5880,0.15081698620082018,-0.6229726458092965,1.0,0.7000000000000001
010110001000000000100100001110010001,812,11.939219479296817,11.229613108258677,1.3877787807814457E-16,1.0
100110001000010000000100001000010101,3332,0.5679853134306301,-0.2086245081678837,0.20000000000000015,1.0
101100001000000001000100001000010101,6050,0.03975882230094612,-0.7287036029625051,1.0,1.0
100100010100100000000100001000010100,8172,11.923517219873666,11.375429759083694,1.3877787807814457E-16,1.0
100111100000000000000100001010110100,514,0.5446107339842822,-0.02063890201544527,0.20000000000000015,1.0
100100001000010000001100000100110101,1280,11.914097341498437,11.323844352940746,1.3877787807814457E-16,1.0
101010001000000001000100001110000101,3124,0.03718127421479806,-0.7239677883528386,1.0,1.0
111110000010111001010111000001001110,216,11.89725333309432,11.410071869649174,1.3877787807814457E-16,1.0
100100001000000000000100001000010101,3828,0.059638233451419186,-0.8937847873379051,1.0,1.0
101000001111100001000100001010010101,3858,0.07882096886679517,-0.4377874503104978,0.8,1.0
100100001000000010000100001010010101,8170,0.0472099386209814,-0.7388530201040999,1.0,1.0
110110010000010100111111010110011110,206,11.912948763368124,11.35784235790461,1.3877787807814457E-16,1.0
101000001000000001000100001010010101,8050,0.10416095775273485,-0.6450643128962421,1.0,0.8
110010110010111100111001101100011110,366,11.907351042202304,11.493026368476064,1.3877787807814457E-16,1.0
101101001100000001000101101010001101,1976,11.902701805611406,11.411508839231798,1.3877787807814457E-16,1.0
101100001000000001000100111000010101,2258,0.11461846534962229,-0.6173159500985304,0.8,1.0
101011001011000001000100001010010101,6308,0.3094454989781615,-0.26261295691940884,0.40000000000000013,1.0
100010000000000000000101101010001100,9716,0.026986894522177122,-0.6389929830975298,1.0,1.0
100100001000000000000100001111000101,6160,0.11989244837702369,-0.6661705103480575,1.0,0.8
101000001110000101000100001010010101,2716,0.1000566610824171,-0.5628742380063781,0.8,1.0
101000001110100001100100001110000101,1892,11.899109048260636,11.399889824579857,1.3877787807814457E-16,1.0
101100001000000001000100001000010101,7256,0.03975882230094612,-0.7287036029625051,1.0,1.0
101000001110000001000100001010010101,4960,0.01987941115047306,-0.6150959726776001,1.0,1.0
101100001000000001000100001010010101,1800,0.02981911672570959,-0.6670974743304074,1.0,1.0
100100001000000000011100001010010101,4336,0.31472168430801484,-0.2700645550190524,0.40000000000000013,1.0
110100001100000000000100011110010101,3412,11.944536364973125,11.137962845007197,1.3877787807814457E-16,1.0
100010000000000000000100001110000100,2166,0.16621292418584876,-0.6705557468319193,1.0,0.7000000000000001
101101001000000001000100001110000111,7630,11.916229560308668,11.246091596057063,1.3877787807814457E-16,1.0
100110001000000000000100001010010101,3892,0.05194963960473694,-0.7935965353480863,1.0,1.0
100010111100000000010100001010010101,1238,11.92028615673469,11.34502055097642,1.3877787807814457E-16,1.0
110011110110010110000101001110111110,106,11.90559333076073,11.382826871251195,1.3877787807814457E-16,1.0
100100001110100000000100101100010101,9674,11.924300177558456,11.326405147380799,1.3877787807814457E-16,1.0
101100001000000001100100001000010101,2940,0.3344219589560038,-0.34024289798238655,0.40000000000000013,1.0
100010001000000000000100001000010101,9900,0.09719102074521484,-0.914710810471064,1.0,0.9
100000001000000000000000001010010101,5634,0.7998111529316629,-0.09948970697903747,1.0,0.10000000000000014
100000011000000000100110001010010101,3726,11.941036005516763,11.178217689546658,1.3877787807814457E-16,1.0
100100001000000000000100000010010101,4792,0.11940787812407987,-0.6878429130754004,1.0,0.8
100100001000000000000101101010001101,3422,0.02981911672570959,-0.6670974743304074,1.0,1.0
101000001110100001000100001110010101,1142,0.07882096886679518,-0.4377874503104979,0.8,1.0
101100001000000001000101101100111101,7882,0.19157238137937604,-0.41519713399225,0.6000000000000001,1.0
101100101000000001010100001110010101,3766,0.30137156548956856,-0.18233640590807032,0.40000000000000013,1.0
100010001000000000000101001000011101,3818,0.08006326833860787,-0.7517913264837395,1.0,0.9
101100001000000001000100001010100101,9998,0.10986378397084035,-0.6512852785967964,0.8,1.0
101100001000000001001101101010001101,7384,0.3083947120792646,-0.20006034173819304,0.40000000000000013,1.0
101100000000000001000100001110010100,8108,0.08585602159120276,-0.45688327597380995,1.0,0.8
100010001110000010000100001010010101,2044,0.34039096209760805,-0.3915434533505446,0.40000000000000013,1.0
110011000111100100101100011111000100,0,11.90756605940424,11.393401594792556,1.3877787807814457E-16,1.0
100010001000100000000100001100010101,2352,0.2150032177818366,-0.5613697127802885,0.6000000000000001,1.0
100000001000000010000100001010110101,2172,0.12463214936077924,-0.7209140255920441,0.8,1.0
100010000000000000000100001000010100,5918,0.36001624053775166,-0.591114238303792,1.0,0.40000000000000013
101000001110000001000100001010010101,7870,0.01987941115047306,-0.6150959726776001,1.0,1.0
101100001000000001000101101010001101,1426,0.009939705575236527,-0.5706154278456519,1.0,1.0
100100001000000000000100001010010101,6196,0.049698527876182653,-0.8028460464800199,1.0,1.0
001010001000000001000100001000010001,6736,0.15468814434866662,-0.5890314707192881,1.0,0.7000000000000001
101100001000000001000100001010010101,8834,0.02981911672570959,-0.6670974743304074,1.0,1.0
110010101000000000000100001010010101,3900,0.34571679543510836,-0.481895088039249,0.40000000000000013,1.0
100100001000000000000100101010100101,5498,0.21833620181700417,-0.627209973135819,0.6000000000000001,1.0
101100001000000001000100011110000101,9852,0.20195254296476273,-0.514358920953881,0.6000000000000001,1.0
100100001000000000100101001000011111,7822,11.935748762646092,11.185867056160706,1.3877787807814457E-16,1.0
100100000000000000000100101010000100,2752,0.20887550697115048,-0.5410061995142365,1.0,0.6000000000000001
100100001100000000000101101010001101,8862,0.10100847292863113,-0.5545835485689377,0.8,1.0
101000001110000001010101101010001101,2966,0.08584252854148933,-0.3958892552251551,0.8,1.0
101100001000000001000101101010101101,5554,0.18556888411252132,-0.42960736432749524,0.6000000000000001,1.0
101100001000000001000100001010000101,5366,0.10416095775273483,-0.6450643128962421,1.0,0.8
100100001000000000000000001110010101,5028,0.11668211691242823,-0.6234454376349706,1.0,0.8
100100001000000000000101101010001101,8722,0.02981911672570959,-0.6670974743304074,1.0,1.0
101000001110000001000100001010000101,8724,0.09366814175383731,-0.582182466614836,1.0,0.8
101010001000000001010100001011010101,3870,0.5485358310367985,-0.06959052590837911,0.20000000000000015,1.0
101100001000000001010100000010000101,1776,0.1744502487093379,-0.38325893888719553,1.0,0.6000000000000001
100100001010000000000100001110000101,1606,0.11244133205698842,-0.6560210932064628,1.0,0.8
100010001000000000000100001100000101,1780,0.1355554125807508,-0.876346418635528,1.0,0.8
101000000000000011000100001010010100,6358,0.08684549134233673,-0.49076193699635573,1.0,0.8
111110010001100101101011100110001110,0,11.904588480314516,11.402318898023857,1.3877787807814457E-16,1.0
100010001001000000000100011110000101,2402,0.2199140066815497,-0.6208530104349244,0.6000000000000001,1.0
100100001000000000000101001010011101,5888,0.02981911672570959,-0.6670974743304074,1.0,1.0
101010001101000011000100001010010101,9834,0.33117778753396154,-0.3175563445721395,0.40000000000000013,1.0
110101000111111110001101101011001110,0,11.912249721466978,11.477469891607408,1.3877787807814457E-16,1.0
100100101000000000000100001110110101,3588,0.5630721708693119,-0.11819418924376601,0.20000000000000015,1.0
100100001010000000000101101010001101,6376,0.019879411150473054,-0.6150959726776,1.0,1.0
100010001000000000000101101010001101,1488,0.03718127421479806,-0.7239677883528386,1.0,1.0
100100001000000000000101001010011111,5654,0.56251040728778,-0.21654040507784056,0.20000000000000015,1.0
001010001000000001000100001000010001,8940,0.15468814434866662,-0.5890314707192881,1.0,0.7000000000000001
100110001000000000000110001100010101,2128,0.5835861829513699,-0.32828138698509424,0.20000000000000015,1.0
101100011000100001000100011110010101,3376,11.914792299277966,11.36133676136493,1.3877787807814457E-16,1.0
101110001000000001010101101010001101,7844,0.17448933814052878,-0.36253531849927223,0.6000000000000001,1.0
100000001000000000000100001000010101,7118,0.45511595495363805,-0.6160083794245591,1.0,0.30000000000000016
101100001010000001001101101110001101,7494,0.5431114787004064,0.06888448750712439,0.20000000000000015,1.0
101100001000000001000101001110001101,7432,0.009939705575236527,-0.5706154278456519,1.0,1.0
101010001000000001000100000010010101,2722,0.06715348639222582,-0.650809167021855,1.0,0.9
101100001110000001000100001010010101,5104,0.09156648520443485,-0.5105421329280682,0.8,1.0
101000001000000001000100001010010101,3204,0.10416095775273485,-0.6450643128962421,1.0,0.8
101100001000000001000101110110001101,7020,0.31039384517119334,-0.23640584154038186,0.40000000000000013,1.0
101010001000000001000100001010010101,9314,0.03718127421479807,-0.7239677883528388,1.0,1.0
101001001100000001000100101010000101,8874,0.5341672088272503,-0.04638792459363794,0.20000000000000015,1.0
101100001000000001000100011110000101,6370,0.20195254296476273,-0.514358920953881,0.6000000000000001,1.0
100000001000000000000100001000010101,5954,0.45511595495363805,-0.6160083794245591,1.0,0.30000000000000016
101010001100000001010100001010010101,7596,0.32276333428881276,-0.2953630226563649,0.40000000000000013,1.0
100110001010000000100110001110010101,5234,11.936964546413662,11.210863509585197,1.3877787807814457E-16,1.0
101000001110000001000100001010010101,5334,0.01987941115047306,-0.6150959726776001,1.0,1.0
100100001000000100000100001010010101,9110,0.12463214936077924,-0.720914025592044,0.8,1.0
101100001000000001000100001010010111,4678,0.56251040728778,-0.21654040507784056,0.20000000000000015,1.0
100100001010000000000100101111000101,5190,0.10864946220801802,-0.5660153947303723,0.8,1.0
101100001000000001000100011110010101,6926,0.3325401991448527,-0.3469661908149588,0.40000000000000013,1.0
101010001000000001000101101010001101,3896,0.020053521808191095,-0.6251344947560631,1.0,1.0
101000001110000011010100001110000101,3788,0.07882096886679518,-0.4377874503104979,0.8,1.0
001000001110000001000100001010010001,7876,0.16638656221226725,-0.34502406279839715,1.0,0.6000000000000001
000100101000000010000100001000010001,4726,0.10709423925381922,-0.5055323038653571,0.8,1.0
101000001110000011000100001110000101,9930,0.018883975448392546,-0.5832246426841103,1.0,1.0
100100001000000000000100000010010101,3824,0.11940787812407987,-0.6878429130754004,1.0,0.8
001000001011000011100100001111010001,598,11.893259817887209,11.467689234038652,1.3877787807814457E-16,1.0
100100001000000000000101101010001101,9572,0.02981911672570959,-0.6670974743304074,1.0,1.0
101101001000000001000100001110000101,1260,0.17632626778750374,-0.40422886563338467,0.6000000000000001,1.0
101010001000000001000100001010010101,8558,0.03718127421479807,-0.7239677883528388,1.0,1.0
101100011110000001000100000010010101,9396,11.903110432887692,11.3978304623893,1.3877787807814457E-16,1.0
100100001000000000000100001000010101,7514,0.059638233451419186,-0.8937847873379051,1.0,1.0
101100001000000001000100011110000101,6752,0.20195254296476273,-0.514358920953881,0.6000000000000001,1.0
110111111110111000010111000001111101,254,11.896436115540624,11.448106347266178,1.3877787807814457E-16,1.0
100000001010000000000100001111000101,2194,0.20614538451321335,-0.5623170407502377,1.0,0.6000000000000001
101100001000000001000100001110000101,6926,0.02981911672570959,-0.6670974743304074,1.0,1.0
110110011011001100110110011010000101,138,11.930791242397449,11.276764309049325,1.3877787807814457E-16,1.0
011000010010000011000100001110110000,576,11.905684401452987,11.403910457214172,1.3877787807814457E-16,1.0
101101001110000001000100001010010101,2382,0.5242275032520138,0.012816878241349583,0.20000000000000015,1.0
100100001000000000000100001000000101,9872,0.3614119024974132,-0.7097124318807841,1.0,0.40000000000000013
101100000000000001000100001010010100,7788,0.08684549134233673,-0.49076193699635573,1.0,0.8
101000001110000001000100001000010101,7468,0.02981911672570959,-0.6670974743304072,1.0,1.0
100000001100000010000100001110110101,1002,0.120479214511625,-0.6260542247857959,0.8,1.0
101000001010000011000101000100101101,868,0.012530167382278952,-0.5574611607380737,1.0,1.0
101000001000000001000100001111000101,6496,0.10250162648175187,-0.594414964574365,1.0,0.8
101100000000000001000101001010011110,8690,0.3083947120792646,-0.27216042134162394,0.40000000000000013,1.0
100100001000000000000100001011000101,8042,0.12238103763222494,-0.7301635367239776,1.0,0.8
101100001000000001000100001000010101,2802,0.03975882230094612,-0.7287036029625051,1.0,1.0
111000001110000001000100001110000101,3214,0.5548538264806268,-0.16658447232124773,0.20000000000000015,1.0
101000001000000011000100001110000101,5004,0.029819116725709582,-0.6670974743304072,1.0,1.0
101110001000000001000101001010011101,6124,0.0191823219002541,-0.5959939265397625,1.0,1.0
100100001000000000000101101010001101,7154,0.02981911672570959,-0.6670974743304074,1.0,1.0
101010001000000001000100001010010101,1644,0.03718127421479807,-0.7239677883528388,1.0,1.0
101100001000000001000100001110000101,1722,0.02981911672570959,-0.6670974743304074,1.0,1.0
101000001110000011000100001110000101,1002,0.018883975448392546,-0.5832246426841103,1.0,1.0
001100001000000001000100001000010001,8208,0.10100847292863113,-0.5545835485689378,1.0,0.8
100010001000000000000101001110001111,1034,0.3416631558629289,-0.4872867209572029,0.40000000000000013,1.0
101100001000000001000111001011011101,7282,11.915333264656896,11.27504823443428,1.3877787807814457E-16,1.0
100010001000010000000101101010001101,6456,0.5442810250602049,-0.10090699150404925,0.20000000000000015,1.0
100100001100000000000100001110010101,3738,0.11764120032101195,-0.61647800509914,0.8,1.0
101100001000000001000100001000010101,4032,0.03975882230094612,-0.7287036029625051,1.0,1.0
100100001000100000000100001001010111,9550,11.94177190780871,11.14976623846653,1.3877787807814457E-16,1.0
101100011000000001000100001110010101,9198,11.919007243268402,11.324626204775084,1.3877787807814457E-16,1.0
100100001000000000000100001010010101,1104,0.049698527876182653,-0.8028460464800199,1.0,1.0
100100001111000000001001101010001101,4944,0.5346210871291933,0.07119276513380984,0.20000000000000015,1.0
101100001010000001000100101010010101,7576,0.018883975448392553,-0.5832246426841105,1.0,1.0
100010001001000000010100001010010101,4186,0.3389688861453359,-0.3784112251430812,0.40000000000000013,1.0
101100001111000001000100001110000101,7124,0.09066598598203014,-0.4844283920913047,0.8,1.0
101010001100000001000100001010010101,8194,0.10824849050853781,-0.6080629734101061,0.8,1.0
101010001000000001000100001100000101,1632,0.11842766017414383,-0.7134269346482035,1.0,0.8
101000001110100001000100001001010101,8038,0.18184889647336264,-0.37706224454794857,0.6000000000000001,1.0
101000001000000001000100001110000101,6378,0.10416095775273485,-0.6450643128962421,1.0,0.8
101100001000001001100100001010100101,9692,11.916566618457589,11.323367596744554,1.3877787807814457E-16,1.0
101010001000000001000100001000010101,9118,0.08006326833860787,-0.7517913264837395,1.0,0.9
100101001010000000000100001000010101,3132,0.10250162648175187,-0.5944149645743649,0.8,1.0
101100001000000001000101100010101101,5288,0.17891672959454616,-0.3910745985258065,0.6000000000000001,1.0
000000001001111110010100001011100001,0,11.896040384423571,11.463492985175701,1.3877787807814457E-16,1.0
100100001000000000000100001000110101,7666,0.060141469030857646,-0.8653211398613998,1.0,1.0
101100001000000001000100001010000101,2368,0.10416095775273483,-0.6450643128962421,1.0,0.8
100010001000000000000100001101010101,2530,0.13031999125513294,-0.7279040691738523,0.8,1.0
101100001100000001000100001110010101,1890,0.09965772409502409,-0.5224386562560482,0.8,1.0
101100001000000001010100000010010101,7110,0.007571851880359529,-0.52198496359532,1.0,1.0
101010000001000001000000001000010100,2660,0.14655864290495738,-0.4844428047730706,1.0,0.7000000000000001
101101001000000001000100001010110101,7982,0.31763732840428216,-0.2975389200357345,0.40000000000000013,1.0
101010001010000001000100001110000101,6306,0.10129990776753686,-0.5982484393024486,0.8,1.0
100000001010000010000100001111000101,670,0.1104504606528274,-0.6058197217407058,1.0,0.8
100100001110000000000100001010010101,2962,0.1104504606528274,-0.605819721740706,0.8,1.0
101000001100000001001101101010001101,5108,0.3083947120792646,-0.20006034173819304,0.40000000000000013,1.0
100110001010000000000101101010001101,6060,0.1000566610824171,-0.562874238006378,0.8,1.0
100100001000001000100100001000010101,4764,11.93464727877968,11.25784051767485,1.3877787807814457E-16,1.0
100100001000000000000100001000000101,4158,0.3614119024974132,-0.7097124318807841,1.0,0.40000000000000013
101010001000000001000101101010001101,9826,0.020053521808191095,-0.6251344947560631,1.0,1.0
100100001000010000000100001000010101,5084,0.3382138288049742,-0.43024859645847685,0.40000000000000013,1.0
101100001000000001000100001110000101,3244,0.02981911672570959,-0.6670974743304074,1.0,1.0
110110000010100010100110011010110110,290,11.937358794833038,11.21504061414731,1.3877787807814457E-16,1.0
100010001000000000001100001110000101,1568,0.20356783642706527,-0.5575812261405714,0.6000000000000001,1.0
100101001000000000000101101010011101,6482,0.30789699422822436,-0.24650693258063566,0.40000000000000013,1.0
010111100000010010001011101101011010,362,11.899524394832483,11.445442362339316,1.3877787807814457E-16,1.0
010111001010000010010010000001000011,188,11.924762271472588,11.261832193315561,1.3877787807814457E-16,1.0
101100001100100001000101101010001101,2222,0.5274129192916035,0.04296278768387585,0.20000000000000015,1.0
100010001000001000000100001110000101,3596,0.20871955217669802,-0.552484446549891,0.6000000000000001,1.0
100000001110000000000100001010010101,8728,0.20614538451321335,-0.5623170407502379,1.0,0.6000000000000001
101011101110000001000100001100010101,7732,11.901028751410669,11.381181309929124,1.3877787807814457E-16,1.0
100100001000000000000101001000011101,9854,0.03975882230094612,-0.7287036029625051,1.0,1.0
101100001000000001001100001010110101,9010,11.912442139787464,11.297265891347447,1.3877787807814457E-16,1.0
101010001001000001000100001010010101,1990,0.03556598075249552,-0.6807454831661484,1.0,1.0
101100001000000001000100001010010101,3692,0.02981911672570959,-0.6670974743304074,1.0,1.0
010111001010010010000101001110111011,102,11.907831330812204,11.34050976663155,1.3877787807814457E-16,1.0
100101001110000000000100001010010101,8368,0.3173389819524206,-0.2847696361800823,0.40000000000000013,1.0
110100011000000000000110101010000101,7284,11.945825857301251,11.087075988525937,1.3877787807814457E-16,1.0
110110001000000000000100001110110111,646,11.949202869392737,11.062421255361254,1.3877787807814457E-16,1.0
101000001010000001000100001010010101,4474,0.09366814175383732,-0.5821824666148361,1.0,0.8
101010001000000001000100001100000101,1972,0.11842766017414383,-0.7134269346482035,1.0,0.8
101000001110000001001110001010010101,3872,11.908572979501516,11.284548441550275,1.3877787807814457E-16,1.0
100000010010100000100111001001001110,696,11.918002176257092,11.322193697015171,1.3877787807814457E-16,1.0
101010001000000111010100001010010101,3996,0.5541944992556529,-0.08878550114851202,0.20000000000000015,1.0
101000001110000001000100001010000101,3102,0.09366814175383731,-0.582182466614836,1.0,0.8
100010001000000000100110001010010101,3806,11.946264294823262,11.095827155823176,1.3877787807814457E-16,1.0
100100001000000000000110001000010101,4262,0.3597076529612539,-0.6475415744103179,0.40000000000000013,1.0
101000001110000001000100000010010101,1162,0.011681342092009394,-0.5676361870579848,1.0,1.0
101101101000000001000100001111000101,1364,0.5274129192916035,0.04296278768387579,0.20000000000000015,1.0
100010001000000010000101001110011101,1058,0.10676770239686698,-0.5727386875629445,0.8,1.0
101100001000000001000100001000110101,7990,0.04375781017861623,-0.7328520114198975,1.0,1.0
100010001000000000000100001001010111,9964,0.5856562232519746,-0.3887264683321221,0.20000000000000015,1.0
000100001000000000000100001110010001,2800,0.039520535505481395,-0.6441576656171369,1.0,1.0
110100001010000010000101101000001101,3418,0.3352440844535055,-0.40087265075038364,0.40000000000000013,1.0
010100001000100000010100001010010001,8830,11.915689104794987,11.326766927240183,1.3877787807814457E-16,1.0
101100001000000001000100001000010101,6590,0.03975882230094612,-0.7287036029625051,1.0,1.0
100100001000000000000100001010110101,9904,0.12463214936077924,-0.7209140255920441,0.8,1.0
000100001000000000000100001010010001,6224,0.20887550697115048,-0.5410061995142365,1.0,0.6000000000000001
101000001010000011000100000111000101,708,0.08368241154513877,-0.46574397223129593,1.0,0.8
100100001000000000000100001010010101,6064,0.049698527876182653,-0.8028460464800199,1.0,1.0
101100111000000001000110001010010101,4808,11.918922637228519,11.30146295546871,1.3877787807814457E-16,1.0
100100001000000000000000001100000101,8866,0.2247932726723142,-0.6912880593933927,1.0,0.6000000000000001
001000001000000001000100001010010001,7244,0.3137681681183345,-0.31025636983290666,1.0,0.40000000000000013
101110001000001001000100000010010101,1456,0.18483427991248008,-0.38935100180196436,0.6000000000000001,1.0
101000001000000001000101101000011101,9436,0.13605588113978043,-0.4989195026882926,1.0,0.7000000000000001
101010001000000001000100001110010101,2408,0.03556598075249552,-0.6807454831661484,1.0,1.0
100100001000000000000100001010010101,6716,0.049698527876182653,-0.8028460464800199,1.0,1.0
100010001000000000000100001000010101,9868,0.09719102074521484,-0.914710810471064,1.0,0.9
101100001000000001001100000010010101,4826,0.16638656221226725,-0.35700131743139674,0.6000000000000001,1.0
101010001010000001000100001100000101,3116,0.10986378397084036,-0.6512852785967965,0.8,1.0
100100001000000000001100001010010101,6788,0.1962056789379768,-0.5007109121181401,0.6000000000000001,1.0
101000001110000001000100001010010101,3122,0.01987941115047306,-0.6150959726776001,1.0,1.0
101010001000000001000100001010010101,5768,0.03718127421479807,-0.7239677883528388,1.0,1.0
101100001100000001000100001110100101,1336,0.2004717548530919,-0.4790346351067195,0.6000000000000001,1.0
111100001000000001000101101010001101,5390,0.1893563046337269,-0.48078165961787944,0.6000000000000001,1.0
101010001000010011000100011010010101,8512,11.91892029225487,11.27808917431433,1.3877787807814457E-16,1.0
001000001110000001011100001000010011,2338,11.89661093780951,11.395519892811414,1.3877787807814457E-16,1.0
101100001000000001000100101010000101,6100,0.02981911672570959,-0.6670974743304074,1.0,1.0
100010001000000000000100001110000101,1540,0.05430902662140502,-0.8599205865286285,1.0,1.0
101010001000000001101100001010010101,8692,11.911643484622523,11.321690895321845,1.3877787807814457E-16,1.0
100101010111010010101010011101100100,0,11.897256422570718,11.455259525506422,1.3877787807814457E-16,1.0
101100001000000001000101101010001101,9322,0.009939705575236527,-0.5706154278456519,1.0,1.0
001000011010000001000100001010010001,1328,11.893259817887209,11.406949878609423,1.3877787807814457E-16,1.0
100010001000000000000100001010010101,6678,0.05430902662140502,-0.8599205865286285,1.0,1.0
101100011000000001000111101011001101,7460,11.913735326871302,11.320719749734575,1.3877787807814457E-16,1.0
101000001011000111100111001011001111,488,11.920240151279465,11.279675590408397,1.3877787807814457E-16,1.0
100100001000000000000100001110000101,4894,0.12238103763222494,-0.7301635367239776,1.0,0.8
111001010110011011000110011011100100,356,11.900291822782359,11.39076356153131,1.3877787807814457E-16,1.0
110100001000000000001100001000010101,8008,0.5701669880949333,-0.2742846554934585,0.20000000000000015,1.0
100100001000000000100101100010001101,4380,0.5450146710063727,-0.028325336877502827,0.20000000000000015,1.0
000100001010000010000100000001000001,458,0.19922194554721204,-0.4131907167515976,1.0,0.6000000000000001
100100001000000000000100001000000101,5418,0.3614119024974132,-0.7097124318807841,1.0,0.40000000000000013
101100001010000101000100001000010101,6154,0.20195254296476273,-0.514358920953881,0.6000000000000001,1.0
101100001000000001000100001000010101,5026,0.03975882230094612,-0.7287036029625051,1.0,1.0
010111011010000010000101001101011011,172,11.917570565294698,11.336001221164377,1.3877787807814457E-16,1.0
100100101110010100000100001110000101,7456,11.908797684934129,11.353819054009616,1.3877787807814457E-16,1.0
101000001110000001000100001010010101,8884,0.01987941115047306,-0.6150959726776001,1.0,1.0
101100001000001011000100001110000111,2914,11.919914230098948,11.277377538652399,1.3877787807814457E-16,1.0
100100001000000000000000001010000101,7262,0.2161977151439306,-0.6831031447667698,1.0,0.6000000000000001
100010011000100000000100001010010101,1998,11.932104485504507,11.250838125391429,1.3877787807814457E-16,1.0
101100001000000001000110001000010101,2516,0.34439449134694744,-0.5000571522414445,0.40000000000000013,1.0
100101001100000000000101001110001101,8564,0.5336694909762101,-0.02073443583264989,0.20000000000000015,1.0
101100001000000001000100001010010101,5016,0.02981911672570959,-0.6670974743304074,1.0,1.0
101010001000000011000100001010010101,9836,0.10824849050853781,-0.6080629734101061,0.8,1.0
101110011000000101000100001110000101,8362,11.930129359209408,11.261242164624887,1.3877787807814457E-16,1.0
100000001110000000010100001110000111,942,11.928564260940691,11.206288120873609,1.3877787807814457E-16,1.0
100010001000000000000100001010010101,5336,0.05430902662140502,-0.8599205865286285,1.0,1.0
100100001000100000000101011010011101,9246,11.917568145671995,11.299441788726817,1.3877787807814457E-16,1.0
100100001000000000000100001000000101,5432,0.3614119024974132,-0.7097124318807841,1.0,0.40000000000000013
100100001000000000000100001000010101,6248,0.059638233451419186,-0.8937847873379051,1.0,1.0
100010001000000000100100001010010101,4498,0.5740142217983492,-0.21696268995204382,0.20000000000000015,1.0
100110001110010010000000001110110111,546,11.925838286463849,11.286324113740717,1.3877787807814457E-16,1.0
100100001000000000000100001010010101,2330,0.049698527876182653,-0.8028460464800199,1.0,1.0
101100001000000001000100001010110101,5244,0.10824849050853781,-0.6080629734101061,0.8,1.0
101100001000000001000100001000010101,6458,0.03975882230094612,-0.7287036029625051,1.0,1.0
101010001000100001000100001010010101,4084,0.1917863561909257,-0.4559032117853544,0.6000000000000001,1.0
100101001000000000000100101010010101,7426,0.19471252538485606,-0.4608794961127127,0.6000000000000001,1.0
101000001110000001000100001010000101,7664,0.09366814175383731,-0.582182466614836,1.0,0.8
100110001000010000000101101010001101,8204,11.912442139787464,11.297265891347447,1.3877787807814457E-16,1.0
101100000000000001000101101010001100,5694,0.014162981586294417,-0.46817489978556276,1.0,1.0
101100001000000001000110001010010101,6170,0.56251040728778,-0.21654040507784034,0.20000000000000015,1.0
101100001000000101000101001010011101,7156,0.09186483165629639,-0.5233114167837202,0.8,1.0
111100100101010001010010101101110110,324,11.911898988432553,11.373329760831762,1.3877787807814457E-16,1.0
100100001010000000000100001010010101,4950,0.03975882230094612,-0.7287036029625051,1.0,1.0
101100001000000001000100001010010101,9554,0.02981911672570959,-0.6670974743304074,1.0,1.0
101000101111010011000100001000010101,3488,11.896295145143544,11.42600383634467,1.3877787807814457E-16,1.0
101100101000010001000101101010001101,5748,11.916228735535801,11.450626877231246,1.3877787807814457E-16,1.0
110100001001000000000100001010010101,1858,0.3499597156332965,-0.5064902044962354,0.40000000000000013,1.0
100100001000100000000100001010010101,4400,0.2022710377425432,-0.4963797218971969,0.6000000000000001,1.0
101100001000000001000101100010001111,5720,0.5415275533380989,-0.08724560661836,0.20000000000000015,1.0
101100001000000001000100001010010101,8340,0.02981911672570959,-0.6670974743304074,1.0,1.0
000100001000000000000000001100010001,9642,0.21563963721468446,-0.49321363988164013,1.0,0.6000000000000001
100100001010000010000100001101000101,748,0.11764120032101195,-0.61647800509914,1.0,0.8
101000001110001101000101101010001101,2516,0.29845500650402806,-0.20306239494303863,0.40000000000000013,1.0
100100001000000000000100100010010101,2310,0.04399960715638594,-0.6961279473910129,1.0,1.0
100010001000000000000100001001010101,2976,0.13282397878689994,-0.7926386301053575,0.8,1.0
100100001000100000000100101010000101,9704,0.334339482034304,-0.3643112776054361,0.40000000000000013,1.0
100010101010000000000100001110000101,872,0.3323213984755727,-0.3686478246054789,0.40000000000000013,1.0
101010001000000001000101101010001101,8408,0.020053521808191095,-0.6251344947560631,1.0,1.0
001100001000000001000100000010010001,9226,7.401486830834377E-18,-0.4940066938185174,1.0,1.0
101000001110000001000100001010010101,2376,0.01987941115047306,-0.6150959726776001,1.0,1.0
101000001000000001000100001110000101,1422,0.10416095775273485,-0.6450643128962421,1.0,0.8
111100001000000001001100101000010101,9140,11.922691080246791,11.236987207575318,1.3877787807814457E-16,1.0
101100001000000001000100001000110101,9828,0.04375781017861623,-0.7328520114198975,1.0,1.0
100110001000000010010100001111000101,1088,0.5615350624285675,-0.089437309882764,0.20000000000000015,1.0
100100001000000000000101011010011101,1666,0.20195254296476273,-0.514358920953881,0.6000000000000001,1.0
101100001000000001010100001011000101,9508,0.182653240016254,-0.40213299931081326,0.6000000000000001,1.0
101100001000010001000100101110010101,6780,11.902251556000204,11.369595261520391,1.3877787807814457E-16,1.0
100100001000000000000100001110010101,5094,0.0472099386209814,-0.7388530201040998,1.0,1.0
100100001000000000000100001010010101,4232,0.049698527876182653,-0.8028460464800199,1.0,1.0
100100001000000000000100001010010101,2756,0.049698527876182653,-0.8028460464800199,1.0,1.0
100100001000000000000100001010100101,9584,0.1269915363774473,-0.7872380767725862,0.8,1.0
100000001010000000000100001010010101,4240,0.34042627049961816,-0.4955325788945985,1.0,0.40000000000000013
101010001000000001000100001010010111,2500,0.5674356526109147,-0.2615142242092171,0.20000000000000015,1.0
100010001000000000000100000010010101,3420,0.08680572944861498,-0.7928003166295765,1.0,0.9
101000001111000001000101001010011101,4882,0.0,-0.5114106250106643,1.0,1.0
101000001100000001000100001010010101,8436,0.02981911672570959,-0.6670974743304072,1.0,1.0
100100001000000000000101001000011101,6546,0.03975882230094612,-0.7287036029625051,1.0,1.0
000010001000000000000100001110000001,1140,0.12271896395258372,-0.7140497070651843,1.0,0.8
101100001000000001000100001110000101,6524,0.02981911672570959,-0.6670974743304074,1.0,1.0
101100001000000001000100001010010101,6306,0.02981911672570959,-0.6670974743304074,1.0,1.0
101000001110001001010100001000010101,8040,0.527293809621134,0.027240541679415364,0.20000000000000015,1.0
000101001010000000000100001001010001,9006,0.1795600740474277,-0.363179223517585,0.6000000000000001,1.0
001000101110100001000100001000010001,5334,0.5471949511100062,0.12226947485828626,0.20000000000000015,1.0
100010001000000000000101101010001101,3768,0.03718127421479806,-0.7239677883528386,1.0,1.0
101010001000000001000100001000010101,6384,0.08006326833860787,-0.7517913264837395,1.0,0.9
100100001000000000000101001010001101,5626,0.10416095775273483,-0.6450643128962421,1.0,0.8
101100001000000001000100001110010101,4160,0.028325963172588828,-0.62726605832498,1.0,1.0
101100001000000001000101011110011101,1676,0.3168386732393421,-0.2731139160613359,0.40000000000000013,1.0
101010001000000001001101101010001101,7376,0.527153272653598,-0.02581703062152174,0.20000000000000015,1.0
101000001110000001000100001010010101,9328,0.01987941115047306,-0.6150959726776001,1.0,1.0
011000000010000011000100001110110010,316,0.5504619329400832,-0.08202671742730772,0.20000000000000015,1.0
101100001010000001000100001110000101,6780,0.019879411150473054,-0.6150959726776,1.0,1.0
100010001000010010000101001110001101,2130,11.912442139787464,11.297265891347447,1.3877787807814457E-16,1.0
110110001000000000000100001110010111,682,11.948451689967362,11.0524557679885,1.3877787807814457E-16,1.0
110100001010000000000101101010001101,9974,0.329081329732641,-0.3923569690692333,0.40000000000000013,1.0
100100001000000000000100001110010101,8920,0.0472099386209814,-0.7388530201040998,1.0,1.0
101010001000000001000100001010010101,8506,0.03718127421479807,-0.7239677883528388,1.0,1.0
111100101010010011000100000110110101,442,11.899970277153935,11.387923049704725,1.3877787807814457E-16,1.0
101100001000000101000100001110000101,2418,0.10824849050853781,-0.608062973410106,0.8,1.0
100100001000000010000100001010110101,9596,0.12246922830237761,-0.6685076834480154,0.8,1.0
101010001000000001000100101010000101,8220,0.03718127421479806,-0.7239677883528386,1.0,1.0
001010001000000001000100001010010001,8882,0.026986894522177122,-0.6389929830975298,1.0,1.0
101010001010000001000100001110010101,8326,0.1000566610824171,-0.5628742380063783,0.8,1.0
101000001010000111110100001100000101,1214,11.91564435339314,11.343755716486255,1.3877787807814457E-16,1.0
100010001000000000000100001000000101,3562,0.2916367436954412,-0.8357111149636064,1.0,0.5000000000000001
100010001000000010010100001110000101,950,0.3389688861453359,-0.3784112251430812,0.40000000000000013,1.0
100010001010000010000100001100000101,1236,0.21833620181700417,-0.6272099731358192,0.6000000000000001,1.0
101010001000000001000100001010000101,1502,0.11163278112385498,-0.7053878259312648,1.0,0.8
100100001000000000000101101010001101,9818,0.02981911672570959,-0.6670974743304074,1.0,1.0
101100001000000111000101101010001101,3572,0.09106617649135633,-0.49888641280932167,0.8,1.0
001100001110000001000100001000010001,5596,0.08585602159120276,-0.4568832759738102,0.8,1.0
101011111010000011000101101110001101,1168,11.907614805481048,11.465458989214104,1.3877787807814457E-16,1.0
101010001000000001100100001010010101,5608,0.5583126958928385,-0.12119369406697278,0.20000000000000015,1.0
101010001000000001001100001110000111,2830,11.922841162823229,11.201899885181772,1.3877787807814457E-16,1.0
100000001110000010000101001110001101,866,0.01888397544839256,-0.5832246426841103,1.0,1.0
101000001110000001000100001010010101,5658,0.01987941115047306,-0.6150959726776001,1.0,1.0
101100001000000001000100001010010101,8588,0.02981911672570959,-0.6670974743304074,1.0,1.0
101000001010000011000100101111010101,898,0.183551512466396,-0.3689372650458701,0.6000000000000001,1.0
100010001010000110010100001110000101,1138,11.930129042213565,11.245290669264943,1.3877787807814457E-16,1.0
000000111101001110101010010011010011,144,11.90962236886592,11.424430010815867,1.3877787807814457E-16,1.0
101100001000000001000100001110010101,2228,0.028325963172588828,-0.62726605832498,1.0,1.0
101010001001000011000100001110010101,4008,0.19910934324220067,-0.44962478886390045,0.6000000000000001,1.0
100100011000000100000110001111000101,7232,11.942917538367018,11.17358862856867,1.3877787807814457E-16,1.0
100100001000000000000100001110000101,8530,0.12238103763222494,-0.7301635367239776,1.0,0.8
101000001010000011000100001111110101,1184,0.3236408256711369,-0.28312868970048916,0.40000000000000013,1.0
100010001000001000000100000110010101,3178,0.20328199761269294,-0.4729170223805237,0.6000000000000001,1.0
000110101110010110000110011011000001,298,11.919725973539048,11.329110283010484,1.3877787807814457E-16,1.0
100100001000001000000100001010010101,8840,0.2022710377425432,-0.4963797218971969,0.6000000000000001,1.0
101100001000000001000100001000010101,5116,0.03975882230094612,-0.7287036029625051,1.0,1.0
101100101000000001000100001010010101,4968,0.08894918756002906,-0.4958370517670382,0.8,1.0
101000001110000001000100001010000101,5326,0.09366814175383731,-0.582182466614836,1.0,0.8
100100001000000000000100001010010101,5150,0.049698527876182653,-0.8028460464800199,1.0,1.0
100100001000000000000100001000010101,5764,0.059638233451419186,-0.8937847873379051,1.0,1.0
101100001000000001000101101010001101,3240,0.009939705575236527,-0.5706154278456519,1.0,1.0
101000001100000011010101101010001101,4412,0.07586792579563195,-0.40858220581209564,0.8,1.0
101010001110001001000100001110010101,3422,11.908797684934129,11.353819054009616,1.3877787807814457E-16,1.0
001001010101111111011011100111101010,240,11.949100135683825,11.580773445443409,1.3877787807814457E-16,1.0
101100001000000001000100001110000101,2678,0.02981911672570959,-0.6670974743304074,1.0,1.0
100100001000000000000100001010010101,5790,0.049698527876182653,-0.8028460464800199,1.0,1.0
101000001110000001000100001001010101,3006,0.10100847292863113,-0.5545835485689377,0.8,1.0
101000001110010001001100001010010101,2894,11.913139229037682,11.424367876784991,1.3877787807814457E-16,1.0
101000000111000001000100001000010100,3472,0.12934998182446783,-0.413389315740545,1.0,0.7000000000000001
011101011100010111111101010100101011,0,11.894745595311099,11.444524675868076,1.3877787807814457E-16,1.0
100010001000000000100100001010010101,1674,0.5740142217983492,-0.21696268995204382,0.20000000000000015,1.0
101010001000010001000100001011010101,8978,11.912442139787464,11.297265891347447,1.3877787807814457E-16,1.0
100101001000001000000100101000010101,5898,0.5490137126634518,-0.056755645786130016,0.20000000000000015,1.0
101010001000000001000100001010010101,6744,0.03718127421479807,-0.7239677883528388,1.0,1.0
101000001110000001000000001010010101,5210,0.011681342092009394,-0.5676361870579848,1.0,1.0
101000001000010111000101001110001101,3354,11.896058480935222,11.363251010019892,1.3877787807814457E-16,1.0
111100001000000001000100001110010101,4710,0.20317564016174464,-0.5329410950421445,0.6000000000000001,1.0
100110001000000000010100001110110101,800,0.5664532978588407,-0.13196117816504382,0.20000000000000015,1.0
101100001100000001000110011010010101,2850,11.933555889296658,11.187073331655172,1.3877787807814457E-16,1.0
101010001000000001000101101010001101,3710,0.020053521808191095,-0.6251344947560631,1.0,1.0
100100001000000000000100001000010101,5988,0.059638233451419186,-0.8937847873379051,1.0,1.0
001100011110000001000100101010010001,8154,11.893259817887209,11.456412354875866,1.3877787807814457E-16,1.0
101100001010000001000000001010010101,9652,0.011681342092009387,-0.567636187057985,1.0,1.0
100100001000000000000100001011010101,4918,0.11989244837702369,-0.6661705103480575,0.8,1.0
100110001000000000000100011010000101,8836,0.12826348977727423,-0.7686747720321621,0.8,1.0
100100001001000000000100001000010101,8014,0.056651926345177676,-0.8109880332002102,1.0,1.0
101000001111000001000100001010010101,9170,0.018883975448392546,-0.5832246426841103,1.0,1.0
101000001110000001000100001010010101,1104,0.01987941115047306,-0.6150959726776001,1.0,1.0
100010001010000000010101101010111101,7800,11.916324585568132,11.311624434459526,1.3877787807814457E-16,1.0
101000001010000101000100001010010101,3540,0.10129990776753688,-0.5982484393024486,0.8,1.0
101100001000000001000100001010010101,7530,0.02981911672570959,-0.6670974743304074,1.0,1.0
100100001000000000010100001010010101,5652,0.10856698528631828,-0.5900837743534219,0.8,1.0
111000001110000001000100001010010101,3136,0.5548538264806268,-0.16658447232124773,0.20000000000000015,1.0
100100001000000000000100001000010101,5076,0.059638233451419186,-0.8937847873379051,1.0,1.0
001110001000000001000100001110110001,590,0.10367549990912356,-0.5204517974452696,0.8,1.0
100100001110000000000100001010010101,8948,0.1104504606528274,-0.605819721740706,0.8,1.0
100100001011000010000100001110110101,388,0.205098941261221,-0.4589148823356999,0.6000000000000001,1.0
100000001100000000001100001010010101,5660,0.1962056789379768,-0.5007109121181401,0.6000000000000001,1.0
101110001000000001000100001110000101,5352,0.03556598075249552,-0.6807454831661482,1.0,1.0
010110101010100010100100001110110001,488,11.917149601145018,11.376844797180793,1.3877787807814457E-16,1.0
101101001000000001000100001110000101,6974,0.17632626778750374,-0.40422886563338467,0.6000000000000001,1.0
100100001000000000000101101010001101,7090,0.02981911672570959,-0.6670974743304074,1.0,1.0
100100101000100010000100001000010101,3604,0.5547701054693696,-0.054586072344520176,0.20000000000000015,1.0
101100001000000011000110100110010101,2862,11.923674251584771,11.289019939143554,1.3877787807814457E-16,1.0
101000001110000001000110001010010101,5718,0.5548538264806268,-0.1665844723212475,0.20000000000000015,1.0
101100101010000001000100001010010101,6268,0.07914028869688446,-0.45809801320886445,0.8,1.0
101100001001000001000100001110000101,7270,0.02832596317258884,-0.62726605832498,1.0,1.0
101100001010000001000101101010001101,1416,0.0,-0.5321342441674862,1.0,1.0
101110001000010001000100001010010101,4706,11.912442139787464,11.297265891347447,1.3877787807814457E-16,1.0
101100101000000001100101101010001101,4796,11.896295145143544,11.42600383634467,1.3877787807814457E-16,1.0
101100001000000001000100001000010101,9492,0.03975882230094612,-0.7287036029625051,1.0,1.0
100010001000000000000100001010010101,2468,0.05430902662140502,-0.8599205865286285,1.0,1.0
101010000001000001000000001010010100,2946,0.13358390609186008,-0.4301593269268505,1.0,0.7000000000000001
101100001000000001000101001000011101,3888,0.019879411150473054,-0.6150959726776,1.0,1.0
101100001100000001000101101010001101,4162,0.08212449748023858,-0.47227942932862144,0.8,1.0
010100001001000000000100001110000001,2010,0.2135965008332486,-0.5724664578918327,0.6000000000000001,1.0
101010001000000001000100000010010101,9114,0.06715348639222582,-0.650809167021855,1.0,0.9
100101001001000000000100101010000101,5962,0.19471252538485606,-0.4608794961127127,0.6000000000000001,1.0
101000001110000001000100001010010101,5296,0.01987941115047306,-0.6150959726776001,1.0,1.0
101010001000000001000101101010001101,1938,0.020053521808191095,-0.6251344947560631,1.0,1.0
101100001000000001100101101010001101,5204,11.902251556000204,11.369595261520391,1.3877787807814457E-16,1.0
100100001000000000000101101010011101,9200,0.02832596317258884,-0.62726605832498,1.0,1.0
101100001000100001000100001010010101,8660,0.182653240016254,-0.40213299931081337,0.6000000000000001,1.0
100010001000000000000100001010000101,3656,0.1295754315102834,-0.8738730162920946,1.0,0.8
100100001000000000000100001000010101,5840,0.059638233451419186,-0.8937847873379051,1.0,1.0
100010001010000000100100101010000101,2540,11.935195773480789,11.203261358032636,1.3877787807814457E-16,1.0
101100001110100001100100001000010101,5358,11.907330624893042,11.388332329986358,1.3877787807814457E-16,1.0
100010001000000000000101101010001101,1440,0.03718127421479806,-0.7239677883528386,1.0,1.0
101000001010000001000100001110000101,1122,0.09366814175383731,-0.5821824666148361,1.0,0.8
100100001000000000000100000000000101,5510,0.45442300012483217,-0.5897692858530919,1.0,0.30000000000000016
100101001000000000000000011010010101,9208,0.32966404457712456,-0.3443460248337505,0.40000000000000013,1.0
101100001000000001000100001010110101,7052,0.10824849050853781,-0.6080629734101061,0.8,1.0
100100001000000000000000101010000101,6178,0.11940787812407987,-0.6878429130754004,1.0,0.8
111111001010000011010110000011010111,296,11.917180848234871,11.288968563747973,1.3877787807814457E-16,1.0
101100001000000001000100001000010101,9142,0.03975882230094612,-0.7287036029625051,1.0,1.0
101100001000000001000101101010011101,9566,0.009441987724196273,-0.5449619390846638,1.0,1.0
100000001011000110100101001011001111,676,11.925058562506953,11.27491682158808,1.3877787807814457E-16,1.0
000100001000000000100100001011010011,3538,11.93617219352253,11.243803111501009,1.3877787807814457E-16,1.0
100110000000010010001011101101011110,540,11.908053545268965,11.369908781669395,1.3877787807814457E-16,1.0
100100001000000000000101101010001101,7614,0.02981911672570959,-0.6670974743304074,1.0,1.0
100010001000010000001100001010010101,6452,11.9133133396954,11.268125323131146,1.3877787807814457E-16,1.0
000001111010111000011111000001111001,266,11.958478688143384,11.580304361337618,1.3877787807814457E-16,1.0
101110001001000001000100001010010101,3718,0.03408519264082468,-0.6454211973189866,1.0,1.0
101100001000000001010100001110000101,5952,0.08894918756002906,-0.4958370517670382,0.8,1.0
000010100011001010110010000101110010,0,11.904769764253713,11.459958223788401,1.3877787807814457E-16,1.0
100100001000000010000100001001010101,6036,0.1266329384340059,-0.6755986306216896,0.8,1.0
100010001000000000100100001110000101,2544,11.943046536433544,11.15206962468315,1.3877787807814457E-16,1.0
100100001000000000000100001000010101,9768,0.059638233451419186,-0.8937847873379051,1.0,1.0
101100001000000001000100001010010101,4866,0.02981911672570959,-0.6670974743304074,1.0,1.0
101100001000000001000100001110000101,5368,0.02981911672570959,-0.6670974743304074,1.0,1.0
101000000100000001000100001110000100,894,0.048481099506800754,-0.5291263288318917,1.0,0.9
100100001010000000000100001110000101,8562,0.11244133205698842,-0.6560210932064628,1.0,0.8
101100001000000001000100001010010101,6888,0.02981911672570959,-0.6670974743304074,1.0,1.0
101100001000000001000111001011011101,7306,11.915333264656896,11.27504823443428,1.3877787807814457E-16,1.0
101000000010000011000100001110000100,832,0.03431811792050633,-0.47709250709015805,1.0,0.9
101000001110000001000100001010010101,4844,0.01987941115047306,-0.6150959726776001,1.0,1.0
101000001110000001000000001010010111,9050,0.5501775783811415,-0.1314641648357392,0.20000000000000015,1.0
100100001000000000000100001011010101,8542,0.11989244837702369,-0.6661705103480575,0.8,1.0
100100001000000000001111001110011101,484,11.915333264656896,11.27504823443428,1.3877787807814457E-16,1.0
100010001100100100000100001011100101,3428,11.939448096372315,11.19827059308978,1.3877787807814457E-16,1.0
100100001000000000000100101000010101,7300,0.056651926345177676,-0.8109880332002102,1.0,1.0
100100001010000000000111001000011101,4344,0.56251040728778,-0.21654040507784023,0.20000000000000015,1.0
101110001000000011000100001110000101,7446,0.10676770239686696,-0.5727386875629443,0.8,1.0
100010001010000010001100000010010101,2316,0.5460971059797016,-0.07286971670364639,0.20000000000000015,1.0
100100001010000000000100001010010101,8930,0.03975882230094612,-0.7287036029625051,1.0,1.0
101100001000000001000101101000011101,8338,0.01888397544839256,-0.5832246426841103,1.0,1.0
100100001010000000010100001000010101,4054,0.10856698528631828,-0.590083774353422,0.8,1.0
100100001000000000000100001000010101,5236,0.059638233451419186,-0.8937847873379051,1.0,1.0
101100001000000001000100001010010101,1352,0.02981911672570959,-0.6670974743304074,1.0,1.0
100100001011000000000100001010010101,6426,0.03776795089678512,-0.6785022314967482,1.0,1.0
100110001000000000000100001110000101,9150,0.05194963960473694,-0.7935965353480863,1.0,1.0
101010001000000001010100001010100101,1430,0.5565616563061038,-0.1462059600715574,0.20000000000000015,1.0
100010001000000000000100001010010101,3184,0.05430902662140502,-0.8599205865286285,1.0,1.0
101100001000000001000100001000010101,6740,0.03975882230094612,-0.7287036029625051,1.0,1.0
001010001000000001000100001010010011,9902,0.3356362807188261,-0.42551278184881075,0.40000000000000013,1.0
101010001000000001000101101010011101,3150,0.019182321900254106,-0.5959939265397625,1.0,1.0
101100001000000001000100001000010101,4114,0.03975882230094612,-0.7287036029625051,1.0,1.0
100100001000001000000101101010001101,3514,0.08894918756002906,-0.4958370517670381,0.8,1.0
001000001001000001000111101011001001,4560,0.5336694909762101,-0.02073443583264989,0.20000000000000015,1.0
101000001110000011010100001000010101,3868,0.08814484401713771,-0.4707662970041734,0.8,1.0
101000001100000001001100001110000101,1034,0.17632626778750374,-0.40422886563338467,0.6000000000000001,1.0
110100001110000000000100001010010101,6664,11.937406711426583,11.144831177702935,1.3877787807814457E-16,1.0
100111001000000000000100001110000101,1006,0.10824849050853781,-0.608062973410106,0.8,1.0
001000001110000001000100001110010001,5618,1.4802973661668754E-17,-0.4863099392777858,1.0,1.0
101000001110010001000100001110000101,1500,11.893259817887209,11.361125573719724,1.3877787807814457E-16,1.0
101010001000000001000100101010110101,7874,0.20598052163073852,-0.5242625345359201,0.6000000000000001,1.0
110110000100110110001001101110011110,182,11.90066835239812,11.406731847811683,1.3877787807814457E-16,1.0
100010101000000000000000001010010101,2148,0.073111190097529,-0.6460549837420564,1.0,0.9
101100001000000001000100011010000101,8868,0.10986378397084035,-0.6512852785967963,0.8,1.0
101000001110000001000100001110000101,7430,0.019879411150473054,-0.6150959726775999,1.0,1.0
101100001000000001000101001010011101,1976,0.009939705575236527,-0.5706154278456519,1.0,1.0
101010001000000001000100001110000101,8640,0.03718127421479806,-0.7239677883528386,1.0,1.0
100010001000001000000101101010001101,5522,0.1917863561909257,-0.4559032117853543,0.6000000000000001,1.0
100010001000000000000110001010010101,1246,0.3552899602858103,-0.6115118972878044,0.40000000000000013,1.0
101101001000000001000000001010010101,3964,0.07268250975604229,-0.45070536988762167,0.8,1.0
100100001000000000000111001010011101,5690,0.56251040728778,-0.21654040507784023,0.20000000000000015,1.0
101100001000000001000100101010000101,8138,0.02981911672570959,-0.6670974743304074,1.0,1.0
100100001010000010000100000010110101,496,0.11131740325539212,-0.5812240558017358,0.8,1.0
100000001100000010000100001010000101,9692,0.12238103763222494,-0.7301635367239776,1.0,0.8
100010001000000000000101101010011101,3196,0.03556598075249552,-0.6807454831661484,1.0,1.0
101100001000000001000100000000010101,4188,0.06936214419653453,-0.6488271286957026,1.0,0.9
101100001000000011000101101010011101,7986,0.008991738112993926,-0.5236645563668177,1.0,1.0
100000001110000000100100001001010101,6146,11.93617219352253,11.243803111501009,1.3877787807814457E-16,1.0
101100001000000001000101101010011101,1626,0.009441987724196273,-0.5449619390846638,1.0,1.0
101100001000000001000100001000010111,6562,0.34439449134694744,-0.5000571522414443,0.40000000000000013,1.0
101100011000001001000101101010001101,3488,11.896295145143544,11.42600383634467,1.3877787807814457E-16,1.0
111000101110100001000100001000010101,7988,11.910640870145661,11.3220146355482,1.3877787807814457E-16,1.0
100100001000000000000100101101000101,7798,0.1266329384340059,-0.6755986306216896,0.8,1.0
101000001110000001000000001010010101,9190,0.011681342092009394,-0.5676361870579848,1.0,1.0
100100101110000000000101001000011101,3192,0.3139173407651235,-0.2449938002561876,0.40000000000000013,1.0
101100000000000001000100001010010100,3918,0.08684549134233673,-0.49076193699635573,1.0,0.8
100100001000000000010100001000010101,8056,0.11837588414946287,-0.6499840479750288,0.8,1.0
101100001010010011001111100110001101,2808,11.91702912187711,11.456346790586244,1.3877787807814457E-16,1.0
100010001010000000000000001110010101,1050,0.11323098317454758,-0.6233989138310655,0.8,1.0
110110000000101010110000010100100110,132,11.925702740009687,11.345638267257522,1.3877787807814457E-16,1.0
101100001010000001010100001000010101,4988,0.08894918756002906,-0.4958370517670383,0.8,1.0
101000011000000011000101101010001101,9564,0.5332192413650078,5.629468851962027E-4,0.20000000000000015,1.0
100100001000000000000100101010000101,4708,0.049698527876182653,-0.8028460464800199,1.0,1.0
101010001000000001001100001010010101,4904,0.5442810250602049,-0.10090699150404936,0.20000000000000015,1.0
101010001000000001000100001000010101,4194,0.08006326833860787,-0.7517913264837395,1.0,0.9
001000000000010011001011101101011010,534,11.922811662888659,11.49656548937277,1.3877787807814457E-16,1.0
111100001010010001000100001110010101,722,11.907975449067001,11.308936507193467,1.3877787807814457E-16,1.0
010110101010101010100100001111010001,506,11.901887571585972,11.447355649729987,1.3877787807814457E-16,1.0
101000101110010001000000001010010101,7304,0.5511589364708522,0.0997217869544832,0.20000000000000015,1.0
101110001000000001000100001110000111,7784,0.34015633982624327,-0.44400733759226413,0.40000000000000013,1.0
101000001000000001000100001110000101,1612,0.10416095775273485,-0.6450643128962421,1.0,0.8
101100001000000001000100001000010101,4958,0.03975882230094612,-0.7287036029625051,1.0,1.0
101100001010010001000100011010000101,3516,11.904749463492097,11.308069300698794,1.3877787807814457E-16,1.0
010111001010000010000101001110111011,0,11.91869229529064,11.29469350606108,1.3877787807814457E-16,1.0
101010001000000001000100001110010101,8792,0.03556598075249552,-0.6807454831661484,1.0,1.0
100110001001000000000100011110000101,902,0.21800680733876868,-0.5764756876798884,0.6000000000000001,1.0
101100001000001001000100001010010101,5140,0.182653240016254,-0.40213299931081337,0.6000000000000001,1.0
100100001000000000000101101010011101,9524,0.02832596317258884,-0.62726605832498,1.0,1.0
100110001010000110101100001001100101,498,11.93208972245156,11.27034998667709,1.3877787807814457E-16,1.0
101100001010000011000100001010010101,4768,0.018883975448392553,-0.5832246426841105,1.0,1.0
101100001000000001010100001010010101,1984,0.08894918756002906,-0.4958370517670382,0.8,1.0
100100001100000000000100001000010101,7032,0.12933443610121997,-0.7383055234441679,0.8,1.0
000100001110100010010100000010010001,7186,0.32288704498595827,-0.05871660971016901,0.40000000000000013,1.0
101100001000000001000100001010010101,3004,0.02981911672570959,-0.6670974743304074,1.0,1.0
101010000000000001000100001010010100,8552,0.09966940427821941,-0.5663104733414875,1.0,0.8
101000101110000001000100001000010101,2822,0.182653240016254,-0.40213299931081326,0.6000000000000001,1.0
100010000000000000000100001010010100,2532,0.21642301640880865,-0.6203456546089594,1.0,0.6000000000000001
101110001001000001000000001010010101,2796,0.029736208555288305,-0.6087432446633051,1.0,1.0
110100001000000000001101101010001101,8896,0.5471972456734735,-0.12294071857813282,0.20000000000000015,1.0
101010000101000001000101101010001100,2262,0.07619097428656395,-0.42072722281789793,0.8,1.0
100010001000000000000100001010010101,5616,0.05430902662140502,-0.8599205865286285,1.0,1.0
100100001000000000000100101110000101,1860,0.11989244837702369,-0.6661705103480576,0.8,1.0
100100001000000000000100001010010101,9568,0.049698527876182653,-0.8028460464800199,1.0,1.0
101100001001000011000100011010010111,7348,11.93224224960702,11.217918392783806,1.3877787807814457E-16,1.0
100010001000000000000100011110000101,4470,0.22196754223349915,-0.6749707195759374,0.6000000000000001,1.0
101110011000000001000100101010000101,8366,0.5569502842819473,-0.09178384782415361,0.20000000000000015,1.0
101010001000000001000100001010010101,9452,0.03718127421479807,-0.7239677883528388,1.0,1.0
101010001000000001010101101010001101,3950,0.17485316020515337,-0.3821999198622055,0.6000000000000001,1.0
100100001000000000000101101010001101,9644,0.02981911672570959,-0.6670974743304074,1.0,1.0
100101000010101110101101011011001100,588,11.923532508753711,11.52334401294439,1.3877787807814457E-16,1.0
100100001000000000000100000110010101,3888,0.11668211691242823,-0.6234454376349706,1.0,0.8
100100001001000000010100001010010101,5238,0.20049664677404774,-0.45770035614787374,0.6000000000000001,1.0
100010001010000000000101001110011101,956,0.1000566610824171,-0.5628742380063783,0.8,1.0
100100001000000010000100001010010101,1320,0.0472099386209814,-0.7388530201040999,1.0,1.0
100100001000000000000100011010010101,8460,0.21833620181700417,-0.6272099731358192,0.6000000000000001,1.0
101100001100000001000100001110010101,1420,0.09965772409502409,-0.5224386562560482,0.8,1.0
100010011000000000001100001010010101,5642,11.927345010528034,11.247838620568222,1.3877787807814457E-16,1.0
101100001000000001000101111010011101,1722,0.18477022894758124,-0.40518236035309674,0.6000000000000001,1.0
100000001110000000010100100000010101,4566,0.06313453785869733,-0.5455027081122027,1.0,0.9
100000001010000000000100001010010101,4684,0.34042627049961816,-0.4955325788945985,1.0,0.40000000000000013
100100001000000000000100001010010101,3290,0.049698527876182653,-0.8028460464800199,1.0,1.0
000101111001010100110001101100111001,0,11.914944658520938,11.539498785094022,1.3877787807814457E-16,1.0
100010001000000000000100001110000101,7922,0.05430902662140502,-0.8599205865286285,1.0,1.0
101100001110010001000100001010010101,4092,11.893259817887209,11.381849192876544,1.3877787807814457E-16,1.0
101010001000000001000100001010010101,4522,0.03718127421479807,-0.7239677883528388,1.0,1.0
100100001100000000000100001110000101,6106,0.11989244837702369,-0.6661705103480576,0.8,1.0
101000001010000011000100001110000101,762,0.01987941115047306,-0.6150959726775999,1.0,1.0
000000001000000000000101101010001001,9532,0.2410856583622923,-0.3829388795889487,1.0,0.5000000000000001
100100001000000000000100001010010101,4910,0.049698527876182653,-0.8028460464800199,1.0,1.0
100010001000000000000100001110100101,1066,0.12826348977727423,-0.7686747720321623,0.8,1.0
101010001000000001000100001110000101,2834,0.03718127421479806,-0.7239677883528386,1.0,1.0
101110011000000001000100001110010101,8118,11.924724914575508,11.302114532540902,1.3877787807814457E-16,1.0
001100001000010001000100001010010001,9294,0.5383904848383083,0.05605260346645119,0.20000000000000015,1.0
110100001110100000000100001010010101,4360,11.92720012266887,11.240003112550847,1.3877787807814457E-16,1.0
101100001000010001000100001010010101,8870,0.5341672088272503,-0.04638792459363816,0.20000000000000015,1.0
011000110100010111111101101010011010,338,11.920988476313207,11.521371424431027,1.3877787807814457E-16,1.0
100010001000000000000100001010000101,7976,0.1295754315102834,-0.8738730162920946,1.0,0.8
101100001100000001000100001110000101,9048,0.10100847292863113,-0.5545835485689377,0.8,1.0
100100001000000000010100101010010101,6742,0.10679259431782281,-0.5514044086040987,0.8,1.0
100100001000000010000100001010010101,8062,0.0472099386209814,-0.7388530201040999,1.0,1.0
110110001010000010000100001111000101,714,11.938389307290073,11.180174897532671,1.3877787807814457E-16,1.0
100000001110000000000100011010010101,2708,0.21014437239088346,-0.5664654492076303,0.6000000000000001,1.0
100100001010100010000100001010010101,3142,0.1911727716237052,-0.41459658682587663,0.6000000000000001,1.0
100100001000000000000000001010010101,8986,0.11940787812407987,-0.6878429130754004,1.0,0.8
101000001110000001000101001010011101,4840,0.0,-0.5321342441674862,1.0,1.0
110101100000111100110011101011001110,0,11.904010705436134,11.461963801739246,1.3877787807814457E-16,1.0
100100001110000000100110001110010101,5132,11.93278035339269,11.249102152270073,1.3877787807814457E-16,1.0
101010001100000001000100100011010101,5518,0.19478268928089906,-0.41436008240184696,0.6000000000000001,1.0
101100001000000001000101111010001101,2740,0.0918648316562964,-0.5233114167837202,0.8,1.0
101101001110000001000100001010010101,9292,0.5242275032520138,0.012816878241349583,0.20000000000000015,1.0
101000001110000001000100001000010101,5758,0.02981911672570959,-0.6670974743304072,1.0,1.0
101100001000000001000000001110000101,3978,0.09604519394006107,-0.5473746042305424,1.0,0.8
101100101000010011000100001110000101,3702,11.896445233926798,11.411995102319072,1.3877787807814457E-16,1.0
001100011010010101000100001110110001,656,11.89853820183033,11.421980634107216,1.3877787807814457E-16,1.0
100010001100000000000100101111000101,1974,0.21418326696784992,-0.532350172329571,0.6000000000000001,1.0
101010001000000001000100001011010101,9966,0.10824849050853781,-0.6080629734101061,0.8,1.0
100010001000000000000100001011000101,2206,0.05430902662140502,-0.8599205865286285,1.0,1.0
111100001010000001000100001000010101,7038,0.33673791053979424,-0.4423129018258262,0.40000000000000013,1.0
101100001100000011000100001010010101,9582,0.09965772409502409,-0.5224386562560481,0.8,1.0
010111001010001110000110011011000001,314,11.926402746690385,11.26532617058512,1.3877787807814457E-16,1.0
101000001000000001000100001010010101,9260,0.10416095775273485,-0.6450643128962421,1.0,0.8
101100001010000011000100010100000101,1184,0.1024187183113306,-0.5360607349072629,0.8,1.0
101100101100000001000100001010010101,5602,0.3139173407651235,-0.2449938002561876,0.40000000000000013,1.0
100010001000000000000100001000000101,3060,0.2916367436954412,-0.8357111149636064,1.0,0.5000000000000001
101100001000000001000100101010010101,8936,0.028325963172588835,-0.62726605832498,1.0,1.0
101000001110010001000100001010010101,1992,0.5242275032520138,-0.007906740915472388,0.20000000000000015,1.0
110110000000010010000110101101010110,178,11.939212997807534,11.191540730626967,1.3877787807814457E-16,1.0
101100001000000001100101101011001101,1908,11.901842293014273,11.387559244375408,1.3877787807814457E-16,1.0
101100001000000001000101001010011101,4726,0.009939705575236527,-0.5706154278456519,1.0,1.0
101100001000000001000100001110010101,2084,0.028325963172588828,-0.62726605832498,1.0,1.0
101000001000000011000100001010010101,4848,0.02981911672570959,-0.6670974743304072,1.0,1.0
101100001001000001000101001100001101,1816,0.018883975448392553,-0.5832246426841103,1.0,1.0
100010001000010000000100001110000101,3552,11.930441092102008,11.16929202953437,1.3877787807814457E-16,1.0
101010001000000001100100001100010101,4180,0.564487246144772,-0.13054395388129847,0.20000000000000015,1.0
010110000000010100001010000011010010,156,11.918006001644983,11.30111948858838,1.3877787807814457E-16,1.0
101000001110000001100100001110000101,7886,11.911243294113197,11.336148916039862,1.3877787807814457E-16,1.0
101010001000000011000000000110010101,5222,0.09672988339320812,-0.493940428155456,0.8,1.0
100010001000000000000100101010000101,1708,0.05430902662140502,-0.8599205865286285,1.0,1.0
100100001000000000000100001011010101,7486,0.11989244837702369,-0.6661705103480575,0.8,1.0
111100001000100001000100001110000101,4762,11.920985531728233,11.249051475254884,1.3877787807814457E-16,1.0
101100001000000001000101101010001101,2798,0.009939705575236527,-0.5706154278456519,1.0,1.0
101010001001000001000100101010010101,3136,0.034085192640824685,-0.6454211973189868,1.0,1.0
101110001000000011000100001110000101,4242,0.10676770239686696,-0.5727386875629443,0.8,1.0
101100001000000001000100001010010101,9158,0.02981911672570959,-0.6670974743304074,1.0,1.0
101010001000000001000100001110000101,1444,0.03718127421479806,-0.7239677883528386,1.0,1.0
011000110111010011011001101001111010,0,11.930989680374482,11.54649741265864,1.3877787807814457E-16,1.0
101000001000000001000101001000011101,6448,0.13716210198710238,-0.5386885063815711,1.0,0.7000000000000001
101000001010000111010100001110000101,968,0.18259211406879033,-0.3931078425421899,0.6000000000000001,1.0
100100001110000000000100001010010101,4916,0.1104504606528274,-0.605819721740706,0.8,1.0
101100001000100001000100001000010101,5532,0.19246213887939861,-0.44564938146517186,0.6000000000000001,1.0
101100101000000001000001001010011101,4486,0.015430338185772448,-0.4526849359405601,1.0,1.0
101010001000000001000101101010001101,9364,0.020053521808191095,-0.6251344947560631,1.0,1.0
100000000110000010000101001111001100,762,0.0,-0.46640777577261894,1.0,1.0
101000001000000101000101101010001101,1726,0.020053521808191095,-0.6251344947560631,1.0,1.0
100010001000010000000100001111010101,9166,11.927345010528034,11.247838620568222,1.3877787807814457E-16,1.0
101000001010000011000011111100111111,662,11.926819574810231,11.245935950180591,1.3877787807814457E-16,1.0
111010001000000001000100001010010101,2248,0.20959471157116805,-0.6193551652489637,0.6000000000000001,1.0
001000001100000001100100000110000001,836,0.29845500650402806,-0.1470504716610982,0.40000000000000013,1.0
100010001100000000000100101010000101,2276,0.12463214936077924,-0.7209140255920441,0.8,1.0
101100001000000001000100001000010101,5242,0.03975882230094612,-0.7287036029625051,1.0,1.0
100010011100100000000101101010011101,9448,11.914792299277966,11.36133676136493,1.3877787807814457E-16,1.0
101100001000000001000100001010010101,5022,0.02981911672570959,-0.6670974743304074,1.0,1.0
101000001000000001000100001010010101,2944,0.10416095775273485,-0.6450643128962421,1.0,0.8
101100001100000001000101001010011101,8398,0.08212449748023856,-0.47227942932862155,0.8,1.0
111000010010100001100111001001001110,282,11.913828789928575,11.319368325339234,1.3877787807814457E-16,1.0
111010001010000001000101001000011101,7088,0.5538088481880332,-0.16713242945342344,0.20000000000000015,1.0
101100011000000001100100001010010101,9384,11.917886355388418,11.346829118984548,1.3877787807814457E-16,1.0
101010001000000001000100001000010101,6366,0.08006326833860787,-0.7517913264837395,1.0,0.9
100100001000000000000100011000110101,2406,0.22688074920695528,-0.6800414498962588,0.6000000000000001,1.0
100100001000000000000100001110000101,1748,0.12238103763222494,-0.7301635367239776,1.0,0.8
101010001000100001000101101010001101,5550,0.3069216044969142,-0.25013147557044463,0.40000000000000013,1.0
100010001000000000000000001010010101,6234,0.08680572944861498,-0.7928003166295765,1.0,0.9
100010011110000000000000001010010111,9232,11.936201747370335,11.20760565590912,1.3877787807814457E-16,1.0
101101001010000001000100000010010101,2906,0.1780679043042766,-0.31915262539128364,0.6000000000000001,1.0
100101001000000000000101101010011101,6598,0.30789699422822436,-0.24650693258063566,0.40000000000000013,1.0
100100001000100000010100001010010101,9208,0.32088429341180646,-0.26803788414299873,0.40000000000000013,1.0
101010001000000001000100001010010101,2872,0.03718127421479807,-0.7239677883528388,1.0,1.0
100010001000000000000100001010010101,6422,0.05430902662140502,-0.8599205865286285,1.0,1.0
100010001000000000000110001010010101,9060,0.3552899602858103,-0.6115118972878044,0.40000000000000013,1.0
100010001000000000000100100000010101,9194,0.09354546202982919,-0.8000874672893286,1.0,0.9
100100001000000000000100001010010101,5548,0.049698527876182653,-0.8028460464800199,1.0,1.0
101100001000000001000100001010010101,3156,0.02981911672570959,-0.6670974743304074,1.0,1.0
100000001110000010100000001000010101,6152,0.3378574665059619,-0.31068258522111164,0.40000000000000013,1.0
100100001000000000000100001010000101,1552,0.2188506422067548,-0.7219636845940995,1.0,0.6000000000000001
100000001001000000000101101010001101,1916,0.02981911672570959,-0.6670974743304074,1.0,1.0
100100000000000010000101101010001100,1194,0.01317351183516046,-0.5295657857298521,1.0,1.0
101100001000000001000100001010000101,7162,0.10416095775273483,-0.6450643128962421,1.0,0.8
101100001000000001000100001000010101,8138,0.03975882230094612,-0.7287036029625051,1.0,1.0
101101001000000001000100001011010111,1720,11.915333264656896,11.27504823443428,1.3877787807814457E-16,1.0
100100001000000000000100001010010101,5186,0.049698527876182653,-0.8028460464800199,1.0,1.0
100100001000000000000100001110000101,6596,0.12238103763222494,-0.7301635367239776,1.0,0.8
100110001000000000000100001110000101,7776,0.05194963960473694,-0.7935965353480863,1.0,1.0
101100001000000001000001101010001101,8664,0.0,-0.523387879643664,1.0,1.0
100100001000000000001100001010010101,7802,0.1962056789379768,-0.5007109121181401,0.6000000000000001,1.0
101000001100000001001100001010010101,1136,0.30839471207926455,-0.2721604213416238,0.40000000000000013,1.0
101100001001000001000101101010001101,9618,0.00944198772419628,-0.5449619390846637,1.0,1.0
101000001000000001000100001010010101,3414,0.10416095775273485,-0.6450643128962421,1.0,0.8
101100001100000001000100100011010101,5436,0.18608779221323413,-0.3619156700905539,0.6000000000000001,1.0
101000001010000011000101001110001101,1060,0.0,-0.5321342441674862,1.0,1.0
101000001010000011000100101111000101,1114,0.09066598598203016,-0.48442839209130495,0.8,1.0
101100011000000001000100001010010101,3700,11.920235032226191,11.298138651875119,1.3877787807814457E-16,1.0
101100001010001001000000001010010101,9708,0.17031580536497365,-0.31848473610032507,0.6000000000000001,1.0
010111001010010000010011101101111011,106,11.90949787720845,11.35125720293616,1.3877787807814457E-16,1.0
100100001000000000000100001110000101,5422,0.12238103763222494,-0.7301635367239776,1.0,0.8
101010001000000001000101101010001101,2602,0.020053521808191095,-0.6251344947560631,1.0,1.0
001100011000000001000101001010011001,9320,11.905573086637814,11.458673861983527,1.3877787807814457E-16,1.0
101100001000000001000100001001110111,9624,11.93991009205996,11.144218851938065,1.3877787807814457E-16,1.0
100100001110001100000100001010010101,5252,11.924335551981047,11.289272482382893,1.3877787807814457E-16,1.0
100100001001000000000100101010010101,5680,0.044958690564969664,-0.6891605148551823,1.0,1.0
101010001000000001000100001010010101,2420,0.03718127421479807,-0.7239677883528388,1.0,1.0
101100001000000001000100001000010101,6844,0.03975882230094612,-0.7287036029625051,1.0,1.0
100010001000100000000100001110000101,1518,0.20871955217669802,-0.552484446549891,0.6000000000000001,1.0
101000011000010001010100001011010101,7896,11.896295145143544,11.42600383634467,1.3877787807814457E-16,1.0
100100001000000000000100001010000101,8226,0.2188506422067548,-0.7219636845940995,1.0,0.6000000000000001
100100101000000000000100001000010101,6776,0.11837588414946287,-0.6499840479750288,0.8,1.0
100100001100000000000100001010010101,8052,0.11989244837702369,-0.6661705103480576,0.8,1.0
101100001000101001100100001010010101,8048,11.896040574703157,11.426269268347625,1.3877787807814457E-16,1.0
101010011000000001000100001010010101,6382,0.5583126958928385,-0.12119369406697278,0.20000000000000015,1.0
110100001010000010000101101000001101,3462,0.3352440844535055,-0.40087265075038364,0.40000000000000013,1.0
101000001110000001000100001000010101,4668,0.02981911672570959,-0.6670974743304072,1.0,1.0
100100001010000000010101101010011101,3348,0.07882096886679518,-0.4377874503104979,0.8,1.0
001010001000000011000000000111110011,438,11.9229288383828,11.324813096533084,1.3877787807814457E-16,1.0
100111100010001000110111001001011110,0,11.895101121882492,11.428305814214411,1.3877787807814457E-16,1.0
100010001000000000000100101010010111,2104,11.948112742327922,11.045217808300084,1.3877787807814457E-16,1.0
101000001110000011110100001000010101,2810,11.907330624893042,11.388332329986358,1.3877787807814457E-16,1.0
101100001000000001000100001110000101,6074,0.02981911672570959,-0.6670974743304074,1.0,1.0
101000001110010001000110001010010101,2052,11.908572979501516,11.284548441550275,1.3877787807814457E-16,1.0
101000011110000001000100001010010101,9130,11.911243294113197,11.336148916039862,1.3877787807814457E-16,1.0
100010001000000000000101001110001101,2692,0.03718127421479806,-0.7239677883528386,1.0,1.0
101000001110000001000100001010010101,5812,0.01987941115047306,-0.6150959726776001,1.0,1.0
100010001000000000000100001000010101,6628,0.09719102074521484,-0.914710810471064,1.0,0.9
100010001010000000000100001010010101,5106,0.11842766017414383,-0.7134269346482035,0.8,1.0
100111001000000000000100001110000101,6770,0.10824849050853781,-0.608062973410106,0.8,1.0
101110001000000001000100001010010101,4420,0.03556598075249552,-0.6807454831661482,1.0,1.0
100100001110000000000100001010010101,3088,0.1104504606528274,-0.605819721740706,0.8,1.0
101010001001000001000100011110010101,3708,0.33663822094616597,-0.3605380233691841,0.40000000000000013,1.0
100010001000000000000100001000010101,7994,0.09719102074521484,-0.914710810471064,1.0,0.9
100100001000000000000100001011100111,1328,11.948112742327922,11.045217808300084,1.3877787807814457E-16,1.0
101100001000000001000100001000010101,5522,0.03975882230094612,-0.7287036029625051,1.0,1.0
101010001010100001000100001000010101,4982,0.32385480048268656,-0.3238347674935936,0.40000000000000013,1.0
101010001000000001001100001010010101,9408,0.5442810250602049,-0.10090699150404936,0.20000000000000015,1.0
101000001110000001000100001010010101,3936,0.01987941115047306,-0.6150959726776001,1.0,1.0
100100001000000100000100001110010101,5994,0.12246922830237761,-0.6685076834480154,0.8,1.0
100100001000000000000100001010010101,5556,0.049698527876182653,-0.8028460464800199,1.0,1.0
110100001000001000000100001000010101,6402,11.94372171936561,11.101121914045532,1.3877787807814457E-16,1.0
100000001000000000000000001000010101,5496,0.8122639411645788,-0.23192834481334546,1.0,0.10000000000000014
100100001000000000000101001000011101,6202,0.03975882230094612,-0.7287036029625051,1.0,1.0
101100001000000001000110001010010101,7634,0.56251040728778,-0.21654040507784034,0.20000000000000015,1.0
101100001000001001000100101010000101,7392,0.08894918756002906,-0.4958370517670382,0.8,1.0
001000001110000111000100001110000001,6952,0.08646042883988603,-0.45480551971599503,0.8,1.0
100000101110000000000100001010010101,3456,0.19246213887939861,-0.44564938146517186,0.6000000000000001,1.0
101000001110000001000100001010110101,4008,0.1000566610824171,-0.5628742380063781,0.8,1.0
100100001110000000000100001010010101,3620,0.1104504606528274,-0.605819721740706,0.8,1.0
101010001000000001010100001011010101,3930,0.5485358310367985,-0.06959052590837911,0.20000000000000015,1.0
101000001110000001000110011100000101,6026,11.934961151209425,11.150797473790917,1.3877787807814457E-16,1.0
101010001000000001100100011010000101,4154,11.93285377730568,11.202610721139022,1.3877787807814457E-16,1.0
101101001000000001000101101010001111,8490,11.900916398694362,11.318691182919311,1.3877787807814457E-16,1.0
100100001000000000000100101010010101,1924,0.0472099386209814,-0.7388530201040999,1.0,1.0
100100001000000000000100001010000101,4360,0.2188506422067548,-0.7219636845940995,1.0,0.6000000000000001
101000001000000001000100001110010101,8654,0.10250162648175187,-0.594414964574365,1.0,0.8
101000001110000001000100001010010101,1594,0.01987941115047306,-0.6150959726776001,1.0,1.0
001110001010000001000100101000010001,7462,0.09672988339320812,-0.493940428155456,0.8,1.0
101100001000010101000001101010001101,3190,11.899408521195747,11.401134450256158,1.3877787807814457E-16,1.0
100100000000000000000100000000010100,5246,0.5781779319299775,-0.22405363712571824,1.0,0.20000000000000015
101000001001000101000101101010011101,4288,0.09106617649135633,-0.49888641280932167,0.8,1.0
101101001000100001000100001010010101,8396,0.5275786231743163,0.026487578176218274,0.20000000000000015,1.0
001100001000000001000100001110000001,2242,0.08684549134233671,-0.49076193699635573,1.0,0.8
100000000001000000000100000010010100,7140,0.3344219589560038,-0.34024289798238666,1.0,0.40000000000000013
011010110010111101111110001110110010,324,11.899314559964928,11.460270364121444,1.3877787807814457E-16,1.0
100100001000001000000100001010010101,5446,0.2022710377425432,-0.4963797218971969,0.6000000000000001,1.0
101100101000010001000100001010010101,5606,11.89661093780951,11.395519892811414,1.3877787807814457E-16,1.0
101100001000001001000100001110000101,6712,0.08894918756002906,-0.4958370517670382,0.8,1.0
101100001000000011000100001000010101,8640,0.03776795089678512,-0.6785022314967482,1.0,1.0
100010001000010110000111011011101101,354,11.93190951918809,11.207901891103992,1.3877787807814457E-16,1.0
000001111101011110111111010011001001,0,11.925754745420926,11.53997345129339,1.3877787807814457E-16,1.0
101100001001000001000100001001010101,9674,0.10864946220801802,-0.5660153947303725,0.8,1.0
101010001000000001000100001010010101,1936,0.03718127421479807,-0.7239677883528388,1.0,1.0
100010001000000000000100001000010101,2684,0.09719102074521484,-0.914710810471064,1.0,0.9
101100001000000001000101101010011101,4134,0.009441987724196273,-0.5449619390846638,1.0,1.0
100100001100000000000000001010010101,2718,0.11668211691242823,-0.6234454376349707,0.8,1.0
111100101110001001010100001000110101,3296,11.907613615659782,11.369881400324823,1.3877787807814457E-16,1.0
100100001000000000010100001010010111,1966,11.93614299015315,11.157443729943152,1.3877787807814457E-16,1.0
100100001000000000000100001010010101,8412,0.049698527876182653,-0.8028460464800199,1.0,1.0
001000001110100001000100001010010001,5636,0.09132981425996713,-0.3592514737571587,0.8,1.0
100000001000000010000100001010010101,6654,0.049698527876182653,-0.8028460464800199,1.0,1.0
101000001010000011000101001110001101,1166,0.0,-0.5321342441674862,1.0,1.0
101010001000000001000100001110010101,5046,0.03556598075249552,-0.6807454831661484,1.0,1.0
001010001000000001000100001010010001,8714,0.026986894522177122,-0.6389929830975298,1.0,1.0
100100001000000100000101101010101101,2852,0.33804896592249933,-0.39219409024415913,0.40000000000000013,1.0
100100001000000000000100011000010101,9342,0.13282397878689994,-0.7926386301053575,0.8,1.0
100100001000000000000100001000010101,7750,0.059638233451419186,-0.8937847873379051,1.0,1.0
101100001010000001000100001110000101,2652,0.019879411150473054,-0.6150959726776,1.0,1.0
100101001000000000001100001010010101,4712,0.30839471207926455,-0.2721604213416238,0.40000000000000013,1.0
101100001000000001100100001110000101,5726,11.920235032226191,11.298138651875119,1.3877787807814457E-16,1.0
101000001100000001000100001010000101,8760,0.10416095775273485,-0.645064312896242,1.0,0.8
100100001000000010000100011000010111,6042,0.5835861829513699,-0.3282813869850941,0.20000000000000015,1.0
101100011000000001000100001010010101,3622,11.920235032226191,11.298138651875119,1.3877787807814457E-16,1.0
101100001110000001001100001010010101,8090,0.5242275032520138,0.012816878241349583,0.20000000000000015,1.0
101010001000000001000100001110000101,9962,0.03718127421479806,-0.7239677883528386,1.0,1.0
101100001000000001000101101010111101,4424,0.18477022894758124,-0.40518236035309685,0.6000000000000001,1.0
101100001000000001000100001110000101,4792,0.02981911672570959,-0.6670974743304074,1.0,1.0
101100001000000001000100101010000101,5926,0.02981911672570959,-0.6670974743304074,1.0,1.0
001100001000000001001100001010010011,9922,11.903199523462446,11.322644390041557,1.3877787807814457E-16,1.0
101100001110000001000100001010010101,9272,0.09156648520443485,-0.5105421329280682,0.8,1.0
101100001000000001000101101010001101,7946,0.009939705575236527,-0.5706154278456519,1.0,1.0
101000001000000001000100001010010101,1194,0.10416095775273485,-0.6450643128962421,1.0,0.8
100010001000000000000100001010010101,4222,0.05430902662140502,-0.8599205865286285,1.0,1.0
100010001000000010000100101000010101,4958,0.13031999125513294,-0.7279040691738523,0.8,1.0
101000001110000001000100001010010101,9160,0.01987941115047306,-0.6150959726776001,1.0,1.0
001100001010000001000100001010010001,6018,1.4802973661668754E-17,-0.5114106250106644,1.0,1.0
101100001000000001000101001010011101,8266,0.009939705575236527,-0.5706154278456519,1.0,1.0
100010001000000000000110001010110101,3658,0.5817852955061297,-0.3621526776769113,0.20000000000000015,1.0
101000001110000001000100001010010101,6242,0.01987941115047306,-0.6150959726776001,1.0,1.0
101000101010011011010000001110010101,646,11.946190050421759,11.554053343080675,1.3877787807814457E-16,1.0
000111001000000000111101100010011001,7246,11.935666661705142,11.54985722773469,1.3877787807814457E-16,1.0
101000001110100001000101101010011101,3908,0.17889585340219943,-0.28883387048400494,0.6000000000000001,1.0
100010001000000000000110101010000101,7766,0.3552899602858103,-0.6115118972878044,0.40000000000000013,1.0
100010011000000000000101101010011101,2140,0.5569502842819473,-0.09178384782415372,0.20000000000000015,1.0
100100001000000000000101101010001101,5030,0.02981911672570959,-0.6670974743304074,1.0,1.0
100101001010000000000100001010010101,8758,0.09256192090651535,-0.5424134629215578,0.8,1.0
100100001000000000000100001110000101,7994,0.12238103763222494,-0.7301635367239776,1.0,0.8
100010001001000010100100001110000101,1174,11.939219479296817,11.229613108258677,1.3877787807814457E-16,1.0
100100001000000000000100001010010101,8512,0.049698527876182653,-0.8028460464800199,1.0,1.0
101000001000000001000100001010010101,5196,0.10416095775273485,-0.6450643128962421,1.0,0.8
001100011010000011000100000101110001,716,11.906211348861818,11.445264042147716,1.3877787807814457E-16,1.0
100010001000000000000100001100000101,1228,0.1355554125807508,-0.876346418635528,1.0,0.8
100010001000000000000100001010010101,4770,0.05430902662140502,-0.8599205865286285,1.0,1.0
101010001000000001000100000010000101,1766,0.15081698620082018,-0.6229726458092965,1.0,0.7000000000000001
101000001100000001000100001110000101,806,0.029819116725709582,-0.6670974743304072,1.0,1.0
101100010000001001000100001010010100,5922,11.897398167244162,11.458496938969173,1.3877787807814457E-16,1.0
111100001000000001000100001010010101,8796,0.2046694662480334,-0.5743813461175871,0.6000000000000001,1.0
110110001001111110001001100001001101,248,11.893259817887209,11.439356411871888,1.3877787807814457E-16,1.0
101100001001000001000100001110000101,1802,0.02832596317258884,-0.62726605832498,1.0,1.0
101100001000000001000100001111000101,1238,0.028325963172588828,-0.62726605832498,1.0,1.0
101000011010000001100101101010001101,9206,11.893259817887209,11.414075880910945,1.3877787807814457E-16,1.0
001000001011110111001001101111101011,396,11.918353054025824,11.495940493568956,1.3877787807814457E-16,1.0
100100001010000000000100001010010101,1054,0.03975882230094612,-0.7287036029625051,1.0,1.0
001010001000000001000100001000010001,7098,0.15468814434866662,-0.5890314707192881,1.0,0.7000000000000001
101100011000001001100101101010011101,3122,11.895919230644507,11.457754252148584,1.3877787807814457E-16,1.0
101100011010000001000100011010010101,9284,11.918445637054319,11.311676121682693,1.3877787807814457E-16,1.0
100100101110000000000100001010010101,2990,0.32324121591546606,-0.2825281425341158,0.40000000000000013,1.0
101010001000000001000100001110000101,9800,0.03718127421479806,-0.7239677883528386,1.0,1.0
101100001000000001100100001010010101,7918,0.5512027175909956,-0.07089366276007658,0.20000000000000015,1.0
101000001110000001001100101010000101,1832,0.16638656221226722,-0.3657476819552189,0.6000000000000001,1.0
101000101000000011000100001010010101,3352,0.08894918756002906,-0.4958370517670382,0.8,1.0
100010101000000000000100001010010101,2506,0.11501549972047309,-0.6461884990061161,0.8,1.0
100100001001001010010110001000010101,9262,11.930208034007169,11.270721072104932,1.3877787807814457E-16,1.0
101100001110000001000100101010110101,5508,0.3236408256711369,-0.28312868970048916,0.40000000000000013,1.0
101000001110001101000100001010010101,4120,0.540433055108537,-0.03526690150244327,0.20000000000000015,1.0
100100011010000010000100001010110101,588,11.931972196936163,11.267958373339242,1.3877787807814457E-16,1.0
100100001110000000000100011010010101,3302,0.34039096209760805,-0.3915434533505446,0.40000000000000013,1.0
101010001100000001100100001010010101,9420,11.925982598917143,11.277248466811042,1.3877787807814457E-16,1.0
101100001001000111000100001010010101,9736,0.33117778753396154,-0.3175563445721395,0.40000000000000013,1.0
101000001000000001000100001010010101,5138,0.10416095775273485,-0.6450643128962421,1.0,0.8
100100001000000000001101101010001101,7950,0.17632626778750374,-0.40422886563338456,0.6000000000000001,1.0
101010000000011011100100000010010100,2722,11.91572640245824,11.508128228672101,1.3877787807814457E-16,1.0
100100001000000000000100001010010101,4130,0.049698527876182653,-0.8028460464800199,1.0,1.0
101110001001000001000000001010010101,3008,0.029736208555288305,-0.6087432446633051,1.0,1.0
101100001000000001000101101010001101,7034,0.009939705575236527,-0.5706154278456519,1.0,1.0
100100001000000000000100001010010101,8554,0.049698527876182653,-0.8028460464800199,1.0,1.0
101100001110000001000100001010010101,5484,0.09156648520443485,-0.5105421329280682,0.8,1.0
101100001000000001000100001010010101,9694,0.02981911672570959,-0.6670974743304074,1.0,1.0
001000001111110111001010011001000001,378,11.89794607053813,11.44102959721068,1.3877787807814457E-16,1.0
101100001001000011010100001110000101,1374,0.31318879450721526,-0.2241207089796226,0.40000000000000013,1.0
111100001000000001000100001000010101,7884,0.2123260470551866,-0.6321255965332051,0.6000000000000001,1.0
100101111001010000110001001011011111,210,11.911135290155592,11.497994579872147,1.3877787807814457E-16,1.0
101010001000000001000100001110100101,6304,0.11379545824851907,-0.6556373506272271,0.8,1.0
100100001000000100000100001010010101,3318,0.12463214936077924,-0.720914025592044,0.8,1.0
001100001000000001000100001110000001,8798,0.08684549134233671,-0.49076193699635573,1.0,0.8
101100001000000001000100001010010101,4926,0.02981911672570959,-0.6670974743304074,1.0,1.0
101010001000000001000100001010000101,3992,0.11163278112385498,-0.7053878259312648,1.0,0.8
101100011000100001000100001010010101,5080,11.907993605890397,11.370684102403558,1.3877787807814457E-16,1.0
101100101000000001000101100110011101,5260,0.3122076888766784,-0.12916437472831377,0.40000000000000013,1.0
100010001000000000000100001010000101,5872,0.1295754315102834,-0.8738730162920946,1.0,0.8
100010001000000000000100001010010101,1982,0.05430902662140502,-0.8599205865286285,1.0,1.0
100100001010000000000100001010010101,1548,0.03975882230094612,-0.7287036029625051,1.0,1.0
101100001000000001000101101010011101,7262,0.009441987724196273,-0.5449619390846638,1.0,1.0
101000001110000001000100101010110101,5380,0.19262099190033657,-0.4398676584670541,0.6000000000000001,1.0
100010001000000000000100001010010101,8252,0.05430902662140502,-0.8599205865286285,1.0,1.0
101000001101000001000101101010001101,1316,0.009441987724196289,-0.5449619390846636,1.0,1.0
100100001000000000000100000010010101,2868,0.11940787812407987,-0.6878429130754004,1.0,0.8
100100011000000100001100001010010101,4464,11.925982598917143,11.277248466811042,1.3877787807814457E-16,1.0
101000001100000001000100001010010101,3928,0.02981911672570959,-0.6670974743304072,1.0,1.0
100100001000000000000100001010010101,6562,0.049698527876182653,-0.8028460464800199,1.0,1.0
101010001000000001000100001010000101,6650,0.11163278112385498,-0.7053878259312648,1.0,0.8
100100001000000000000100001010010101,6738,0.049698527876182653,-0.8028460464800199,1.0,1.0
110110000010111000010101001111001110,392,11.897493256619452,11.427634749370187,1.3877787807814457E-16,1.0
101000001110000001100100001010010101,2774,0.5422109794780017,-0.03288339859533318,0.20000000000000015,1.0
100000101110100010000100001010010101,6932,0.5363527433148261,0.014671637523765768,0.20000000000000015,1.0
100100001000000000000100101000010101,4368,0.056651926345177676,-0.8109880332002102,1.0,1.0
100010000000001000000101101010001100,7734,0.17773585793735416,-0.36989269135199887,0.6000000000000001,1.0
100000001000000000000100001110010101,734,0.12238103763222494,-0.7301635367239775,1.0,0.8
100010001000000000000100001000010101,6486,0.09719102074521484,-0.914710810471064,1.0,0.9
101001001100000001010101101010001101,988,11.916228735535801,11.450626877231246,1.3877787807814457E-16,1.0
101100001000000001000100101011010101,2232,0.09965772409502409,-0.5224386562560482,0.8,1.0
101000001110000001000100001010010111,8574,0.5548538264806268,-0.16658447232124785,0.20000000000000015,1.0
100100001000100010000100001000010101,3620,0.20982052192439027,-0.5077124956354809,0.6000000000000001,1.0
101011001000000001000110011110000111,8378,11.932018111492136,11.148854657851068,1.3877787807814457E-16,1.0
101111111101111101100000110001010111,0,11.927577935807715,11.508329984118724,1.3877787807814457E-16,0.9
100100001000100000000100001010010101,3594,0.2022710377425432,-0.4963797218971969,0.6000000000000001,1.0
101100001000000001000101001010001101,8668,0.0831753257549398,-0.5294312413293498,1.0,0.8
100100011000000000000100001001010101,2820,11.944754668649596,11.19411652768598,1.3877787807814457E-16,1.0
101100011000000001010110111010000101,8370,11.923743701347098,11.284409152285468,1.3877787807814457E-16,1.0
110010001000000000000100001110000101,914,0.22322151599404946,-0.743580341579565,0.6000000000000001,1.0
100000001111000000000101101010001101,4358,0.018883975448392567,-0.5832246426841103,1.0,1.0
101010011000000001100100001010010101,6886,11.924724914575508,11.302114532540902,1.3877787807814457E-16,1.0
101100001000000001000100001010110101,4472,0.10824849050853781,-0.6080629734101061,0.8,1.0
100010001000000000000100001110000101,2380,0.05430902662140502,-0.8599205865286285,1.0,1.0
100000001000100000000000001110010101,1562,0.14675051193579886,-0.5001616400933497,1.0,0.7000000000000001
100000001000000000000100000100110101,610,0.13190985386536516,-0.7617230754537925,1.0,0.8
101000111111101001101110101000100111,0,11.904156162274734,11.400536003943445,1.3877787807814457E-16,1.0
100100001100000000000101101110001111,6154,11.928667271852945,11.228335625023163,1.3877787807814457E-16,1.0
101100001000000001000100001010000101,6884,0.10416095775273483,-0.6450643128962421,1.0,0.8
101010001000000101000100001010010101,9918,0.11379545824851907,-0.6556373506272271,0.8,1.0
100100001000100000100100001100010101,3364,11.932784953891163,11.289373093944633,1.3877787807814457E-16,1.0
100100001000000000000100001010010101,5710,0.049698527876182653,-0.8028460464800199,1.0,1.0
100010001000000000000100001110010101,5064,0.05194963960473695,-0.7935965353480864,1.0,1.0
100010001000000000000100001010010101,8452,0.05430902662140502,-0.8599205865286285,1.0,1.0
100100001000000110000100001010010101,6842,0.12246922830237761,-0.6685076834480154,0.8,1.0
001000000110100001000001000100001010,442,0.1378180627883997,-0.23838771914504403,1.0,0.9
111010001000000001000100001010010101,7342,0.20959471157116805,-0.6193551652489637,0.6000000000000001,1.0
100100001000000000000100001010010101,6410,0.049698527876182653,-0.8028460464800199,1.0,1.0
101000001010000001000101001010011101,5712,0.07268250975604229,-0.48454499076492463,1.0,0.8
010110110010100000000100001110110010,318,11.917931029121277,11.363754165762154,1.3877787807814457E-16,1.0
100100001000001010000100001110010101,3974,0.3309579097667375,-0.2942984360259006,0.40000000000000013,1.0
101000001000000101000101101010011101,6006,0.019182321900254106,-0.5959939265397625,1.0,1.0
101100001000000001000101101010001101,6982,0.009939705575236527,-0.5706154278456519,1.0,1.0
110110001000000000000100001110110101,476,0.35259922036869,-0.4933616668170056,0.40000000000000013,1.0
101000001110000001000100001010000101,1896,0.09366814175383731,-0.582182466614836,1.0,0.8
101010001000000001000100001010010101,8558,0.03718127421479807,-0.7239677883528388,1.0,1.0
101100001000100001100100011010010101,9678,11.91564435339314,11.343755716486255,1.3877787807814457E-16,1.0
100100001000000000000101101010001101,4180,0.02981911672570959,-0.6670974743304074,1.0,1.0
100010001000000000000100001110000101,2214,0.05430902662140502,-0.8599205865286285,1.0,1.0
101100001000000001000100011010110101,9840,0.5638214626704852,-0.1664215934961737,0.20000000000000015,1.0
101010001000000001000100001010010101,3406,0.03718127421479807,-0.7239677883528388,1.0,1.0
000100101000000000000100001000010001,7570,0.10963072587600269,-0.5498562360262353,0.8,1.0
101000001110000001000100001000010101,7136,0.02981911672570959,-0.6670974743304072,1.0,1.0
101000001110000001000110001010010101,3350,0.5548538264806268,-0.1665844723212475,0.20000000000000015,1.0
001100000000000001000100001000010000,7428,0.22577249674798583,-0.24063527902463322,1.0,0.5000000000000001
100010001000000000000100001000010101,5464,0.09719102074521484,-0.914710810471064,1.0,0.9
100000001000000000000100001010010101,5972,0.35091908649851566,-0.5898952403023388,1.0,0.40000000000000013
101000001010000101000100001000010101,9130,0.10986378397084036,-0.6512852785967964,0.8,1.0
100000001110000000000101001110001101,3498,0.019879411150473054,-0.6150959726776,1.0,1.0
100100001000000000000100001000010101,6902,0.059638233451419186,-0.8937847873379051,1.0,1.0
101000001110000001000100000010010101,2864,0.011681342092009394,-0.5676361870579848,1.0,1.0
100100011000000100000100001010010101,4458,11.941056522642791,11.194523083345372,1.3877787807814457E-16,1.0
100010001100001010000100001010010101,2438,11.932104485504507,11.250838125391429,1.3877787807814457E-16,1.0
101100001000000001000100001110000101,5658,0.02981911672570959,-0.6670974743304074,1.0,1.0
100010001010000000000001101010011111,6974,11.924933782864555,11.224031682569182,1.3877787807814457E-16,1.0
101000011000100001000111101011001101,7466,11.904892949139603,11.358113418815952,1.3877787807814457E-16,1.0
101000001000000001000101101010001101,8016,0.0831753257549398,-0.5294312413293499,1.0,0.8
100010001001000000000100001110000101,1334,0.05194963960473695,-0.7935965353480864,1.0,1.0
000010001000100000000100001110010001,2510,0.19850149252543092,-0.4292469074305013,0.6000000000000001,1.0
101100001100001001000100001010010101,8982,0.3139173407651235,-0.2449938002561876,0.40000000000000013,1.0
101100001000000001000101101010011101,6754,0.009441987724196273,-0.5449619390846638,1.0,1.0
100100001000000000001100011110110101,2684,11.931443032329346,11.234266788013997,1.3877787807814457E-16,1.0
101100001000000011000101100010001101,6968,0.0,-0.5006226439340284,1.0,1.0
101010001000000001000101001010011101,8916,0.02005352180819111,-0.6251344947560632,1.0,1.0
100010001000000000000101101010001101,4622,0.03718127421479806,-0.7239677883528386,1.0,1.0
101010001001000001000100101110000101,6838,0.10676770239686698,-0.5727386875629445,0.8,1.0
001110000000000001000101101010011000,9700,0.024613443874095548,-0.39205568261893925,1.0,1.0
101100001100000001000101101010001101,4866,0.08212449748023858,-0.47227942932862144,0.8,1.0
110100001000000100000100001010100101,7690,0.5817852955061297,-0.36215267767691084,0.20000000000000015,1.0
101100001100000001000101100010001101,8230,0.07268250975604229,-0.42794013417798615,0.8,1.0
100100001000000000000101101010001101,3474,0.02981911672570959,-0.6670974743304074,1.0,1.0
100100001000011000000100001000010101,9714,11.91933539455434,11.28122387420977,1.3877787807814457E-16,1.0
101100001000000001000100001110000101,1332,0.02981911672570959,-0.6670974743304074,1.0,1.0
101010001000000001000101101010011101,9034,0.019182321900254106,-0.5959939265397625,1.0,1.0
100100001000000000000100101110000101,6662,0.11989244837702369,-0.6661705103480576,0.8,1.0
100010001000000000000100101010000101,1884,0.05430902662140502,-0.8599205865286285,1.0,1.0
101111111100000101111111010110011111,0,11.898746911717184,11.419680766171648,1.3877787807814457E-16,1.0
101100001000000001000101101010001101,4434,0.009939705575236527,-0.5706154278456519,1.0,1.0
101100001000000001000101101010001101,8660,0.009939705575236527,-0.5706154278456519,1.0,1.0
101100001000000001000100001010010101,9426,0.02981911672570959,-0.6670974743304074,1.0,1.0
100010001010000010000110001110010101,830,11.93991009205996,11.144218851938065,1.3877787807814457E-16,1.0
101100001000000001000101101010001101,4126,0.009939705575236527,-0.5706154278456519,1.0,1.0
100100001001000000000100001110000101,7170,0.0472099386209814,-0.7388530201040999,1.0,1.0
101010011000000001001100001010010101,5270,11.911643484622523,11.321690895321845,1.3877787807814457E-16,1.0
101100001000000001010100001010010101,4692,0.08894918756002906,-0.4958370517670382,0.8,1.0
100100001000000000000100001110000101,7718,0.12238103763222494,-0.7301635367239776,1.0,0.8
100100001000001000000100001010010101,2812,0.2022710377425432,-0.4963797218971969,0.6000000000000001,1.0
001101001000000001000100001010010001,8288,0.18054954379856164,-0.30178833757329543,0.6000000000000001,1.0
100010001000001000000100001010010101,3756,0.34078799646845886,-0.4204160022581302,0.40000000000000013,1.0
101000001000000001100100001010110101,4946,0.5583126958928385,-0.121193694066973,0.20000000000000015,1.0
101010001000000001000100001010010101,3448,0.03718127421479807,-0.7239677883528388,1.0,1.0
101100111000000101000101111010011101,4860,11.907823107374961,11.384325111404333,1.3877787807814457E-16,1.0
100010001000000000000100001111010101,1028,0.12246922830237761,-0.6685076834480154,0.8,1.0
100111001010100000000101101111001101,636,11.893259817887209,11.418251312036215,1.3877787807814457E-16,1.0
100100011000000000010100011010010101,7694,11.930567377063763,11.279595004752432,1.3877787807814457E-16,1.0
110101100100010100001111111110111110,0,11.908463849351026,11.350625031259641,1.3877787807814457E-16,1.0
100100001000000000000100001010010101,4272,0.049698527876182653,-0.8028460464800199,1.0,1.0
100010001000000000000101001100011101,2292,0.043757810178616234,-0.7328520114198975,1.0,1.0
001000001110000001000100001010010001,7820,0.16638656221226725,-0.34502406279839715,1.0,0.6000000000000001
101100001000000001000101101010001101,5458,0.009939705575236527,-0.5706154278456519,1.0,1.0
101100011000100001000101001010011101,2010,11.896295145143544,11.42600383634467,1.3877787807814457E-16,1.0
101100001001000001000000101110000101,3532,0.09346967751040115,-0.4798703303734744,0.8,1.0
100100001000000000000101101010001101,1688,0.02981911672570959,-0.6670974743304074,1.0,1.0
100000001110000000000100000000010101,9580,0.2724978651160234,-0.5347529260834568,1.0,0.5000000000000001
101100001000000001000100001110000101,1354,0.02981911672570959,-0.6670974743304074,1.0,1.0
101000001110000001000100001010010101,8122,0.01987941115047306,-0.6150959726776001,1.0,1.0
100100001000000000000100001000010101,9722,0.059638233451419186,-0.8937847873379051,1.0,1.0
100100001111000000000001101010011101,4224,0.08253312475652574,-0.42274684574186816,0.8,1.0
101100001000000001000100001100000101,5674,0.11244133205698842,-0.6560210932064628,1.0,0.8
100110001000000000000100001110000101,4480,0.05194963960473694,-0.7935965353480863,1.0,1.0
010011111011011000010010101101110011,338,11.905393982299481,11.403440323854491,1.3877787807814457E-16,1.0
101100001010000001000100001000010101,3818,0.02981911672570959,-0.6670974743304074,1.0,1.0
101101001110000001000101001000111101,6326,11.895941958717012,11.380377426591092,1.3877787807814457E-16,1.0
101010001000000001000100001010010101,9352,0.03718127421479807,-0.7239677883528388,1.0,1.0
100100011000000000000100011000010101,3848,11.948593484505617,11.144228643980822,1.3877787807814457E-16,1.0
111000001110000011000100101010000101,3478,0.5536587656115958,-0.1320451070598775,0.20000000000000015,1.0
101010001000000001000100001010010101,8628,0.03718127421479807,-0.7239677883528388,1.0,1.0
100100001000000000000100001011010101,5580,0.11989244837702369,-0.6661705103480575,0.8,1.0
100101001000000000000100001000010101,9888,0.11244133205698842,-0.6560210932064626,0.8,1.0
101100001000000001000100001010010111,9088,0.56251040728778,-0.21654040507784056,0.20000000000000015,1.0
001110000000000001000100101010000000,4554,0.0781863775955785,-0.41104360978260723,1.0,0.8
101010001000000001000101001111011111,2514,11.920847483770054,11.25958188428985,1.3877787807814457E-16,1.0
101100001000000001000000001000010101,3778,0.06936214419653453,-0.6488271286957026,1.0,0.9
101010011000000001000101101010001101,1652,0.3168386732393421,-0.2731139160613359,0.40000000000000013,1.0
101100001110000001000100001010010101,2726,0.09156648520443485,-0.5105421329280682,0.8,1.0
101010001000000001000100001000010101,4310,0.08006326833860787,-0.7517913264837395,1.0,0.9
101100001000000001000100001010010101,5040,0.02981911672570959,-0.6670974743304074,1.0,1.0
011010110010100011100110011010110010,0,11.917661808648083,11.351070167665581,1.3877787807814457E-16,1.0
101100001110000001000101101010101101,9064,0.3089879102865868,-0.24218270041531315,0.40000000000000013,1.0
100100001000000000000100001010010101,5014,0.049698527876182653,-0.8028460464800199,1.0,1.0
101100001000000011000100101000010101,4530,0.03596695245197574,-0.6386979044864146,1.0,1.0
101100001000000001000110001100010101,7660,0.5683743967913868,-0.22420113693226051,0.20000000000000015,1.0
100010001000010000100100001110110111,764,11.934983742008294,11.209706059046379,1.3877787807814457E-16,1.0
001000001110000001000100001010010001,8756,0.16638656221226725,-0.34502406279839715,1.0,0.6000000000000001
100100001010000000111100001000010101,4186,11.907993605890397,11.370684102403558,1.3877787807814457E-16,1.0
101100001000000001101100101010010101,8020,11.901842293014273,11.387559244375408,1.3877787807814457E-16,1.0
100100001000000000000001101010011101,5868,0.021999803578192978,-0.582406085387267,1.0,1.0
000100001001000100000100001010010001,9526,0.2109728449560772,-0.4989622784931589,0.6000000000000001,1.0
101010001000000001000100001010000101,1770,0.11163278112385498,-0.7053878259312648,1.0,0.8
100100001000000000000000001000010101,3858,0.17458318044935434,-0.7414981516163526,1.0,0.7000000000000001
101000001110000001000100101010000101,4864,0.019879411150473054,-0.6150959726775999,1.0,1.0
101010001000000001000100001110000101,7026,0.03718127421479806,-0.7239677883528386,1.0,1.0
101100011000001001000101001011001111,2370,11.904892949139603,11.358113418815952,1.3877787807814457E-16,1.0
100010001000000000000100001000010101,9958,0.09719102074521484,-0.914710810471064,1.0,0.9
100111001000000100000100101010000111,6672,11.937533882165159,11.149517109825522,1.3877787807814457E-16,1.0
100100001000000000000100001010010101,5770,0.049698527876182653,-0.8028460464800199,1.0,1.0
101000001110000001000100001000010101,7544,0.02981911672570959,-0.6670974743304072,1.0,1.0
000100001000000000100101101010011001,8780,11.904818306156638,11.411021492360952,1.3877787807814457E-16,1.0
101111001010000001000100001000010101,2986,0.31763732840428216,-0.2975389200357344,0.40000000000000013,1.0
100010001000000000000100001010010101,3430,0.05430902662140502,-0.8599205865286285,1.0,1.0
111010010011110111000101001111001100,272,11.897223593865254,11.447030927413657,1.3877787807814457E-16,1.0
101000011110000001000100001010010101,1822,11.911243294113197,11.336148916039862,1.3877787807814457E-16,1.0
101110011000000001000100001010010101,5600,11.925982598917143,11.277248466811042,1.3877787807814457E-16,1.0
100010001000000000000100001010010111,5372,0.5810624570337961,-0.3857394005398187,0.20000000000000015,1.0
000100001000000000000100011010010001,4690,0.21354096857257027,-0.5511258677738393,0.6000000000000001,1.0
001010001000000001000000001000010001,8802,0.14880368688237305,-0.5345520129866759,1.0,0.7000000000000001
101100011000010011000100001000010101,3536,11.910424768141338,11.357935990629072,1.3877787807814457E-16,1.0
100100001000010000000100001010010101,8060,0.5540466199777234,-0.1428699710783935,0.20000000000000015,1.0
100010001000000000000100011110010101,9234,0.35198245097331055,-0.4887845661431635,0.40000000000000013,1.0
100010001000000000000100001010010101,2202,0.05430902662140502,-0.8599205865286285,1.0,1.0
100100001000000000001100001010010101,2844,0.1962056789379768,-0.5007109121181401,0.6000000000000001,1.0
100100001000010000000110000010010101,6804,11.92785991805938,11.186455752175673,1.3877787807814457E-16,1.0
001100001000000001000000001010010001,8732,7.401486830834377E-18,-0.4940066938185174,1.0,1.0
100100001000000000000101101010001101,9832,0.02981911672570959,-0.6670974743304074,1.0,1.0
100010011110000000000100001010010101,6318,11.933519560779967,11.238488360753896,1.3877787807814457E-16,1.0
001000001010000011000100001110010001,890,2.960594732333751E-17,-0.4863099392777857,1.0,1.0
101100001000000001000000101110000101,3470,0.09468231333423527,-0.5097235756312247,0.8,1.0
100100001000000000001100001010010111,6138,11.931542721922975,11.152491909557355,1.3877787807814457E-16,1.0
101010001000000001000110001010010101,7564,0.3416631558629289,-0.487286720957203,0.40000000000000013,1.0
100010011000000000000100001111010101,2446,11.939219479296817,11.229613108258677,1.3877787807814457E-16,1.0
100100001101000000000100001010010101,6532,0.11764120032101195,-0.6164780050991399,0.8,1.0
100010001000000000000100001110000101,1636,0.05430902662140502,-0.8599205865286285,1.0,1.0
101100001010000001000101001000011101,3760,0.009939705575236527,-0.5706154278456519,1.0,1.0
101100001000000001000101101010001101,5274,0.009939705575236527,-0.5706154278456519,1.0,1.0
101100001000000001100100001110000101,4454,11.920235032226191,11.298138651875119,1.3877787807814457E-16,1.0
101100001001000001000100001101000101,1620,0.03596695245197574,-0.6386979044864148,1.0,1.0
101100001000000001000100001000010101,2578,0.03975882230094612,-0.7287036029625051,1.0,1.0
101100101000000001000100001000010111,6320,11.928564260940691,11.206288120873609,1.3877787807814457E-16,1.0
100100001001000000000100001010010101,1346,0.0472099386209814,-0.7388530201040999,1.0,1.0
100100001000000000000100001010010101,3914,0.049698527876182653,-0.8028460464800199,1.0,1.0
100100001100000000000100001010010101,2088,0.11989244837702369,-0.6661705103480576,0.8,1.0
101010001010010101000100001000010101,8864,11.919904734850931,11.251201332069707,1.3877787807814457E-16,1.0
111000001010000011000100001111000101,724,0.32788626886361,-0.35781760380786337,0.40000000000000013,1.0
101100001000000001000100001100100101,3890,0.11644031993465853,-0.6601695016638552,1.0,0.8
110110001000000000000100001000010101,7236,0.22781528221222802,-0.7465674093718682,0.6000000000000001,1.0
101010001110100001000100001110000101,3368,0.540433055108537,-0.03526690150244327,0.20000000000000015,1.0
101000001110010001000100001100010101,2472,0.5336694909762101,-0.02073443583264989,0.20000000000000015,1.0
100101011110000000000101101010001101,8616,11.893259817887209,11.414075880910945,1.3877787807814457E-16,1.0
101000000000000001000100001110000100,2526,0.24108565836229232,-0.3829388795889489,1.0,0.5000000000000001
100000001100000000000101101110001101,1692,0.10100847292863113,-0.5545835485689377,0.8,1.0
101100001000000001000101100010011101,5910,1.4802973661668754E-17,-0.5006226439340283,1.0,1.0
100100001100000000000100001000010101,5234,0.12933443610121997,-0.7383055234441679,0.8,1.0
101100001000000001000100001000010101,6962,0.03975882230094612,-0.7287036029625051,1.0,1.0
111000000110001101000110011010010100,2326,11.923804293809221,11.256385042260579,1.3877787807814457E-16,1.0
101000001000000011000100001010010101,1530,0.02981911672570959,-0.6670974743304072,1.0,1.0
101010001000000001000101000110001101,4512,0.013183125415330317,-0.5847444052279634,1.0,1.0
100100001001000000000100001010000101,1138,0.12238103763222494,-0.7301635367239776,1.0,0.8
110101000010101100111101011011001100,300,11.914386627372338,11.490968363344708,1.3877787807814457E-16,1.0
101010001000000001000100001010010101,8064,0.03718127421479807,-0.7239677883528388,1.0,1.0
111100001000000001000101101010001101,9192,0.1893563046337269,-0.48078165961787944,0.6000000000000001,1.0
100000001100000000000100101110000101,952,0.11989244837702369,-0.6661705103480576,0.8,1.0
101100001000000001000100001000010101,5912,0.03975882230094612,-0.7287036029625051,1.0,1.0
101100001100000001000100011110010101,1536,0.5569502842819473,-0.09178384782415383,0.20000000000000015,1.0
101101001100010001010100001010010101,8278,11.915092984227483,11.461409539780451,1.3877787807814457E-16,1.0
110110001000000000000100001110010101,1008,0.21939103914832087,-0.6310460998517662,0.6000000000000001,1.0
000100001000000000100100001010010001,2586,0.5611673095038268,-0.0734782423116912,0.20000000000000015,1.0
100100001110000000000100001000010101,6172,0.11989244837702369,-0.6661705103480576,0.8,1.0
100010001000100000100100001110000101,1432,11.932104485504507,11.250838125391429,1.3877787807814457E-16,1.0
001100011000000001000111101011001001,7264,11.901842293014273,11.387559244375408,1.3877787807814457E-16,1.0
100100001000000000000100001010010101,5246,0.049698527876182653,-0.8028460464800199,1.0,1.0
101100001000000001000100001010010101,7928,0.02981911672570959,-0.6670974743304074,1.0,1.0
101100001000000001000101101010011101,4364,0.009441987724196273,-0.5449619390846638,1.0,1.0
001011001111000001000100001110000001,6466,11.900020807910009,11.429792342477711,1.3877787807814457E-16,1.0
101010001000001001000010001011010101,1344,11.922158525334348,11.265763546210131,1.3877787807814457E-16,1.0
100010001000000000000100001000000101,7526,0.2916367436954412,-0.8357111149636064,1.0,0.5000000000000001
101100001000000001000100001010010101,4410,0.02981911672570959,-0.6670974743304074,1.0,1.0
101001001110100011100101001010011101,3786,11.921612892544912,11.496652694286816,1.3877787807814457E-16,1.0
101100001000000001000100001110010101,5822,0.028325963172588828,-0.62726605832498,1.0,1.0
101000001010000001000100000010010101,9072,0.08513529798895814,-0.5320965327379859,1.0,0.8
101100001000000001000100001000010101,5750,0.03975882230094612,-0.7287036029625051,1.0,1.0
100110000000000010000100001111010100,814,0.20659335922324984,-0.4255723007142076,0.6000000000000001,1.0
101000001110001001000100001110010101,7128,0.1725250213230201,-0.344083397854273,0.6000000000000001,1.0
100100001000000000000110001000010101,2056,0.3597076529612539,-0.6475415744103179,0.40000000000000013,1.0
101100001000000001000100011110000111,2244,11.934961151209425,11.150797473790917,1.3877787807814457E-16,1.0
100010001000001000000100001110010101,2272,0.3389688861453359,-0.3784112251430812,0.40000000000000013,1.0
100100001000000000000100001000000101,4438,0.3614119024974132,-0.7097124318807841,1.0,0.40000000000000013
100110001000000000000100001010110101,7810,0.12620995422532474,-0.7145570628911493,0.8,1.0
101010001000000001000111101010001101,2438,0.3280363514400475,-0.3929049262014092,0.40000000000000013,1.0
100100001000000000100100001010010101,2566,0.5691861938169835,-0.1649330116031683,0.20000000000000015,1.0
100100001110000000000100001010010101,8112,0.1104504606528274,-0.605819721740706,0.8,1.0
101100001000000001000100001000010101,7672,0.03975882230094612,-0.7287036029625051,1.0,1.0
101000001110000001000101001010011101,9348,0.0,-0.5321342441674862,1.0,1.0
101100001000000001100100001010010101,1292,0.5512027175909956,-0.07089366276007658,0.20000000000000015,1.0
101100001000001001000101101010011101,7608,0.16957197825185685,-0.3148781533558708,0.6000000000000001,1.0
100100011110000000000100001010010101,5174,11.927589718395467,11.286896057169722,1.3877787807814457E-16,1.0
100100001010000000000100001010010101,7260,0.03975882230094612,-0.7287036029625051,1.0,1.0
101000001010000001000100000100110101,702,0.06552715599360286,-0.6084829134172723,1.0,0.9
100100001000000000000100011010010101,3848,0.21833620181700417,-0.6272099731358192,0.6000000000000001,1.0
110110000000010100001010000011010110,0,11.925037971875792,11.247300813078445,1.3877787807814457E-16,1.0
100010001000000000000101101110001101,2280,0.10824849050853781,-0.608062973410106,0.8,1.0
101000001110000001000101001000011101,6534,0.009939705575236527,-0.5706154278456519,1.0,1.0
001010001001000001000100001011010001,7964,0.09672988339320812,-0.49394042815545613,0.8,1.0
101000001110000001000100001010010101,1508,0.01987941115047306,-0.6150959726776001,1.0,1.0
111111110010110101001001101011001110,296,11.921487308034662,11.496498603544602,1.3877787807814457E-16,1.0
100100001000000010000100001010010101,2072,0.0472099386209814,-0.7388530201040999,1.0,1.0
100110001000000000001010101010110101,6006,11.934050731942952,11.20661604078587,1.3877787807814457E-16,1.0
101100001000000001000100001010010101,5050,0.02981911672570959,-0.6670974743304074,1.0,1.0
001000001000000001000000001100010001,8226,0.2437559729739737,-0.3313384050993613,1.0,0.5000000000000001
100010001000000000000100001010000101,1258,0.1295754315102834,-0.8738730162920946,1.0,0.8
101010001000000001000100001010010101,1304,0.03718127421479807,-0.7239677883528388,1.0,1.0
101101001000000001000100001110010101,2008,0.1758285499364635,-0.3785753768723965,0.6000000000000001,1.0
100100011000110000000100101000010101,4688,11.91581540122575,11.35915780370737,1.3877787807814457E-16,1.0
100000001010000010000100011110010101,1290,0.34039096209760805,-0.3915434533505446,0.40000000000000013,1.0
101100001000000001000100001010010101,7048,0.02981911672570959,-0.6670974743304074,1.0,1.0
100100101000010000000100001000010101,2782,0.5503030799191452,-0.08780844042542524,0.20000000000000015,1.0
100100001000000000000100001000010101,6172,0.059638233451419186,-0.8937847873379051,1.0,1.0
100100001110000000000100001010010101,3922,0.1104504606528274,-0.605819721740706,0.8,1.0
101100011000000101100100001010010101,2756,11.923560329012004,11.323414318218537,1.3877787807814457E-16,1.0
101100001000000001000100001000010101,5216,0.03975882230094612,-0.7287036029625051,1.0,1.0
101000001100000001000100001110000101,836,0.029819116725709582,-0.6670974743304072,1.0,1.0
100100001010000000010001101010001101,1066,0.07661175290874873,-0.41218878855655,0.8,1.0
101100001100000001000000001010010101,3232,0.09468231333423527,-0.5097235756312248,0.8,1.0
001010001000000001000101101010001001,5900,0.003937334847812787,-0.5379686729138449,1.0,1.0
101100001000000001000100001011000101,8268,0.02981911672570959,-0.6670974743304074,1.0,1.0
101010001100000001000100001010100101,3324,0.20749951070474398,-0.5619332981710021,0.6000000000000001,1.0
110000001110000000100100001000110101,6636,11.944536364973125,11.137962845007197,1.3877787807814457E-16,1.0
101100001000000001000100001010010101,8564,0.02981911672570959,-0.6670974743304074,1.0,1.0
100000001000000000000100001000010101,6806,0.45511595495363805,-0.6160083794245591,1.0,0.30000000000000016
100100001000010000000100001000010101,9062,0.3382138288049742,-0.43024859645847685,0.40000000000000013,1.0
100100001000000010000100001110000101,4298,0.11989244837702369,-0.6661705103480576,1.0,0.8
000100001000000000000000001010010001,4262,0.3344219589560038,-0.34024289798238666,1.0,0.40000000000000013
100110000010000010000100001111000100,760,0.1989309573234196,-0.4132820299401432,0.6000000000000001,1.0
111100001001000001000100001010010101,2870,0.3352440844535055,-0.40087265075038353,0.40000000000000013,1.0
100000001000000000000101101010001101,7448,0.10416095775273485,-0.6450643128962421,1.0,0.8
101100001000000001000100001000010101,6390,0.03975882230094612,-0.7287036029625051,1.0,1.0
111100001000000001000100001000010101,7736,0.2123260470551866,-0.6321255965332051,0.6000000000000001,1.0
100100001000010000000100001010010101,9882,0.5540466199777234,-0.1428699710783935,0.20000000000000015,1.0
101110001000000011001100001110010101,4274,11.910908675191493,11.342459273659765,1.3877787807814457E-16,1.0
110110001000000000000100001000010101,8260,0.22781528221222802,-0.7465674093718682,0.6000000000000001,1.0
100100001110000000001110001010010101,3884,11.922691080246791,11.236987207575318,1.3877787807814457E-16,1.0
100010001000000000000100011010010101,3016,0.22196754223349915,-0.6749707195759375,0.6000000000000001,1.0
100010001000000000000100001110000101,3256,0.05430902662140502,-0.8599205865286285,1.0,1.0
101000001110000001000100001010010101,5564,0.01987941115047306,-0.6150959726776001,1.0,1.0
100100001000000000000000101010010101,6408,0.04399960715638594,-0.696127947391013,1.0,1.0
100000011010010010100100011110110111,664,11.92666693670567,11.298278178886859,1.3877787807814457E-16,1.0
100100001000000000000100001010110101,3194,0.12463214936077924,-0.7209140255920441,0.8,1.0
100100001110000000000100000010010101,6746,0.10568221512333174,-0.5615268931609338,0.8,1.0
111100001000000011000100101000010101,4468,0.20887550697115048,-0.5410061995142365,0.6000000000000001,1.0
100010001000000000000110001110000111,7646,11.951763336084083,10.94691085772081,1.3877787807814457E-16,1.0
100100001010000010000100001111010101,624,0.10701241026429989,-0.533681250961445,0.8,1.0
100110001000000000000100001010110101,3690,0.12620995422532474,-0.7145570628911493,0.8,1.0
100100001000000000000100001010010101,3566,0.049698527876182653,-0.8028460464800199,1.0,1.0
100100001000000000000100001110000101,4058,0.12238103763222494,-0.7301635367239776,1.0,0.8
101100001000000001000100101010000101,7116,0.02981911672570959,-0.6670974743304074,1.0,1.0
000100001001000000000101101110001001,8316,0.0849957785066466,-0.43057547907732396,0.8,1.0
100100001000000000000100001110000101,3130,0.12238103763222494,-0.7301635367239776,1.0,0.8
000100001100100000010100001011010001,4240,11.897034927499583,11.458325537256322,1.3877787807814457E-16,1.0
001100001001000001000100001010010001,7394,0.013173511835160474,-0.5295657857298525,1.0,1.0
101000001110000001000100001010010101,9844,0.01987941115047306,-0.6150959726776001,1.0,1.0
100101001000000000000100011110010101,6970,11.927345010528034,11.247838620568222,1.3877787807814457E-16,1.0
101010001000000001000100011111100101,1472,11.93583372204446,11.195096447143442,1.3877787807814457E-16,1.0
101010001000000001100100000110000101,5746,0.5539637118073022,-0.08451574141129126,0.20000000000000015,1.0
101100001000010001000100011110010101,2416,11.911643484622523,11.321690895321845,1.3877787807814457E-16,1.0
101000001110000001000100001010000101,3718,0.09366814175383731,-0.582182466614836,1.0,0.8
101000001110000001110101101010001101,1056,11.905179702773305,11.449492390525439,1.3877787807814457E-16,1.0
101000001110000001100100001110000101,7908,11.911243294113197,11.336148916039862,1.3877787807814457E-16,1.0
100010001000000000000100000010010101,1374,0.08680572944861498,-0.7928003166295765,1.0,0.9
100000001000000000000100001110010101,5410,0.12238103763222494,-0.7301635367239775,1.0,0.8
100100001010000010000100000010110111,448,11.93780127062796,11.171832888195699,1.3877787807814457E-16,1.0
101000001110000001000100001010010101,8766,0.01987941115047306,-0.6150959726776001,1.0,1.0
100010001001000000000100001010010101,2396,0.05194963960473695,-0.7935965353480864,1.0,1.0
101100001000000111010101001110001101,1188,0.17415549573572683,-0.3456919457458184,0.6000000000000001,1.0
100100011111000000010101011110001101,1076,11.907088427623881,11.399155941080997,1.3877787807814457E-16,1.0
101010001000000001000100001000010101,9984,0.08006326833860787,-0.7517913264837395,1.0,0.9
101010001100000001000100001010010101,9352,0.10824849050853781,-0.6080629734101061,0.8,1.0
101100001000000001000101001011011101,2152,0.08212449748023858,-0.47227942932862144,0.8,1.0
101010001000000001000100001010100101,7608,0.11543564651380814,-0.7012169573760714,0.8,1.0
101000001110000001100100001011010111,3548,11.920560496532667,11.290698354299316,1.3877787807814457E-16,1.0
100100001000000000000100001000010101,8130,0.059638233451419186,-0.8937847873379051,1.0,1.0
100100001000000000000100001010010101,7108,0.049698527876182653,-0.8028460464800199,1.0,1.0
110100001010000010000100001111010101,802,0.565178521220202,-0.1489284269771599,0.20000000000000015,1.0
100100001001000000000100001010000101,5338,0.12238103763222494,-0.7301635367239776,1.0,0.8
101010001000000001000100001000010101,8858,0.08006326833860787,-0.7517913264837395,1.0,0.9
100100001000000000000100001000010101,6220,0.059638233451419186,-0.8937847873379051,1.0,1.0
101000001010000001000101101010011101,9272,0.07268250975604229,-0.45945173441144394,1.0,0.8
101100011000000001000110001010010101,5626,11.928667271852945,11.228335625023163,1.3877787807814457E-16,1.0
100010001000000000000101001010001101,1978,0.11163278112385498,-0.7053878259312648,1.0,0.8
101010001000000101000100001010010101,7934,0.11379545824851907,-0.6556373506272271,0.8,1.0
100010001000000010000100001011010101,5154,0.21617328075860254,-0.5748036309917904,0.6000000000000001,1.0
101000001110000001000100001110000101,4752,0.019879411150473054,-0.6150959726775999,1.0,1.0
101110001000000001000101101010001101,5672,0.019182321900254106,-0.5959939265397625,1.0,1.0
110110001000001000000100001111000101,700,11.937363252906739,11.190543953296732,1.3877787807814457E-16,1.0
100100001001000000000100001010000101,7510,0.12238103763222494,-0.7301635367239776,1.0,0.8
100100001001000000000100001010010101,8742,0.0472099386209814,-0.7388530201040999,1.0,1.0
101010001000001001000100001010010101,2368,0.32385480048268656,-0.3238347674935936,0.40000000000000013,1.0
111100001000000001000100001100010101,4012,0.21053345575164012,-0.5820420779720074,0.6000000000000001,1.0
101010001000000001000100001010010101,2562,0.03718127421479807,-0.7239677883528388,1.0,1.0
100010001001000010000100001010010101,1366,0.21617328075860254,-0.5748036309917904,0.6000000000000001,1.0
100100001000000000000100001010010101,8300,0.049698527876182653,-0.8028460464800199,1.0,1.0
101100001010000001000100001000010101,6940,0.02981911672570959,-0.6670974743304074,1.0,1.0
100100001100000010000100001001010101,9732,0.2178814129746536,-0.5327567279889628,0.6000000000000001,1.0
101010001000100011000100001000010101,3668,0.3308661102170743,-0.3341732302327424,0.40000000000000013,1.0
111010001010000001000100001000010101,7056,0.5674356526109147,-0.2615142242092171,0.20000000000000015,1.0
110100001010000000000100001000010101,4426,0.3520510721541007,-0.567565042371224,0.40000000000000013,1.0
101000001000000001000101100010001101,4776,0.11617646998930735,-0.435617840863841,1.0,0.7000000000000001
101100001000000001100100001110000101,7778,11.920235032226191,11.298138651875119,1.3877787807814457E-16,1.0
101010001000000001000100001110000101,7676,0.03718127421479806,-0.7239677883528386,1.0,1.0
100100001001000000000100001000010101,8842,0.056651926345177676,-0.8109880332002102,1.0,1.0
101110001000000001000100001010010101,6396,0.03556598075249552,-0.6807454831661482,1.0,1.0
101010001000000001000000001110000101,1818,0.03283536847171948,-0.6851272849423613,1.0,1.0
101010101001000101000100001010010101,2196,0.5541944992556529,-0.08878550114851191,0.20000000000000015,1.0
101000001000000011000100001100000101,1396,0.11244133205698842,-0.6560210932064626,1.0,0.8
001000001000000001000100001010010001,6772,0.3137681681183345,-0.31025636983290666,1.0,0.40000000000000013
101110001000100011000100001110000101,5310,0.5475343038223927,-0.045664717890641304,0.20000000000000015,1.0
101010001000000001000100001000010101,7786,0.08006326833860787,-0.7517913264837395,1.0,0.9
101010001000001001000100001010010101,8520,0.32385480048268656,-0.3238347674935936,0.40000000000000013,1.0
100010111001010000000100001100000101,1762,11.923105865228452,11.313444921720379,1.3877787807814457E-16,1.0
101100001000000001000100001010010101,1866,0.02981911672570959,-0.6670974743304074,1.0,1.0
101010001000000001000100001100000101,2328,0.11842766017414383,-0.7134269346482035,1.0,0.8
100000101110100010000100001100010101,6986,11.913600379115463,11.371742930955346,1.3877787807814457E-16,1.0
101100001000000011000100101000010101,7594,0.03596695245197574,-0.6386979044864146,1.0,1.0
100010101010010000000100011010000101,1014,11.91814652085408,11.262952358892536,1.3877787807814457E-16,1.0
101000001010000011000100011110010101,1288,0.32468943619209745,-0.30779921417529327,0.40000000000000013,1.0
101000001000000101010100001110000101,2936,0.09808230373470077,-0.5496072642415794,0.8,1.0
101100001000000101000101101000001101,4010,0.1000566610824171,-0.5628742380063781,0.8,1.0
100000011110000000000101101010001101,1284,11.911243294113197,11.336148916039862,1.3877787807814457E-16,1.0
100100001000000000100100001010010101,7998,0.5691861938169835,-0.1649330116031683,0.20000000000000015,1.0
100100001111000000000100001000010101,4418,0.11764120032101195,-0.6164780050991399,0.8,1.0
000100001000000000000100101010000001,4254,0.20887550697115048,-0.5410061995142365,1.0,0.6000000000000001
101010000000000001000100001000010100,2888,0.2048982365716265,-0.5388213784963282,1.0,0.6000000000000001
100100001101000000000101101000011101,6256,0.10701241026429988,-0.5336812509614448,0.8,1.0
100100101000000000000100101100000101,4824,0.3418889662161511,-0.3756440513437201,0.40000000000000013,1.0
100010001000000000000100001010010101,9416,0.05430902662140502,-0.8599205865286285,1.0,1.0
101000001010000011000101000011111101,768,0.3014951602271318,-0.20580513422799945,0.40000000000000013,1.0
101110011001000001000100001110000101,9870,11.924724914575508,11.302114532540902,1.3877787807814457E-16,1.0
100010001000000010000101001100011101,1894,0.1146184653496223,-0.6173159500985305,0.8,1.0
100010000000000000000000001110000100,7868,0.2723331986918627,-0.5100154026147564,1.0,0.5000000000000001
101101011100000001000100011110010101,3326,11.909602236846013,11.375883019903782,1.3877787807814457E-16,1.0
101100001000000001000101101110011101,2762,0.08167424786903624,-0.45098204661077546,0.8,1.0
100100001000001000000100101010010101,7400,0.20049664677404774,-0.45770035614787374,0.6000000000000001,1.0
101000001110100001000100001010010101,5152,0.07914028869688446,-0.45809801320886445,0.8,1.0
101100001000000001000100001110000101,5504,0.02981911672570959,-0.6670974743304074,1.0,1.0
101110001001000001001111101000001101,9784,11.91449328100675,11.290525140721451,1.3877787807814457E-16,1.0
100100001000000010000000001000010101,3942,0.12768201870152474,-0.6987624353368452,1.0,0.8
101100001010000101000100001000010101,6942,0.20195254296476273,-0.514358920953881,0.6000000000000001,1.0
101000011000000101000100001010010101,9408,11.927345010528034,11.247838620568222,1.3877787807814457E-16,1.0
101010001000000111000100111101000101,7064,0.5699244039940272,-0.15210187567150846,0.20000000000000015,1.0
100100001000000000100110001000010101,5252,11.949911744232386,11.082271784686998,1.3877787807814457E-16,1.0
101000001000000001000100001000010101,1410,0.1581477339848974,-0.6778111154093193,1.0,0.7000000000000001
101010001000000001000101101010011111,3670,11.921809560090928,11.232998757568174,1.3877787807814457E-16,1.0
110010001000000000000100101100010101,6750,0.3578136862033841,-0.5540538837330802,0.40000000000000013,1.0
100010001000000010000100011110000101,1764,0.35198245097331055,-0.4887845661431635,0.40000000000000013,1.0
101100001000000001001100001000010101,5284,0.3183344176545011,-0.3166409661735719,0.40000000000000013,1.0
100010001000000000000100001001010101,7462,0.13282397878689994,-0.7926386301053575,0.8,1.0
100101010101011010101000001011010110,118,11.919088995416427,11.535695559551709,1.3877787807814457E-16,1.0
100100001000000000000101101010001101,8216,0.02981911672570959,-0.6670974743304074,1.0,1.0
101100001000000001000100001110010101,2564,0.028325963172588828,-0.62726605832498,1.0,1.0
100100001000010000000100001010010101,4096,0.5540466199777234,-0.1428699710783935,0.20000000000000015,1.0
001100101000000001100101101010011001,8724,11.919912335810745,11.516858233958592,1.3877787807814457E-16,1.0
101100001000000011000100101010010101,5574,0.026975214338981802,-0.5951211660120904,1.0,1.0
100100001000000000000100001001000101,6244,0.2260247956636864,-0.7273982251256379,1.0,0.6000000000000001
100010001000000000000100001110010101,816,0.05194963960473695,-0.7935965353480864,1.0,1.0
100100001000000000000101100010001101,1490,0.02336268418401878,-0.6200571139865847,1.0,1.0
100110001000000010001100001111000101,984,0.33117778753396154,-0.3175563445721395,0.40000000000000013,1.0
101100001000000111000100001110000101,9860,0.10676770239686696,-0.5727386875629443,0.8,1.0
101000001110000001000100001111010101,982,0.09066598598203014,-0.48442839209130484,0.8,1.0
101100001101100101000100001110000101,2334,11.91564435339314,11.343755716486255,1.3877787807814457E-16,1.0
110110010000010100001010000011010100,146,11.9163598771815,11.338511486946494,1.3877787807814457E-16,1.0
100000001000000010001101101110111101,562,11.910908675191493,11.342459273659765,1.3877787807814457E-16,1.0
100000001010000100010010101101110111,502,11.939854482413017,11.190176559018646,1.3877787807814457E-16,1.0
101100001000000001000100001000110101,8254,0.04375781017861623,-0.7328520114198975,1.0,1.0
001000001110000001010100001110000001,2206,0.09132981425996711,-0.3592514737571586,0.8,1.0
101001001110000001000100001010010101,4874,0.29845500650402806,-0.23367923766345816,0.40000000000000013,1.0
101100001000000001000100101010000111,7652,0.56251040728778,-0.21654040507784056,0.20000000000000015,1.0
100100001000010000000100001110010101,4998,11.921585781059798,11.26599375956223,1.3877787807814457E-16,1.0
101000001010000011000100001110110101,806,0.09891693944411165,-0.533571710923279,0.8,1.0
100100101000000000000100001010010101,7134,0.10856698528631828,-0.5900837743534219,0.8,1.0
000011001010100000011111000001111001,228,11.908501119493513,11.46032824285059,1.3877787807814457E-16,1.0
101010001000000001000100001010010111,9000,0.5674356526109147,-0.2615142242092171,0.20000000000000015,1.0
100010001000000000101100011110010101,3494,11.930129359209408,11.261242164624885,1.3877787807814457E-16,1.0
101010000001000001000101001011011100,6846,0.07619097428656395,-0.42072722281789804,0.8,1.0
101000001110000001000100001010010101,8628,0.01987941115047306,-0.6150959726776001,1.0,1.0
110100001000000000000100001000010101,4524,0.22763920866949305,-0.7796100187020785,0.6000000000000001,1.0
110100001000001000000101000011011101,7058,11.915004813004387,11.311396485185757,1.3877787807814457E-16,1.0
100100001000000010000001001010011111,4004,0.5573099879348764,-0.14159913818217862,0.20000000000000015,1.0
101010001110000001000100001010010101,7878,0.19376071353864202,-0.46917018555015333,0.6000000000000001,1.0
001010011000000011000100111010000001,3452,11.9229288383828,11.324813096533084,1.3877787807814457E-16,1.0
101100000100000001010100001010110100,2238,0.5343573890583674,0.03153375344707804,0.20000000000000015,1.0
111000001100000011000100111000010101,9490,0.5693569926548773,-0.18885741710252424,0.20000000000000015,1.0
100100001000000000000100001110000101,2972,0.12238103763222494,-0.7301635367239776,1.0,0.8
101100001110000001000100001110000101,5776,0.09156648520443485,-0.510542132928068,0.8,1.0
000000000000000100000100001010010000,2888,0.2670206772335918,-0.44375013456101087,1.0,0.5000000000000001
110011110100011000101001011011001100,0,11.919500408751128,11.512862025100407,1.3877787807814457E-16,1.0
100010001000000000000100001010000101,1828,0.1295754315102834,-0.8738730162920946,1.0,0.8
100110001000000100010100001110000101,2942,0.5679989559010852,-0.16292551216749562,0.20000000000000015,1.0
100100001000000000000100001110000101,7298,0.12238103763222494,-0.7301635367239776,1.0,0.8
101100001000000001000101101010011101,3646,0.009441987724196273,-0.5449619390846638,1.0,1.0
100100001000000000000101111010001101,3056,0.10824849050853781,-0.6080629734101058,0.8,1.0
101101001000000001000110001010010101,3230,11.916229560308668,11.246091596057063,1.3877787807814457E-16,1.0
101100011010000001000100011010010101,9398,11.918445637054319,11.311676121682693,1.3877787807814457E-16,1.0
100100001000000000000101101010001101,4376,0.02981911672570959,-0.6670974743304074,1.0,1.0
001100001000000001000100001010010001,7012,0.014162981586294431,-0.563444446752398,1.0,1.0
100100001000000000000000001110010101,7654,0.11668211691242823,-0.6234454376349706,1.0,0.8
101100000000000001000101101010001110,2734,0.3083947120792646,-0.27216042134162394,0.40000000000000013,1.0
101000001110000001000100001001000101,8606,0.02981911672570959,-0.6670974743304072,1.0,1.0
100100001010001000000100001010010101,4464,0.19246213887939861,-0.44564938146517186,0.6000000000000001,1.0
100100001000000000000101101010001101,7374,0.02981911672570959,-0.6670974743304074,1.0,1.0
101100001001100011000100001110100101,4284,0.5466120387579461,-0.025276598148939677,0.20000000000000015,1.0
101000001000000001000100001111000101,4686,0.10250162648175187,-0.594414964574365,1.0,0.8
100100001000000000000100001010010101,4202,0.049698527876182653,-0.8028460464800199,1.0,1.0
100100001110001000000110001010010101,5810,11.92720012266887,11.240003112550847,1.3877787807814457E-16,1.0
100100001010000110000100001110010101,612,0.2066463051050253,-0.4883848949210451,0.6000000000000001,1.0
100000001000000010000100001000010101,7570,0.059638233451419186,-0.8937847873379051,1.0,1.0
100100001000000000000100001110010101,6696,0.0472099386209814,-0.7388530201040998,1.0,1.0
101100001000000001000100001010010111,3968,0.56251040728778,-0.21654040507784056,0.20000000000000015,1.0
100000001000000000000100001000010101,5560,0.45511595495363805,-0.6160083794245591,1.0,0.30000000000000016
101100011000000001000111101010011101,1694,11.913735326871302,11.320719749734575,1.3877787807814457E-16,1.0
101010001000000001000100001000110101,3494,0.08266508217736068,-0.7464503618405265,1.0,0.9
101110001000010001000100001001010101,4760,11.919494247575278,11.287005597207887,1.3877787807814457E-16,1.0
101000001110000011010100001010010101,3700,0.07882096886679518,-0.4377874503104979,0.8,1.0
100100001000000000000100001000010101,7242,0.059638233451419186,-0.8937847873379051,1.0,1.0
110010001000000000000100001110010101,1354,0.2212394866529795,-0.6816554473748576,0.6000000000000001,1.0
101101001000000001000110101010000101,7768,11.916229560308668,11.246091596057063,1.3877787807814457E-16,1.0
010000010010101010100111111101101010,222,11.917293404118858,11.371248012274101,1.3877787807814457E-16,1.0
001010001000000001000100011010010001,4854,0.20041672014433365,-0.49237896437804507,0.6000000000000001,1.0
101001001110000001000110001000010101,6706,11.916229560308668,11.246091596057063,1.3877787807814457E-16,1.0
010011001010000010000101001110111001,134,11.911287486302802,11.329704895977946,1.3877787807814457E-16,1.0
101100001000000001000100001110000101,1784,0.02981911672570959,-0.6670974743304074,1.0,1.0
000101001000010000000100001010010001,3548,11.907422799473503,11.425084918101646,1.3877787807814457E-16,1.0
101100001000000001000100001010010101,3276,0.02981911672570959,-0.6670974743304074,1.0,1.0
001100001000000001000100001110000001,7290,0.08684549134233671,-0.49076193699635573,1.0,0.8
100100001000000000010100101010010101,7562,0.10679259431782281,-0.5514044086040987,0.8,1.0
100110001000000000000100001010010101,3826,0.05194963960473694,-0.7935965353480863,1.0,1.0
100100001000000000000100001110010101,8682,0.0472099386209814,-0.7388530201040998,1.0,1.0
001000100110000001000100001001010000,4538,0.3480119229522579,-0.024403906402971742,0.40000000000000013,1.0
100100001000000000000101101010001101,8748,0.02981911672570959,-0.6670974743304074,1.0,1.0
101100001000000001000100001110010111,8264,0.5610165812014912,-0.17510015400239787,0.20000000000000015,1.0
000010110000110000000111000110111010,332,11.893259817887209,11.441091803517681,1.3877787807814457E-16,1.0
101100001110000001000100001010010101,1628,0.09156648520443485,-0.5105421329280682,0.8,1.0
101100001000000001000100101110010101,6810,0.09965772409502409,-0.5224386562560482,0.8,1.0
101101001000000001000100001001010101,3444,0.3173389819524206,-0.2847696361800824,0.40000000000000013,1.0
101100011000111001000101001010011101,2466,11.925598669895871,11.507032076479021,1.3877787807814457E-16,1.0
101010001000000001000100001010010101,3384,0.03718127421479807,-0.7239677883528388,1.0,1.0
100100001000000000001101001010011101,3442,0.3083947120792646,-0.2721604213416238,0.40000000000000013,1.0
101100001111000001010100001010010101,7112,0.3043042368774541,-0.19491498680332403,0.40000000000000013,1.0
101100001000011001000100001010010101,2122,11.89661093780951,11.395519892811414,1.3877787807814457E-16,1.0
101100001000000001000110001011010101,8356,11.930048895836686,11.193932160632798,1.3877787807814457E-16,1.0
101010001110100001000100001110000101,3158,0.540433055108537,-0.03526690150244327,0.20000000000000015,1.0
101000101010011011010000001110110101,632,11.924902837449126,11.515803776756048,1.3877787807814457E-16,1.0
101100001110000001000110101110000101,2764,11.921585781059798,11.26599375956223,1.3877787807814457E-16,1.0
100100001000000000000100001010010101,5108,0.049698527876182653,-0.8028460464800199,1.0,1.0
101000001000000001000100001010010101,4254,0.10416095775273485,-0.6450643128962421,1.0,0.8
101101001000000001010101111000011101,8082,11.893259817887209,11.405901755474112,1.3877787807814457E-16,1.0
101100001000000001000100001110000101,1588,0.02981911672570959,-0.6670974743304074,1.0,1.0
101100001110000001000100001010010101,9304,0.09156648520443485,-0.5105421329280682,0.8,1.0
100100101010000000000100001010010101,8574,0.09875808642317367,-0.5393534339213968,0.8,1.0
100100001100000000000100101010010101,5614,0.11764120032101195,-0.61647800509914,0.8,1.0
101000001110001101000100001110000101,2292,0.3146605583605512,-0.26103939825042904,0.40000000000000013,1.0
100000001100000000000100001010010101,3424,0.21608509008844987,-0.6364594842677527,1.0,0.6000000000000001
100100101000000000000100001000010101,8518,0.11837588414946287,-0.6499840479750288,0.8,1.0
100100001110000000000100001110000101,5442,0.1104504606528274,-0.6058197217407059,0.8,1.0
101010001000000001000100001010010101,9050,0.03718127421479807,-0.7239677883528388,1.0,1.0
100110001000000000000100001110010101,966,0.049786718546335325,-0.7411901932040577,1.0,1.0
101010001000000001000100001011010101,4402,0.10824849050853781,-0.6080629734101061,0.8,1.0
100100001010000000000100101110000101,4816,0.1104504606528274,-0.6058197217407059,0.8,1.0
101100001000000011100100000010010101,2818,0.5439287332529807,-0.004074729050807302,0.20000000000000015,1.0
101110001010001001000100001010010101,9706,0.540433055108537,-0.03526690150244327,0.20000000000000015,1.0
101100001000000001000100001010110101,9824,0.10824849050853781,-0.6080629734101061,0.8,1.0
101100001000000101000110001010010101,2552,11.934961151209425,11.150797473790917,1.3877787807814457E-16,1.0
001100011000000001000100001110010001,654,11.904818306156638,11.411021492360952,1.3877787807814457E-16,1.0
111001010111010101111101001101101110,0,11.901282821168186,11.45536217835379,1.3877787807814457E-16,1.0
101100001000000001010100101110000101,6978,0.18184889647336264,-0.37706224454794846,0.6000000000000001,1.0
100110011000000000000100001110000101,1050,11.941056522642791,11.194523083345372,1.3877787807814457E-16,1.0
101100001000000001000100001001010101,6988,0.1104504606528274,-0.6058197217407059,0.8,1.0
101100001000000001100100001010010101,6808,0.5512027175909956,-0.07089366276007658,0.20000000000000015,1.0
001100001010100001100111101110001001,1314,11.904643339879497,11.45942506054748,1.3877787807814457E-16,1.0
010000001010000010000100000110110001,432,0.3370899000033779,-0.35545155905375,0.40000000000000013,1.0
101100001001000001000100001000110101,6774,0.041935955593579995,-0.6899984598545728,1.0,1.0
110100001000000000000100001000010101,4580,0.22763920866949305,-0.7796100187020785,0.6000000000000001,1.0
100010001000000000000100001010010101,4700,0.05430902662140502,-0.8599205865286285,1.0,1.0
101100001000000001000100001000010101,3602,0.03975882230094612,-0.7287036029625051,1.0,1.0
010110000000011010101111100000111000,374,11.895520932802762,11.440837933954187,1.3877787807814457E-16,1.0
101100000000000001000100001110000100,6428,0.13033945157560176,-0.44726797676309066,1.0,0.7000000000000001
100100001000000000000100001000010101,8100,0.059638233451419186,-0.8937847873379051,1.0,1.0
100110001000000000000101001010011101,1896,0.03556598075249552,-0.6807454831661482,1.0,1.0
100101001000000100001100001000010101,3898,11.920633969213585,11.257703070124789,1.3877787807814457E-16,1.0
101100001000000001000100001010010101,4058,0.02981911672570959,-0.6670974743304074,1.0,1.0
101010101000000001000101101010001101,4188,0.08114910774892845,-0.4759039723184304,0.8,1.0
000100001000000000000100011010010001,6692,0.21354096857257027,-0.5511258677738393,0.6000000000000001,1.0
101100001000000011100100001000010111,2794,11.934210835855398,11.220103887658036,1.3877787807814457E-16,1.0
111101001000000001000100001010110101,7832,11.921809560090928,11.232998757568174,1.3877787807814457E-16,1.0
101100001000000001000101101010001101,4142,0.009939705575236527,-0.5706154278456519,1.0,1.0
100010101000000100000100001010010101,8480,0.34388957298508854,-0.42545376893972714,0.40000000000000013,1.0
101100101110100101101100001010010101,3544,11.902797591192472,11.465294645861144,1.3877787807814457E-16,1.0
100100001010000000000100001010010101,4060,0.03975882230094612,-0.7287036029625051,1.0,1.0
101010001000000001000100001000010101,7750,0.08006326833860787,-0.7517913264837395,1.0,0.9
101100001000000001000100001000010101,9556,0.03975882230094612,-0.7287036029625051,1.0,1.0
101100001001000001000100001110000111,5350,0.3352440844535055,-0.40087265075038364,0.40000000000000013,1.0
100010001000000000000100001010010101,3934,0.05430902662140502,-0.8599205865286285,1.0,1.0
100100001000000000000100001001010101,8532,0.12933443610121997,-0.7383055234441678,0.8,1.0
101000001010000011000100000111110101,454,0.3183534736256808,-0.24791353367021746,0.40000000000000013,1.0
101000001010100011000100001010010101,1196,0.07914028869688446,-0.45809801320886445,0.8,1.0
101100101110000001000110001000010101,7406,11.919914230098948,11.277377538652399,1.3877787807814457E-16,1.0
100010001000000000000100001000010101,7032,0.09719102074521484,-0.914710810471064,1.0,0.9
100100011100000000000100101010010101,1942,11.93430404705589,11.27625491555913,1.3877787807814457E-16,1.0
100110000000000000000101101010001100,4126,0.02543247740343151,-0.5985663118261294,1.0,1.0
100100001000100000000100001010010101,8418,0.2022710377425432,-0.4963797218971969,0.6000000000000001,1.0
100100001010000000000100001010010101,3402,0.03975882230094612,-0.7287036029625051,1.0,1.0
100010001110000000000101001000011101,6882,0.20195254296476273,-0.5143589209538811,0.6000000000000001,1.0
100100001100000000000100001010010101,4898,0.11989244837702369,-0.6661705103480576,0.8,1.0
101100001010010001000100011110010101,3512,11.903792721669769,11.352622110967868,1.3877787807814457E-16,1.0
100100001000000000000100001010010101,3012,0.049698527876182653,-0.8028460464800199,1.0,1.0
100010001010000000000100011000010101,5510,0.22196754223349915,-0.6749707195759374,0.6000000000000001,1.0
100010001000000000000100001010010101,3060,0.05430902662140502,-0.8599205865286285,1.0,1.0
100100001000000000000100001100010101,7234,0.056651926345177676,-0.8109880332002101,1.0,1.0
100100001000000010010100011101010101,4348,11.936324780668725,11.270374518049895,1.3877787807814457E-16,1.0
001100001000000001000100001110000001,7606,0.08684549134233671,-0.49076193699635573,1.0,0.8
100010001000000000000100001010010101,1958,0.05430902662140502,-0.8599205865286285,1.0,1.0
100011001000010000000100001010010101,8022,11.9133133396954,11.268125323131146,1.3877787807814457E-16,1.0
110100011000000000000101101010001101,3186,11.928667271852945,11.228335625023163,1.3877787807814457E-16,1.0
101100001000000001000100001110000111,9730,0.33673791053979424,-0.44231290182582633,0.40000000000000013,1.0
101000001000000101000100001010010101,3338,0.03718127421479807,-0.7239677883528388,1.0,1.0
100100001000000000010100001010110101,7250,0.3389688861453359,-0.3784112251430812,0.40000000000000013,1.0
110100001000000000000101101000011101,4646,0.21053345575164012,-0.5820420779720074,0.6000000000000001,1.0
100010001000000000000000001010010101,8740,0.08680572944861498,-0.7928003166295765,1.0,0.9
100010001000000000100100001010010101,5286,0.5740142217983492,-0.21696268995204382,0.20000000000000015,1.0
100010001000000000000101101010001101,1760,0.03718127421479806,-0.7239677883528386,1.0,1.0
101000001100000001000100001110000101,1098,0.029819116725709582,-0.6670974743304072,1.0,1.0
101100001000000001000100001110010101,7120,0.028325963172588828,-0.62726605832498,1.0,1.0
101100001000000001000100001010010101,7542,0.02981911672570959,-0.6670974743304074,1.0,1.0
101100001001000001000100001110000101,6866,0.02832596317258884,-0.62726605832498,1.0,1.0
101000001110000001000100101000010101,7728,0.02832596317258884,-0.62726605832498,1.0,1.0
101000001000000001000101001110001101,956,0.0831753257549398,-0.5294312413293499,1.0,0.8
101000001001000001000100001110000101,1412,0.029819116725709582,-0.6670974743304072,1.0,1.0
100010001000000000000100001000010101,5596,0.09719102074521484,-0.914710810471064,1.0,0.9
000100001000000000000100001010110001,7866,0.11983691611634534,-0.6448299202300642,0.8,1.0
111101001000000001000000001010010101,7874,0.31575505659011316,-0.3130181033663459,0.40000000000000013,1.0
111100001000000001000101101010001101,5180,0.1893563046337269,-0.48078165961787944,0.6000000000000001,1.0
111010001110000001000100001010010101,9318,11.928385355650176,11.194306662879,1.3877787807814457E-16,1.0
101000001110000001000100001010010101,9202,0.01987941115047306,-0.6150959726776001,1.0,1.0
101010001010000001000100001001000101,9958,0.10986378397084036,-0.6512852785967965,0.8,1.0
100100001000000000000100001010110101,3806,0.12463214936077924,-0.7209140255920441,0.8,1.0
101100001110100001000100001010010101,4082,0.30459346561478096,-0.21201495356251215,0.40000000000000013,1.0
100010001000000000000100101110000101,7002,0.12463214936077924,-0.7209140255920441,0.8,1.0
100100001000000010000100001001010101,5968,0.1266329384340059,-0.6755986306216896,0.8,1.0
100000001100000000000100001110010101,3696,0.0472099386209814,-0.7388530201040998,1.0,1.0
101010101000000001000100001010010101,1992,0.09808230373470077,-0.5496072642415794,0.8,1.0
101010001000000001000100001010000101,8682,0.11163278112385498,-0.7053878259312648,1.0,0.8
101010001000010001000100011010110101,9474,11.924724173470393,11.238235333712288,1.3877787807814457E-16,1.0
100010001000000000001100001110000101,2666,0.20356783642706527,-0.5575812261405714,0.6000000000000001,1.0
101010001000000001000100011110110101,3252,11.93583372204446,11.195096447143442,1.3877787807814457E-16,1.0
100100001000000000000100001010010101,3010,0.049698527876182653,-0.8028460464800199,1.0,1.0
101000001110000001000100001011010101,4040,0.09156648520443485,-0.5105421329280682,0.8,1.0
100100101000000000000100011010110101,9666,11.93703127053628,11.2061068024677,1.3877787807814457E-16,1.0
111101111010111001000011101011001111,0,11.908729288532179,11.45229076610851,1.3877787807814457E-16,1.0
101010001000000001000000001010010101,1962,0.06715348639222582,-0.650809167021855,1.0,0.9
101100001000100001010100001010010101,5536,0.3015213128731482,-0.1985319550685704,0.40000000000000013,1.0
101100000000000001000101101010011100,7812,0.01317351183516046,-0.4495869056496966,1.0,1.0
101010001001000001000110011010000101,2650,0.5698972197912591,-0.2571708188071751,0.20000000000000015,1.0
101100001000000011001100001010010101,3394,0.30789699422822436,-0.24650693258063577,0.40000000000000013,1.0
100100001000001100000100001000010101,4488,0.5728441588215832,-0.20352877174054207,0.20000000000000015,1.0
101000001110000001000110001100010101,7718,0.5610165812014912,-0.17510015400239787,0.20000000000000015,1.0
100100001000000100000100001010010101,9084,0.12463214936077924,-0.720914025592044,0.8,1.0
100011001000000000000100001010010101,9116,0.10986378397084036,-0.6512852785967965,0.8,1.0
100010001000000000000101101010011101,860,0.03556598075249552,-0.6807454831661484,1.0,1.0
100010000000000000000100001010010100,5718,0.21642301640880865,-0.6203456546089594,1.0,0.6000000000000001
100100001000000000000100001010010101,7878,0.049698527876182653,-0.8028460464800199,1.0,1.0
100100111000000010000101101000001101,1622,11.91581540122575,11.35915780370737,1.3877787807814457E-16,1.0
101000001110000001000100001000010101,6604,0.02981911672570959,-0.6670974743304072,1.0,1.0
001000001011110111001001110001001011,292,11.922413029197202,11.505240008132116,1.3877787807814457E-16,1.0
100100001000100000000101111010001101,5212,11.917568145671995,11.299441788726817,1.3877787807814457E-16,1.0
100010001000000000000100101010000101,7214,0.05430902662140502,-0.8599205865286285,1.0,1.0
101000001110000001000000101010000101,3420,0.011681342092009394,-0.5676361870579848,1.0,1.0
100100001000100010000100101010010101,5492,0.3309579097667375,-0.2942984360259006,0.40000000000000013,1.0
101100001000000001000101101010001101,5804,0.009939705575236527,-0.5706154278456519,1.0,1.0
101010001000000001000100001010010101,4120,0.03718127421479807,-0.7239677883528388,1.0,1.0
101010001000001001000100001101010101,3570,0.5553032373458523,-0.07975983225230221,0.20000000000000015,1.0
100010001000000010000100001110000101,1124,0.12463214936077924,-0.7209140255920441,0.8,1.0
100000001000000000000100001010010101,2012,0.35091908649851566,-0.5898952403023388,1.0,0.40000000000000013
101100001000000001000101101010011101,1952,0.009441987724196273,-0.5449619390846638,1.0,1.0
100100011000000000000100011010010111,5486,11.944536364973125,11.137962845007197,1.3877787807814457E-16,1.0
101100001000000001000100001010010101,9880,0.02981911672570959,-0.6670974743304074,1.0,1.0
101010001000000001000100001010010101,2208,0.03718127421479807,-0.7239677883528388,1.0,1.0
100100001000000000000100011010010101,7628,0.21833620181700417,-0.6272099731358192,0.6000000000000001,1.0
100010001000000000000100001010010101,1772,0.05430902662140502,-0.8599205865286285,1.0,1.0
100100001000010000000100101000010101,8944,0.3362229574008132,-0.3800472249927201,0.40000000000000013,1.0
101010001000000001000100001010010101,5206,0.03718127421479807,-0.7239677883528388,1.0,1.0
101000001010000011000100110001000101,798,0.029736208555288312,-0.6087432446633051,1.0,1.0
100100001000000000000100001111000101,2728,0.11989244837702369,-0.6661705103480575,1.0,0.8
100100001000000000010101111000111111,6502,11.934005049478722,11.218724614446906,1.3877787807814457E-16,1.0
101100001000000001100101101110001101,7018,11.901842293014273,11.387559244375408,1.3877787807814457E-16,1.0
100100001100000000000101101010011101,2744,0.09965772409502409,-0.5224386562560482,0.8,1.0
101010001000001001000100001011000101,7452,0.1917863561909257,-0.4559032117853544,0.6000000000000001,1.0
100100001000000000000100001010010101,4660,0.049698527876182653,-0.8028460464800199,1.0,1.0
101000001110000001000100000010010101,6796,0.011681342092009394,-0.5676361870579848,1.0,1.0
101010001000000001000100001000010101,8784,0.08006326833860787,-0.7517913264837395,1.0,0.9
100010001000000000000100001110000101,2150,0.05430902662140502,-0.8599205865286285,1.0,1.0
100000001000000000000100000100110101,630,0.13190985386536516,-0.7617230754537925,1.0,0.8
101000001110000001100100101010100101,6066,11.918445637054319,11.311676121682693,1.3877787807814457E-16,1.0
100010001000000000000100001110010101,2504,0.05194963960473695,-0.7935965353480864,1.0,1.0
000100001000000000000100001010010001,9262,0.20887550697115048,-0.5410061995142365,1.0,0.6000000000000001
100010001000000000000100001110000101,1096,0.05430902662140502,-0.8599205865286285,1.0,1.0
100100001000000000000100000010010101,2706,0.11940787812407987,-0.6878429130754004,1.0,0.8
101100001000000101000111101010001101,9970,11.921809560090928,11.232998757568174,1.3877787807814457E-16,1.0
100000001000000000000100001110000101,6462,0.2188506422067548,-0.7219636845940995,1.0,0.6000000000000001
101110001000000011000100001000010101,3082,0.11461846534962228,-0.6173159500985304,0.8,1.0
101100001000000001000101011000011101,7050,0.1000566610824171,-0.5628742380063781,0.8,1.0
100100001000000000000100001011000101,4282,0.12238103763222494,-0.7301635367239776,1.0,0.8
100100001000001000000100011110010111,6314,11.937363252906739,11.190543953296732,1.3877787807814457E-16,1.0
101100101100100001010100001000010101,8464,11.893486519112358,11.438275389290505,1.3877787807814457E-16,1.0
100100001001000000000100001010010101,6144,0.0472099386209814,-0.7388530201040999,1.0,1.0
100100001001000000000100001010010101,9080,0.0472099386209814,-0.7388530201040999,1.0,1.0
100010001000000000000100001110010101,756,0.05194963960473695,-0.7935965353480864,1.0,1.0
101100011000000001010101111110011101,7434,11.900174122755546,11.419780195774894,1.3877787807814457E-16,1.0
100101001000000000000100001010110101,3146,0.20195254296476273,-0.514358920953881,0.6000000000000001,1.0
101100001000010001000100011100000101,2058,11.920633969213585,11.257703070124789,1.3877787807814457E-16,1.0
100010001000000000000100001010110101,2406,0.12826348977727423,-0.7686747720321624,0.8,1.0
101000001110000001000100001010010101,3954,0.01987941115047306,-0.6150959726776001,1.0,1.0
101100001000000101000110001010010101,5974,11.934961151209425,11.150797473790917,1.3877787807814457E-16,1.0
110110000000101010100000010100010110,230,11.929094492773922,11.332762435520587,1.3877787807814457E-16,1.0
100100011000000000000110101010010101,3782,11.941036005516763,11.178217689546658,1.3877787807814457E-16,1.0
100010001000000000000100001010010101,5924,0.05430902662140502,-0.8599205865286285,1.0,1.0
100101101001100000000100001000010101,8204,11.90538505795002,11.38370395215896,1.3877787807814457E-16,1.0
100100001000000000000100001010010101,9754,0.049698527876182653,-0.8028460464800199,1.0,1.0
100000001110000010000101001110001101,936,0.01888397544839256,-0.5832246426841103,1.0,1.0
100000001000000000000100001010010101,6294,0.35091908649851566,-0.5898952403023388,1.0,0.40000000000000013
100100001001000000000100001000010101,3584,0.056651926345177676,-0.8109880332002102,1.0,1.0
100100001110000000000101101010001101,5186,0.09156648520443483,-0.510542132928068,0.8,1.0
101100001000001001000100000010010101,7518,0.08025436163640182,-0.4493024538392777,0.8,1.0
001010001000000001000000001010010001,8990,0.053011849762760875,-0.5489793289466015,1.0,0.9
101100001000100001000101101010001101,5944,0.3018061264263305,-0.1992849185717674,0.40000000000000013,1.0
110010110010000010000100001110110100,410,11.926480908654788,11.314221568119251,1.3877787807814457E-16,1.0
100100001000000000000100001010010101,5480,0.049698527876182653,-0.8028460464800199,1.0,1.0
100100001000000000110100001010110101,7136,11.930567377063763,11.279595004752432,1.3877787807814457E-16,1.0
100100001000000000000100001000010101,3188,0.059638233451419186,-0.8937847873379051,1.0,1.0
101110011000000001000100000010010101,5824,0.5526236303206457,-0.05651914136210001,0.20000000000000015,1.0
001000001010000011000100001110110011,564,0.5504619329400832,-0.08202671742730772,0.20000000000000015,1.0
100010001000000000000100001010010101,5264,0.05430902662140502,-0.8599205865286285,1.0,1.0
100100001000000000001100001000010101,6422,0.20614538451321335,-0.5623170407502377,0.6000000000000001,1.0
101100001000000001000101001010011101,7086,0.009939705575236527,-0.5706154278456519,1.0,1.0
100100001000100000000110001010010101,9516,11.93614299015315,11.157443729943152,1.3877787807814457E-16,1.0
101100011000000101000000001010010101,8178,11.921655944955841,11.312513173273095,1.3877787807814457E-16,1.0
100101000000010000000100001001010100,7408,11.893259817887209,11.406949878609423,1.3877787807814457E-16,1.0
011000000010000011001010001011010010,352,11.901530439057925,11.34327853683304,1.3877787807814457E-16,1.0
101000001100000001000100001010010101,3878,0.02981911672570959,-0.6670974743304072,1.0,1.0
101010001000000001000100001110010101,6688,0.03556598075249552,-0.6807454831661484,1.0,1.0
100100001000000000100100001010010111,6002,11.94283025343924,11.137603441766709,1.3877787807814457E-16,1.0
100100001001000010000000001010010101,7084,0.11425684526476003,-0.5746734098841543,0.8,1.0
101101001000000001000101001110011101,3004,0.30789699422822436,-0.1832959721513825,0.40000000000000013,1.0
101100001000010001000100001000010101,7480,0.3183344176545011,-0.316640966173572,0.40000000000000013,1.0
101000001110000001000100001110000101,4992,0.019879411150473054,-0.6150959726775999,1.0,1.0
101100001000000111000100101110000101,9548,0.19910934324220067,-0.44962478886390045,0.6000000000000001,1.0
110110000000010100001010000110010110,108,11.925037971875792,11.247300813078445,1.3877787807814457E-16,1.0
101110001100010001000100001010010101,9026,11.911643484622523,11.321690895321845,1.3877787807814457E-16,1.0
101100101001000101000101001000011101,9688,0.5397653702989331,-0.015213260625579705,0.20000000000000015,1.0
101000001000000001000100001010010101,1854,0.10416095775273485,-0.6450643128962421,1.0,0.8
100110111001010000000100001100000101,1704,11.921969793074886,11.334118959060472,1.3877787807814457E-16,1.0
100010001000000000000101001011011101,2154,0.10824849050853781,-0.6080629734101061,0.8,1.0
101100001000010001000101101010011101,2018,0.5336694909762101,0.04247652459660323,0.20000000000000015,1.0
101000001000000001000100001010010101,8856,0.10416095775273485,-0.6450643128962421,1.0,0.8
100100001000000000000000011010010101,6254,0.2162744709761813,-0.5926061300007186,0.6000000000000001,1.0
100100001000000000010100011000000101,1574,0.2171861501695842,-0.6129631501006727,0.6000000000000001,1.0
110010101000000100000111101010001101,1802,11.935056328062526,11.152192509317848,1.3877787807814457E-16,1.0
101110001000000001000110011010010101,3232,11.937533882165159,11.149517109825522,1.3877787807814457E-16,1.0
100010001000000000010100001010010101,5430,0.20871955217669802,-0.552484446549891,0.6000000000000001,1.0
001101001000000001000000001010010001,8312,0.108649462208018,-0.33008162627870163,0.8,1.0
101000001110100001100100001000110101,5280,0.5466120387579461,-0.0252765981489399,0.20000000000000015,1.0
100010001000000000000100001010000101,7592,0.1295754315102834,-0.8738730162920946,1.0,0.8
010000001011101110011111110011011001,0,11.895174051428278,11.44534542082459,1.3877787807814457E-16,1.0
101000001100100001000101101010011101,1608,0.16957197825185688,-0.31487815335587077,0.6000000000000001,1.0
100010001000000000000100001010010101,3068,0.05430902662140502,-0.8599205865286285,1.0,1.0
101000001110000001000100001110010101,7100,0.018883975448392546,-0.5832246426841103,1.0,1.0
001000011010000011000100001110110001,418,11.905684401452987,11.403910457214172,1.3877787807814457E-16,1.0
100100001000000100101110001010010101,5080,11.93224224960702,11.217918392783806,1.3877787807814457E-16,1.0
000010001000000000000100001010000001,1840,0.577521237145362,-0.35878106251270203,1.0,0.20000000000000015
100010001000000010000100001110000101,904,0.12463214936077924,-0.7209140255920441,0.8,1.0
101110001000000001000110001010010101,4778,0.5659288365742291,-0.21823484084427824,0.20000000000000015,1.0
000100001001000110000100001011010001,9770,0.5644343002629965,-0.06773135967446087,0.20000000000000015,1.0
100010001000000000000100001000010101,2582,0.09719102074521484,-0.914710810471064,1.0,0.9
100100001000000000000100101010000101,8414,0.049698527876182653,-0.8028460464800199,1.0,1.0
101100001100000001000100001100000101,1958,0.1104504606528274,-0.6058197217407059,0.8,1.0
101010001110000001000100011000010101,6658,0.33804896592249933,-0.39219409024415924,0.40000000000000013,1.0
101010001000010001000100001011010111,9152,11.921809560090928,11.232998757568174,1.3877787807814457E-16,1.0
100000001100000000000100001110000101,4574,0.049698527876182653,-0.8028460464800199,1.0,1.0
110101000111011110001101101110111110,186,11.89652877616281,11.436833548140203,1.3877787807814457E-16,1.0
101100001000000001000100001010010101,3550,0.02981911672570959,-0.6670974743304074,1.0,1.0
101100001100000001000100001111000101,796,0.09965772409502409,-0.5224386562560482,0.8,1.0
101100001000000001000100001110010101,5128,0.028325963172588828,-0.62726605832498,1.0,1.0
100100001001000000000100001000010101,5816,0.056651926345177676,-0.8109880332002102,1.0,1.0
101000001110011001000100001010010101,4630,11.906419836672656,11.424688052906012,1.3877787807814457E-16,1.0
100100001000000000000100001110010111,7308,0.5757322123812822,-0.28071770774824945,0.20000000000000015,1.0
001100001000000001000100001010010001,4954,0.014162981586294431,-0.563444446752398,1.0,1.0
101100001001000001000100001010000101,7668,0.10250162648175187,-0.5944149645743652,1.0,0.8
100100101110100000000100001010010101,4874,11.90538505795002,11.38370395215896,1.3877787807814457E-16,1.0
100000001100010000000100001110010101,2076,0.5525534664246027,-0.10303855507296611,0.20000000000000015,1.0
101100001000000001000000001010010101,2660,0.023362684184018788,-0.6200571139865847,1.0,1.0
100100001000000000000110001010010101,5142,0.5778235689020864,-0.34179254562323824,0.20000000000000015,1.0
101010001000000101000101001110011101,7204,0.0983429841237024,-0.5424881338168364,0.8,1.0
101000001000000001000100001000010101,8948,0.1581477339848974,-0.6778111154093193,1.0,0.7000000000000001
101100001001000001000100001000010101,9702,0.03776795089678512,-0.6785022314967482,1.0,1.0
101001001110000001000101101010001101,1676,11.913139229037682,11.424367876784991,1.3877787807814457E-16,1.0
101100001000000001000100001110000101,3608,0.02981911672570959,-0.6670974743304074,1.0,1.0
101000001110000001000100001000010101,9820,0.02981911672570959,-0.6670974743304072,1.0,1.0
101010001000001001000100001100010101,6840,0.3308661102170743,-0.33417323023274254,0.40000000000000013,1.0
100110001000000000000100001110000101,2252,0.05194963960473694,-0.7935965353480863,1.0,1.0
101000001110000011000100001000010101,5010,0.02832596317258884,-0.62726605832498,1.0,1.0
101000001000000001000100001000010101,7236,0.1581477339848974,-0.6778111154093193,1.0,0.7000000000000001
100100001010000010000000001101110111,622,11.941249806669612,11.199982331401777,1.3877787807814457E-16,1.0
101100001000000001010100001000010101,3520,0.09875808642317367,-0.5393534339213968,0.8,1.0
101100001000010001000100001000010101,7380,0.3183344176545011,-0.316640966173572,0.40000000000000013,1.0
101100011000000001010110001110000101,8524,11.918922637228519,11.30146295546871,1.3877787807814457E-16,1.0
101000001111000001000110001010010101,5290,0.5536587656115958,-0.1320451070598775,0.20000000000000015,1.0
101100001000000011000101100010001101,7306,0.0,-0.5006226439340284,1.0,1.0
101000001000000011000100001010010101,1482,0.02981911672570959,-0.6670974743304072,1.0,1.0
101000001000000001000100100010000101,4088,0.14108204645513905,-0.5528436308243686,1.0,0.7000000000000001
101100001000000001000100001110000101,8696,0.02981911672570959,-0.6670974743304074,1.0,1.0
101010000010000001101100001010110100,9476,11.899009293903108,11.395205615334289,1.3877787807814457E-16,1.0
101110001100000001000100001010010101,9162,0.2004717548530919,-0.4790346351067194,0.6000000000000001,1.0
100010001000010000000100001110010101,1300,11.928825798639705,11.21251433472106,1.3877787807814457E-16,1.0
100101011000000000000100001000010101,2826,11.929226770339184,11.254561913400794,1.3877787807814457E-16,1.0
100100001000000000000100001010010101,7898,0.049698527876182653,-0.8028460464800199,1.0,1.0
010110001000001100101011010110101011,0,11.924014247588998,11.292825251949676,1.3877787807814457E-16,1.0
100000001000000000000100000100110101,694,0.13190985386536516,-0.7617230754537925,1.0,0.8
100110001000000000000101001110001101,4176,0.03556598075249552,-0.6807454831661481,1.0,1.0
101100001000000001000100001010010101,6690,0.02981911672570959,-0.6670974743304074,1.0,1.0
111100001000000001000100001110000101,7206,0.2046694662480334,-0.5743813461175871,0.6000000000000001,1.0
101101001000000001000100001010010101,6290,0.17632626778750374,-0.40422886563338467,0.6000000000000001,1.0
101010001000100001000100101010010101,8412,0.32276333428881276,-0.2953630226563649,0.40000000000000013,1.0
100110101000000000000101001000011101,9886,0.10509361346908852,-0.5599457269807282,0.8,1.0
100100001001000000000100101000110101,7180,0.12801617637444962,-0.6763486641503438,0.8,1.0
101110101000000001000100001010010101,2946,0.09699083754082698,-0.5211355194043505,0.8,1.0
101100001000000001000100001000000101,2698,0.20835782620785728,-0.6276010231863594,1.0,0.6000000000000001
101110001011000111100111001110111101,516,11.920457685660255,11.325616235828058,1.3877787807814457E-16,1.0
111000001110000001000100001011010111,9544,11.929424024524762,11.179956212244614,1.3877787807814457E-16,1.0
101100001000000001000100001110010101,4198,0.028325963172588828,-0.62726605832498,1.0,1.0
101100001000000001000100001010000101,1914,0.10416095775273483,-0.6450643128962421,1.0,0.8
100110001000000000000100001100010101,2306,0.05763748149909064,-0.8005865789298944,1.0,1.0
101000001000000001000100001010010101,7264,0.10416095775273485,-0.6450643128962421,1.0,0.8
101010001000000001000101101010001101,8926,0.020053521808191095,-0.6251344947560631,1.0,1.0
100101001000000000010100001000010101,8146,0.19246213887939861,-0.44564938146517186,0.6000000000000001,1.0
100010001000000000000100001000000101,2390,0.2916367436954412,-0.8357111149636064,1.0,0.5000000000000001
101100001000000011000101101010001101,6280,0.00944198772419628,-0.5449619390846637,1.0,1.0
100100001000000000000100001010000101,5406,0.2188506422067548,-0.7219636845940995,1.0,0.6000000000000001
101100000000000001010100101011110100,7552,11.90287325237987,11.416961022735999,1.3877787807814457E-16,1.0
100100001000000000100100001010010101,6642,0.5691861938169835,-0.1649330116031683,0.20000000000000015,1.0
100100001000000100000100011000010101,4104,0.22688074920695528,-0.6800414498962586,0.6000000000000001,1.0
100010011001000000000100001110000101,4260,0.5720242080075966,-0.1745092312898242,0.20000000000000015,1.0
100100001010000000000100001010010101,6310,0.03975882230094612,-0.7287036029625051,1.0,1.0
100010001000000000000100011110000101,3262,0.22196754223349915,-0.6749707195759374,0.6000000000000001,1.0
100100001000000000000100001010010101,9952,0.049698527876182653,-0.8028460464800199,1.0,1.0
101100001100000001010101011110011101,1822,11.90072132972252,11.395769948693541,1.3877787807814457E-16,1.0
100100001000000000000001101010001101,6170,0.02336268418401878,-0.6200571139865847,1.0,1.0
100010001000000000000100001010010101,3642,0.05430902662140502,-0.8599205865286285,1.0,1.0
101010001000000001000100001010010101,6150,0.03718127421479807,-0.7239677883528388,1.0,1.0
101000001110000001000100001010010101,1962,0.01987941115047306,-0.6150959726776001,1.0,1.0
101100001000000001000101001010001101,6334,0.0831753257549398,-0.5294312413293498,1.0,0.8
100100001000000000000100001010010101,7070,0.049698527876182653,-0.8028460464800199,1.0,1.0
100100001000001000000101101010001101,9120,0.08894918756002906,-0.4958370517670381,0.8,1.0
100100001000000000000100001010010111,2748,0.5778235689020864,-0.34179254562323835,0.20000000000000015,1.0
101100011000000001000100001010010101,5594,11.920235032226191,11.298138651875119,1.3877787807814457E-16,1.0
101100001000001001000100001110000101,5944,0.08894918756002906,-0.4958370517670382,0.8,1.0
100010000000000000000100001010010100,2144,0.21642301640880865,-0.6203456546089594,1.0,0.6000000000000001
100000001000000000000100001000000101,5686,11.959926484553876,10.716789229651916,1.0,1.3877787807814457E-16
101000011000010001100100001011010111,9112,11.91302008563995,11.339046191782094,1.3877787807814457E-16,1.0
101101001000010001010100001010010101,7420,11.916228735535801,11.450626877231246,1.3877787807814457E-16,1.0
100100001000000000000101101010001101,7616,0.02981911672570959,-0.6670974743304074,1.0,1.0
100100001000000000000100001010010101,8820,0.049698527876182653,-0.8028460464800199,1.0,1.0
100100001000000000000100001000000101,4100,0.3614119024974132,-0.7097124318807841,1.0,0.40000000000000013
100100001000000000000100001000000101,5730,0.3614119024974132,-0.7097124318807841,1.0,0.40000000000000013
100100001100000000000100011010010101,5610,0.3482417250503634,-0.4427351867000296,0.40000000000000013,1.0
101100001000010001000100001000010101,7354,0.3183344176545011,-0.316640966173572,0.40000000000000013,1.0
101000001110000001000100001010010101,8092,0.01987941115047306,-0.6150959726776001,1.0,1.0
100100001000100000000100001010010101,8398,0.2022710377425432,-0.4963797218971969,0.6000000000000001,1.0
110110011111101000100001111100001101,0,11.913426648551381,11.402087359662495,1.3877787807814457E-16,1.0
101000001110000001000100001010010101,9602,0.01987941115047306,-0.6150959726776001,1.0,1.0
001100001000000001000100001010010001,9306,0.014162981586294431,-0.563444446752398,1.0,1.0
101100001000000001000100001010010101,5182,0.02981911672570959,-0.6670974743304074,1.0,1.0
101100001000000001000101101010101101,8704,0.18556888411252132,-0.42960736432749524,0.6000000000000001,1.0
000010001000000000101101101010001001,3522,11.89676828241773,11.399850085313268,1.3877787807814457E-16,1.0
101100001000000001100100001110000101,5792,11.920235032226191,11.298138651875119,1.3877787807814457E-16,1.0
110110000010000010000100001110110100,430,11.936616727615956,11.226379900034676,1.3877787807814457E-16,1.0
101000001110000001000100001000010101,3104,0.02981911672570959,-0.6670974743304072,1.0,1.0
001100101000000001000110001010010001,3492,11.909526495691196,11.324740256364128,1.3877787807814457E-16,1.0
101010001000000001000100001110000101,9086,0.03718127421479806,-0.7239677883528386,1.0,1.0
100100001000000000000100111110000101,6928,0.3482417250503634,-0.4427351867000295,0.40000000000000013,1.0
101100011000000001000100011010010101,2500,11.925982598917143,11.277248466811042,1.3877787807814457E-16,1.0
101100001000000001000100001000000101,3664,0.20835782620785728,-0.6276010231863594,1.0,0.6000000000000001
101010001000000001000100001010010101,2000,0.03718127421479807,-0.7239677883528388,1.0,1.0
100010001000000000000100001110010101,1064,0.05194963960473695,-0.7935965353480864,1.0,1.0
101100101100000001000100001110000111,8372,11.919914230098948,11.277377538652399,1.3877787807814457E-16,1.0
100100001000010000000100101000010101,8994,0.3362229574008132,-0.3800472249927201,0.40000000000000013,1.0
101010001000000001000100000010000101,1876,0.15081698620082018,-0.6229726458092965,1.0,0.7000000000000001
111100001000000001000101000111001111,1168,11.919765699421173,11.24444635971904,1.3877787807814457E-16,1.0
100110001000010000000100001100000101,1116,11.937017628065826,11.160407806467312,1.3877787807814457E-16,1.0
101100001000001001001101001000011101,3674,11.906419836672656,11.424688052906012,1.3877787807814457E-16,1.0
000000111100011010111101111110111001,0,11.921327056829027,11.545711024088675,1.3877787807814457E-16,1.0
101000001000000001000101001010011101,6604,0.0831753257549398,-0.5294312413293499,1.0,0.8
100010001000000000000100101011100101,2492,0.35198245097331055,-0.4887845661431636,0.40000000000000013,1.0
100100001000000010000100101010010101,7756,0.044958690564969664,-0.6891605148551823,1.0,1.0
100100001000000000000100000000010101,8160,0.17458318044935434,-0.7414981516163526,1.0,0.7000000000000001
100100011000000000000100001010010101,8344,11.938218508452179,11.204099303032027,1.3877787807814457E-16,1.0
101100001110100001000100001010010101,5980,0.30459346561478096,-0.21201495356251215,0.40000000000000013,1.0
101100001000000001000100001010010111,5740,0.56251040728778,-0.21654040507784056,0.20000000000000015,1.0
100010001100000000000110011010010101,2552,11.949058662002342,11.058263488165565,1.3877787807814457E-16,1.0
100100001010000010000101001110111111,128,11.926095191923968,11.251867222291974,1.3877787807814457E-16,1.0
101100001000000001000101101010011111,2914,11.915333264656896,11.27504823443428,1.3877787807814457E-16,1.0
101000001110100001001101000010011101,5058,0.5741611265369843,0.14672068882190947,0.20000000000000015,1.0
101100001000000001000101111010001101,6818,0.0918648316562964,-0.5233114167837202,0.8,1.0
011010110010110011100110011010100010,112,11.908904310260025,11.373814989099834,1.3877787807814457E-16,1.0
100000100111000000000100001011000100,1248,0.17490884131295598,-0.3191560320054027,0.6000000000000001,1.0
000010011111101010011100000000010011,0,11.898424027029181,11.485178257967021,1.3877787807814457E-16,1.0
000110001000000100000100001110110001,614,0.3485226384167185,-0.3914520844695987,0.40000000000000013,1.0
101000001110000001000100001100000101,6100,0.02981911672570959,-0.6670974743304072,1.0,1.0
001100101000000001000100101000010001,7248,0.08120478885673105,-0.41286008446162764,0.8,1.0
101100001110000011000100001000010101,6618,0.09965772409502409,-0.5224386562560481,0.8,1.0
101000001110000001000101011010001101,5068,0.08417215536092992,-0.5125080074323725,0.8,1.0
101100001000000001000100001011000111,8484,0.33673791053979424,-0.44231290182582633,0.40000000000000013,1.0
101100001000000001000101001110011101,4552,0.009441987724196266,-0.5449619390846637,1.0,1.0
100010001000000000000100001110010101,6854,0.05194963960473695,-0.7935965353480864,1.0,1.0
100100101000000000000100001000010101,8452,0.11837588414946287,-0.6499840479750288,0.8,1.0
100100001000000000000100001110000101,5714,0.12238103763222494,-0.7301635367239776,1.0,0.8
101010001000000001000100001100010101,7624,0.043757810178616234,-0.7328520114198976,1.0,1.0
111110001000000001000100110110000101,1718,11.934050731942952,11.20661604078587,1.3877787807814457E-16,1.0
101100001000000001000100001111010101,6110,0.09965772409502409,-0.5224386562560481,0.8,1.0
111100001000000011000100001010010101,8264,0.20317564016174464,-0.5329410950421444,0.6000000000000001,1.0
100100001000000000000111101010001101,3600,0.56251040728778,-0.21654040507784023,0.20000000000000015,1.0
101100001010000001000100001010010101,3872,0.01987941115047306,-0.6150959726776001,1.0,1.0
101000101011011011010100001110010101,708,11.928186820836357,11.522307107305702,1.3877787807814457E-16,1.0
101010001000001011000100000010010101,4722,0.5426752209522266,-0.03151006076221774,0.20000000000000015,1.0
101100001000000001000100001110000101,9466,0.02981911672570959,-0.6670974743304074,1.0,1.0
101000001000000011000000001100000101,1550,0.2014305884882954,-0.5167586844039417,1.0,0.6000000000000001
101110011000000001010100001000010101,5730,11.923105865228452,11.313444921720379,1.3877787807814457E-16,1.0
101110001000100001000100001010010101,5248,0.32276333428881276,-0.29536302265636477,0.40000000000000013,1.0
001100001000000001000100001000010001,7252,0.10100847292863113,-0.5545835485689378,1.0,0.8
100000001110100000000101001110001101,2928,0.07914028869688446,-0.45809801320886445,0.8,1.0
100100001000000000000100101000010101,8722,0.056651926345177676,-0.8109880332002102,1.0,1.0
101100001000000001000100001010010101,3762,0.02981911672570959,-0.6670974743304074,1.0,1.0
100100001000010000010110001001010101,8032,11.92720012266887,11.240003112550847,1.3877787807814457E-16,1.0
001010001000000001000100001000010001,8852,0.15468814434866662,-0.5890314707192881,1.0,0.7000000000000001
101100001000000101000100001110000101,9896,0.10824849050853781,-0.608062973410106,0.8,1.0
100100001000000000000100001010010101,4646,0.049698527876182653,-0.8028460464800199,1.0,1.0
110110000000000000000100000110110100,474,0.216320523246114,-0.5470081429872973,0.6000000000000001,1.0
100100001000010000000100001010010101,6796,0.5540466199777234,-0.1428699710783935,0.20000000000000015,1.0
101100001000000001000101101010011101,2276,0.009441987724196273,-0.5449619390846638,1.0,1.0
000100001000000000000100001010010001,8296,0.20887550697115048,-0.5410061995142365,1.0,0.6000000000000001
100100000010000000000101101010001100,1004,0.0,-0.5114106250106644,1.0,1.0
101100001000001001000100001010010111,6232,11.920985531728233,11.249051475254884,1.3877787807814457E-16,1.0
101000011110000001100100001010010101,7130,11.909677509554681,11.376389431745823,1.3877787807814457E-16,1.0
101100001000000001000100001110010101,2616,0.028325963172588828,-0.62726605832498,1.0,1.0
101010001001000001000101001010011111,5586,0.552777245455732,-0.1360335570670218,0.20000000000000015,1.0
111100001000000001000100001110010101,8188,0.20317564016174464,-0.5329410950421445,0.6000000000000001,1.0
101000001010000011000000101110100101,732,0.3192925301152549,-0.2709604584424355,0.40000000000000013,1.0
101100001000100001000101001110001101,2154,0.16973768213456966,-0.33135336286352834,0.6000000000000001,1.0
100110001000000000000100001000000101,3966,0.2292594650369757,-0.7826423661793029,1.0,0.6000000000000001
100100001110000000000100001100010101,4138,0.11764120032101195,-0.61647800509914,0.8,1.0
101000001100010001000100001110000101,932,0.5341672088272503,-0.04638792459363794,0.20000000000000015,1.0
001010001000000111000100011010010001,8430,0.5614476727270188,-0.11608766179184427,0.20000000000000015,1.0
101010001000000001000100001010010101,8920,0.03718127421479807,-0.7239677883528388,1.0,1.0
100100001000000000000101001010011101,6238,0.02981911672570959,-0.6670974743304074,1.0,1.0
101100001000000001000100001010010101,8034,0.02981911672570959,-0.6670974743304074,1.0,1.0
101001001110000001000100001010010101,8332,0.29845500650402806,-0.23367923766345816,0.40000000000000013,1.0
101110001000000001000100001011010101,1404,0.10676770239686698,-0.5727386875629445,0.8,1.0
001100001000000001000100001010010001,6638,0.014162981586294431,-0.563444446752398,1.0,1.0
101100001000000001000101101010001101,4322,0.009939705575236527,-0.5706154278456519,1.0,1.0
100100001000000000000101001010011101,6868,0.02981911672570959,-0.6670974743304074,1.0,1.0
101100001000000001000101101010001101,8482,0.009939705575236527,-0.5706154278456519,1.0,1.0
100000001110000000000100001010010101,4178,0.20614538451321335,-0.5623170407502379,1.0,0.6000000000000001
100100001100000110000101101010001101,9460,0.19910934324220067,-0.44962478886390034,0.6000000000000001,1.0
101100001000000001000100001000010101,5338,0.03975882230094612,-0.7287036029625051,1.0,1.0
100000001010000000000100001110000101,830,0.20835782620785728,-0.6276010231863594,1.0,0.6000000000000001
100100001000000000000100001000010101,9848,0.059638233451419186,-0.8937847873379051,1.0,1.0
100010001000000000000100101000010101,8086,0.09445958695136397,-0.8310030219408935,1.0,0.9
100010001000000000000100001010110101,2168,0.12826348977727423,-0.7686747720321624,0.8,1.0
101100001000000001000000111101000101,7938,0.2032803492278782,-0.4533548905236243,0.6000000000000001,1.0
101100001110000001100110101110010101,2560,11.918717563100616,11.330535385228854,1.3877787807814457E-16,1.0
100100001000000000000100001010010101,8902,0.049698527876182653,-0.8028460464800199,1.0,1.0
100100011000000000100100001010010101,4152,11.93430404705589,11.276254915559132,1.3877787807814457E-16,1.0
100100001000000000000100001000010101,6858,0.059638233451419186,-0.8937847873379051,1.0,1.0
100100001110100000000100101110000101,9462,11.916878163520158,11.33780306844266,1.3877787807814457E-16,1.0
100100001000000000000100000010010101,3476,0.11940787812407987,-0.6878429130754004,1.0,0.8
100010001000000000000100001000010101,2608,0.09719102074521484,-0.914710810471064,1.0,0.9
101100001000000001000100001110000101,3774,0.02981911672570959,-0.6670974743304074,1.0,1.0
001000001100010101111101101110011011,560,11.914002732492218,11.487523165955068,1.3877787807814457E-16,1.0
100100001000000000000100001000010101,8810,0.059638233451419186,-0.8937847873379051,1.0,1.0
101110001000000011000100001000010101,2838,0.11461846534962228,-0.6173159500985304,0.8,1.0
101100001000000001000101101010111101,3496,0.18477022894758124,-0.40518236035309685,0.6000000000000001,1.0
101010001000000001000100001110010101,4810,0.03556598075249552,-0.6807454831661484,1.0,1.0
101010001000000001000100001010010101,5542,0.03718127421479807,-0.7239677883528388,1.0,1.0
100010001000000000000100001110010101,1220,0.05194963960473695,-0.7935965353480864,1.0,1.0
100010001000000000000101101010001101,2346,0.03718127421479806,-0.7239677883528386,1.0,1.0
101100001000000001000110001010010101,3902,0.56251040728778,-0.21654040507784034,0.20000000000000015,1.0
100010001001000000000100001000000101,6228,0.17904937281401584,-0.832852458402263,1.0,0.7000000000000001
100000000010111110100000000110000110,0,11.978675869094003,11.560161796546279,1.3877787807814457E-16,0.8
100000001000000000000100001110000101,7590,0.2188506422067548,-0.7219636845940995,1.0,0.6000000000000001
101110010011110111000101001111001110,384,11.89710094839511,11.454059152055649,1.3877787807814457E-16,1.0
100110001000001000000100001010010101,7726,0.3389688861453359,-0.3784112251430812,0.40000000000000013,1.0
100010001000000000000101101010001101,5302,0.03718127421479806,-0.7239677883528386,1.0,1.0
100100001000000100010100001110000101,2836,0.20690044185357503,-0.510479669434842,0.6000000000000001,1.0
100010001110000000000101001010011101,5454,0.19376071353864205,-0.46917018555015333,0.6000000000000001,1.0
100100001000000000000100001011100101,7412,0.21833620181700417,-0.627209973135819,0.6000000000000001,1.0
100010001100000000000100001110010101,1012,0.12246922830237761,-0.6685076834480154,0.8,1.0
101010001110000011000110001011010101,2788,11.926095191923968,11.251867222291974,1.3877787807814457E-16,1.0
100100001000101000000101101010001101,8394,0.527293809621134,0.027240541679415364,0.20000000000000015,1.0
100100001000000000000100001000010101,5482,0.059638233451419186,-0.8937847873379051,1.0,1.0
011011011101101001100101101110011011,0,11.895040316825707,11.456237595714068,1.3877787807814457E-16,1.0
101100101000000001000000111010010101,6478,0.31604240329923766,-0.2351472671221198,0.40000000000000013,1.0
111100001000001011000110001010010101,2882,11.927091249871143,11.219818455177965,1.3877787807814457E-16,1.0
100010001000000000000100001010010111,3218,0.5810624570337961,-0.3857394005398187,0.20000000000000015,1.0
100100001110000000000100000010010101,2772,0.10568221512333174,-0.5615268931609338,0.8,1.0
101010001010000001000100001111000101,994,0.1000566610824171,-0.5628742380063783,0.8,1.0
101100001000000001000110001000010101,7118,0.34439449134694744,-0.5000571522414445,0.40000000000000013,1.0
101010001000000001000100101010010101,7626,0.03556598075249552,-0.6807454831661484,1.0,1.0
101100001000000001100100101000010101,6206,0.5585574037602714,-0.08213625746547337,0.20000000000000015,1.0
101100001000000001000101101010001101,3938,0.009939705575236527,-0.5706154278456519,1.0,1.0
100100001110000000000100101111010101,984,0.3312903898389729,-0.28112227245983673,0.40000000000000013,1.0
101110001000100001000100001001010101,5650,0.5553032373458523,-0.0797598322523021,0.20000000000000015,1.0
101000011110000001000101101010001101,9136,11.893259817887209,11.399253124068691,1.3877787807814457E-16,1.0
100100001000000000000100001000000101,5790,0.3614119024974132,-0.7097124318807841,1.0,0.40000000000000013
100000001011000110100111001011001111,530,11.930342041118426,11.227023541437301,1.3877787807814457E-16,1.0
101100001000000001000100001000010101,6824,0.03975882230094612,-0.7287036029625051,1.0,1.0
100110111001000000000100001100000101,1530,11.936324780668725,11.270374518049895,1.3877787807814457E-16,1.0
000001000011010010111001001010101010,0,11.971892863885815,11.59138555763675,1.3877787807814457E-16,1.0
111010001000000001000100001011010101,5046,0.34015633982624327,-0.44400733759226413,0.40000000000000013,1.0
101100001000000001000101101010011101,5832,0.009441987724196273,-0.5449619390846638,1.0,1.0
101100001100000001000100001010010101,6182,0.10100847292863113,-0.5545835485689377,0.8,1.0
010111010110101100010111000001001010,164,11.896948643514454,11.430539022341783,1.3877787807814457E-16,1.0
100000001111000000000101101010001101,3414,0.018883975448392567,-0.5832246426841103,1.0,1.0
101010001000000001000100001010110101,5202,0.11379545824851907,-0.6556373506272272,0.8,1.0
110110000000010010000110011010100100,166,11.939540199021542,11.148515562853486,1.3877787807814457E-16,1.0
100100001010000000000101101010001101,6174,0.019879411150473054,-0.6150959726776,1.0,1.0
101000001110100001000100001110000101,9426,0.07914028869688446,-0.45809801320886445,0.8,1.0
000110001110000000000100001100110001,544,0.34423412877032356,-0.34513839862352563,0.40000000000000013,1.0
101100001000000001000100101010000101,7474,0.02981911672570959,-0.6670974743304074,1.0,1.0
110110001000000000000110001110010101,1212,11.948451689967362,11.0524557679885,1.3877787807814457E-16,1.0
100010000000000100000101101010011100,3102,0.10512315222740379,-0.5500222006378501,0.8,1.0
101110001110000001000100001010010101,3184,0.3246894361920974,-0.30779921417529316,0.40000000000000013,1.0
100100001000000000000100001010010101,5836,0.049698527876182653,-0.8028460464800199,1.0,1.0
101000001000000001000100000110000101,5480,0.1912921386780989,-0.5026335386014087,1.0,0.6000000000000001
101000001000000011000100001010010101,4912,0.02981911672570959,-0.6670974743304072,1.0,1.0
101000001100010001000100101010010101,794,0.30789699422822436,-0.24650693258063566,0.40000000000000013,1.0
100010001100000010100100001010010101,3560,11.939219479296817,11.229613108258677,1.3877787807814457E-16,1.0
100100001000100000000100001010010101,8624,0.2022710377425432,-0.4963797218971969,0.6000000000000001,1.0
101100001100000001000100001010010101,3966,0.10100847292863113,-0.5545835485689377,0.8,1.0
100100001011000010000100001111110111,336,11.935626993194676,11.237363180981554,1.3877787807814457E-16,1.0
101010001001000001000100001010000101,1954,0.10986378397084035,-0.6512852785967963,1.0,0.8
110100001001000000000101101010001101,7102,0.3352440844535055,-0.4008726507503834,0.40000000000000013,1.0
101000011110000001010100001010010101,9054,11.899109048260636,11.399889824579857,1.3877787807814457E-16,1.0
101100001000000001000100001010010101,5194,0.02981911672570959,-0.6670974743304074,1.0,1.0
100100001110000000000100001010010101,3482,0.1104504606528274,-0.605819721740706,0.8,1.0
100100001000000000000100001000010101,8648,0.059638233451419186,-0.8937847873379051,1.0,1.0
100100001000000000000100001010010101,5012,0.049698527876182653,-0.8028460464800199,1.0,1.0
001000001010000011001100001111010001,846,0.5488540407532224,0.11739846128382309,0.20000000000000015,1.0
101010001000000001000101101010001101,4502,0.020053521808191095,-0.6251344947560631,1.0,1.0
101100001000000101001100001010010101,6198,0.543409825152268,-0.07176642328774863,0.20000000000000015,1.0
100100001000000000100100001010010101,3710,0.5691861938169835,-0.1649330116031683,0.20000000000000015,1.0
101010001000000001000100011011010111,9384,11.937533882165159,11.14951710982552,1.3877787807814457E-16,1.0
100010001000000000000100001010010101,9910,0.05430902662140502,-0.8599205865286285,1.0,1.0
000110101100000010000101101111001011,314,11.914002732492218,11.376653118030479,1.3877787807814457E-16,1.0
101000001110000011000100001010010101,9014,0.018883975448392546,-0.5832246426841103,1.0,1.0
101100001000000001000101101110011101,8388,0.08167424786903624,-0.45098204661077546,0.8,1.0
101001001100000011000100001000010101,9124,0.3173389819524206,-0.2847696361800823,0.40000000000000013,1.0
101100001000000001000100001010010101,6966,0.02981911672570959,-0.6670974743304074,1.0,1.0
111010001100000001000101101010001101,1680,0.552777245455732,-0.1360335570670217,0.20000000000000015,1.0
000000010010101110001001010010111010,166,11.915732058963549,11.519704809839249,1.3877787807814457E-16,1.0
100010001000000010000100101000010101,7170,0.13031999125513294,-0.7279040691738523,0.8,1.0
101100001000000011000000001010000101,8750,0.189749246396286,-0.4536705517743175,1.0,0.6000000000000001
100100001000000000000100001000010101,9956,0.059638233451419186,-0.8937847873379051,1.0,1.0
101010001000000001000100001110000101,1786,0.03718127421479806,-0.7239677883528386,1.0,1.0
101100001100000001000100001000010101,9498,0.1104504606528274,-0.6058197217407059,0.8,1.0
101000001010000001000100001010010101,8742,0.09366814175383732,-0.5821824666148361,1.0,0.8
101000001011000011000100001100010111,748,0.5596349572177499,-0.1406966896120312,0.20000000000000015,1.0
101100001000000001000101001111001101,4534,0.009441987724196266,-0.5449619390846637,1.0,1.0
101100001000000001000101001110001101,4478,0.009939705575236527,-0.5706154278456519,1.0,1.0
101010001000000001000100001110000101,6400,0.03718127421479806,-0.7239677883528386,1.0,1.0
100011001000000000000100001010010101,7792,0.10986378397084036,-0.6512852785967965,0.8,1.0
101010001000000001000100101010010101,7806,0.03556598075249552,-0.6807454831661484,1.0,1.0
100100001000000000000101101010001101,9588,0.02981911672570959,-0.6670974743304074,1.0,1.0
001110001110000001100100001010010011,4338,11.917477632214853,11.33273250155482,1.3877787807814457E-16,1.0
100100001110000000000100001010110101,8950,0.2083225178058472,-0.5236118976423055,0.6000000000000001,1.0
100100001000000000000100001111010101,2724,0.11764120032101194,-0.6164780050991399,0.8,1.0
100100001000000000000100001010010101,3214,0.049698527876182653,-0.8028460464800199,1.0,1.0
100100001000000000000100001110000101,2412,0.12238103763222494,-0.7301635367239776,1.0,0.8
110100001110100000000100101110000101,9472,11.925937481272976,11.268388600429835,1.3877787807814457E-16,1.0
100100001110000000000001101010001101,4964,0.08368241154513875,-0.4657439722312957,0.8,1.0
100100001000001000000101001110011101,8422,0.18184889647336264,-0.37706224454794846,0.6000000000000001,1.0
001000001110000001000100001010010001,1522,0.16638656221226725,-0.34502406279839715,1.0,0.6000000000000001
001100011010010001000100001010010001,1360,11.917886355388418,11.486430775919018,1.3877787807814457E-16,1.0
100100001000000000000100001000010101,8068,0.059638233451419186,-0.8937847873379051,1.0,1.0
100100001001000000000100001110000101,4278,0.0472099386209814,-0.7388530201040999,1.0,1.0
100100001000000000000100001110000101,9654,0.12238103763222494,-0.7301635367239776,1.0,0.8
100100001000000010000100001010000101,4292,0.21608509008844987,-0.6364594842677527,1.0,0.6000000000000001
001100001000000001000101001110001001,4328,0.08684549134233671,-0.39549239002952047,1.0,0.8
101010001000000001000100000010010101,5012,0.06715348639222582,-0.650809167021855,1.0,0.9
101100001001000101000101001010011101,8776,0.18477022894758124,-0.40518236035309674,0.6000000000000001,1.0
101100000000000001000100001100100100,1548,0.15246991187117465,-0.5364877745752645,1.0,0.7000000000000001
101100001000000001000101101010001101,5062,0.009939705575236527,-0.5706154278456519,1.0,1.0
101000001100000001000100001110000101,2238,0.029819116725709582,-0.6670974743304072,1.0,1.0
110110001000000000000100001110000101,768,0.2212394866529795,-0.6816554473748574,0.6000000000000001,1.0
100100001010000000000100011010010111,5934,11.941536946768673,11.101511896076095,1.3877787807814457E-16,1.0
101100001000000001000101001110101101,9534,0.0918648316562964,-0.5233114167837202,0.8,1.0
101010001000001001000101101010001101,9786,0.17485316020515337,-0.3821999198622055,0.6000000000000001,1.0
100000101110100000000100001010010101,7084,0.5369752998904631,-0.005241070858785224,0.20000000000000015,1.0
101100001000000001000100000110010101,3776,0.021999803578192964,-0.582406085387267,1.0,1.0
101100101000000001100101101010001101,9334,11.896295145143544,11.42600383634467,1.3877787807814457E-16,1.0
101000001100000001000100001010010101,1484,0.02981911672570959,-0.6670974743304072,1.0,1.0
101100001010000001000100000010000101,1918,0.17883935044518307,-0.4383924802817609,1.0,0.6000000000000001
100100001000100000000101101010001101,2444,0.31472168430801484,-0.2700645550190523,0.40000000000000013,1.0
101100001000000001000100001000010111,5904,0.34439449134694744,-0.5000571522414443,0.40000000000000013,1.0
101010110010111101111101101100011110,386,11.925657555486953,11.534176489505711,1.3877787807814457E-16,1.0
100110001110100110000100001110000101,1030,11.927614000445807,11.294435787153152,1.3877787807814457E-16,1.0
010110101010101010100100001110000001,1016,11.902531981435446,11.429478862708953,1.3877787807814457E-16,1.0
101000001110000001000100001010010101,4422,0.01987941115047306,-0.6150959726776001,1.0,1.0
101100001000000011100100001010010111,6894,11.927385666194033,11.257354366558191,1.3877787807814457E-16,1.0
100100001000001000000101101010001101,3676,0.08894918756002906,-0.4958370517670381,0.8,1.0
101100001000000001000100001010010101,4296,0.02981911672570959,-0.6670974743304074,1.0,1.0
100100001000000000000100001010010101,4272,0.049698527876182653,-0.8028460464800199,1.0,1.0
101000001000000001000100001100000101,1414,0.20835782620785728,-0.6276010231863594,1.0,0.6000000000000001
100010001000000000000100001100000101,2272,0.1355554125807508,-0.876346418635528,1.0,0.8
101010001000000001000101101000011101,3280,0.06169226924688115,-0.6012386298419142,1.0,0.9
100100001000000000000110000010010101,8486,0.35035515676228335,-0.5388950854343975,0.40000000000000013,1.0
100110001001000000000100011010010101,8044,0.21800680733876868,-0.5764756876798884,0.6000000000000001,1.0
011001111011010011010010010001000011,0,11.895261626739162,11.428148269473017,1.3877787807814457E-16,1.0
100000001100000000000100001010010101,3460,0.21608509008844987,-0.6364594842677527,1.0,0.6000000000000001
101010001000000001000100011110010111,6038,11.937533882165159,11.14951710982552,1.3877787807814457E-16,1.0
101100001000000001100100001110000101,5710,11.920235032226191,11.298138651875119,1.3877787807814457E-16,1.0
001001010101110111111001001110111010,170,11.951086059577154,11.589083769000148,1.3877787807814457E-16,1.0
000010001000000000000100001100010001,4494,0.1306978805947811,-0.7239862793976389,1.0,0.8
101000101110000001000100001000010101,4532,0.182653240016254,-0.40213299931081326,0.6000000000000001,1.0
101000001110000001000100001010010101,8820,0.01987941115047306,-0.6150959726776001,1.0,1.0
101100001000000001000100001000010101,5868,0.03975882230094612,-0.7287036029625051,1.0,1.0
101000001110000001000100001000010101,7510,0.02981911672570959,-0.6670974743304072,1.0,1.0
100100001110000000000100001000010101,8934,0.11989244837702369,-0.6661705103480576,0.8,1.0
001100001000000011000100001010010001,4568,0.013173511835160474,-0.5295657857298525,1.0,1.0
100100001000000000000100001000010101,9798,0.059638233451419186,-0.8937847873379051,1.0,1.0
101100001000000001000100001010010101,6284,0.02981911672570959,-0.6670974743304074,1.0,1.0
100100001000000000100100001010010101,2520,0.5691861938169835,-0.1649330116031683,0.20000000000000015,1.0
100010001000100000000100001001010111,9632,11.945406129064622,11.10685023570536,1.3877787807814457E-16,1.0
100111101100000000001100001110110101,484,11.908319826278149,11.371322909719222,1.3877787807814457E-16,1.0
101000001000000011000000001100000101,1506,0.2014305884882954,-0.5167586844039417,1.0,0.6000000000000001
101100001000000001000100101010010101,5722,0.028325963172588835,-0.62726605832498,1.0,1.0
100100000000000000000100001000010100,6584,0.2824244230931635,-0.5852155364522243,1.0,0.5000000000000001
111100001000000001000100001010010101,4784,0.2046694662480334,-0.5743813461175871,0.6000000000000001,1.0
101100001000000001000101001010011101,8244,0.009939705575236527,-0.5706154278456519,1.0,1.0
111101111010111001000011011011101101,234,11.904785306464962,11.448611406318696,1.3877787807814457E-16,1.0
101100001100000011100100000110000101,1602,11.911982937603895,11.385047446899605,1.3877787807814457E-16,1.0
101100001000000001000100011010010101,7278,0.20195254296476273,-0.5143589209538811,0.6000000000000001,1.0
100010001000000000000100001000010101,5014,0.09719102074521484,-0.914710810471064,1.0,0.9
101000001100000001000100001110010101,782,0.028325963172588835,-0.62726605832498,1.0,1.0
100001001110000000101100001011100101,2102,11.903371713328669,11.37014754077017,1.3877787807814457E-16,1.0
100110001000000000000100000110000101,976,0.12257041851995637,-0.6863101824569435,1.0,0.8
101100001010100001000100001110010101,1838,0.1725250213230201,-0.344083397854273,0.6000000000000001,1.0
100100001000001000000100001000010101,3716,0.2120799366056878,-0.5562799955188039,0.6000000000000001,1.0
100100001000000000000100001010010101,2984,0.049698527876182653,-0.8028460464800199,1.0,1.0
101100001110000001000100101110010101,8102,0.183551512466396,-0.3689372650458701,0.6000000000000001,1.0
111110110000111001100110100010000110,0,11.900106636650946,11.41335436110775,1.3877787807814457E-16,1.0
101100001000000001000100001010010101,4036,0.02981911672570959,-0.6670974743304074,1.0,1.0
101000000000000001000100001110000100,1398,0.24108565836229232,-0.3829388795889489,1.0,0.5000000000000001
101000001110000001000100000000010101,6990,0.05768080210452512,-0.5857389960660783,1.0,0.9
101010001000100001000100001110000101,7168,0.1917863561909257,-0.4559032117853544,0.6000000000000001,1.0
001100011010000011000100001110010001,792,11.893259817887209,11.456412354875866,1.3877787807814457E-16,1.0
010001010010111100111101001110111010,104,11.924908878021993,11.52210604162063,1.3877787807814457E-16,1.0
101100001000000001000110001110000101,7044,11.931542721922975,11.152491909557355,1.3877787807814457E-16,1.0
101000101010000011000100010111010101,452,11.90166168971359,11.40525768682858,1.3877787807814457E-16,1.0
100100001000000000000100001000010101,2712,0.059638233451419186,-0.8937847873379051,1.0,1.0
110110001001111110001001100001001111,196,11.903669312247688,11.391209884868323,1.3877787807814457E-16,1.0
111000001100000011000100111010010111,9416,11.936552657501888,11.169947203527716,1.3877787807814457E-16,1.0
101100001000000001000101101010001101,5140,0.009939705575236527,-0.5706154278456519,1.0,1.0
100000001000000000000100001110000101,5864,0.2188506422067548,-0.7219636845940995,1.0,0.6000000000000001
101010001000000001000100001010010101,8378,0.03718127421479807,-0.7239677883528388,1.0,1.0
101010001000000001000101101010011101,5648,0.019182321900254106,-0.5959939265397625,1.0,1.0
101000001010000011100100001110000101,858,11.911243294113197,11.336148916039862,1.3877787807814457E-16,1.0
001010001000000001000100001010010001,9298,0.026986894522177122,-0.6389929830975298,1.0,1.0
111000001010000011000100001111000101,580,0.32788626886361,-0.35781760380786337,0.40000000000000013,1.0
101110100000110111011010101101110110,604,11.898132079721535,11.432034914252103,1.3877787807814457E-16,1.0
101000001000000001000100000010010101,2880,0.14108204645513905,-0.5528436308243686,1.0,0.7000000000000001
101100001000000011000100101010010101,5384,0.026975214338981802,-0.5951211660120904,1.0,1.0
101100101000001011000100001010010101,3934,0.5271440622375543,0.04343609083991551,0.20000000000000015,1.0
100010001100000000000100001010010101,3280,0.12463214936077924,-0.7209140255920441,0.8,1.0
111000001110000001000110001010010101,7556,11.930618182585956,11.144729006315558,1.3877787807814457E-16,1.0
101000001110000001000100001010010111,2136,0.5548538264806268,-0.16658447232124785,0.20000000000000015,1.0
101100001000000001000100001110000101,4674,0.02981911672570959,-0.6670974743304074,1.0,1.0
100010001000000000001100001110010101,1134,0.33402098725652357,-0.3822904766621203,0.40000000000000013,1.0
101000000110001101000100001010010100,5290,0.5242275032520138,0.04538061196032106,0.20000000000000015,1.0
101100001000000001000100001011010101,9064,0.10100847292863113,-0.5545835485689377,0.8,1.0
000010000100110110001011100111001010,304,11.905939311492777,11.479281137583984,1.3877787807814457E-16,1.0
101010101000000001000100001010010101,2294,0.09808230373470077,-0.5496072642415794,0.8,1.0
101100001000000001000100001000010101,9808,0.03975882230094612,-0.7287036029625051,1.0,1.0
100010001010000000000110001110000101,1524,11.943281369457551,11.049955781167663,1.3877787807814457E-16,1.0
101100001000000001000100000010010101,5206,0.023362684184018788,-0.6200571139865847,1.0,1.0
100100001000000000000100000010010101,4526,0.11940787812407987,-0.6878429130754004,1.0,0.8
101000001110000001000100000011010101,9242,0.08368241154513878,-0.4657439722312958,0.8,1.0
100010001000000000000100011010000101,2546,0.13048087565074845,-0.8361350703007787,0.8,1.0
101000011000000001000100001010010101,9428,0.5525534664246027,-0.10303855507296611,0.20000000000000015,1.0
101000001010000001000101101010001101,4258,0.07268250975604229,-0.48454499076492463,1.0,0.8
100010001000000000000100001010010101,2806,0.05430902662140502,-0.8599205865286285,1.0,1.0
011100100000100001111011010110001010,0,11.92020322391906,11.504800594601285,1.3877787807814457E-16,1.0
100010001000000000000100001000010101,2566,0.09719102074521484,-0.914710810471064,1.0,0.9
101000001010000011000011111101011111,570,11.922451862414372,11.277500382472917,1.3877787807814457E-16,1.0
000100001000000000000101101010001001,9222,0.014162981586294417,-0.563444446752398,1.0,1.0
100100001000000000000100001110100101,7174,0.12463214936077924,-0.720914025592044,0.8,1.0
100100011000000000000100001010010101,2702,11.938218508452179,11.204099303032027,1.3877787807814457E-16,1.0
100010001000000000000100000110000101,1370,0.12517012128415095,-0.7544359247940405,1.0,0.8
100100001010000000000100001000010101,5316,0.049698527876182653,-0.8028460464800199,1.0,1.0
100010001000000000000100001000010101,8080,0.09719102074521484,-0.914710810471064,1.0,0.9
100100000000000000000101101010001100,9478,0.014162981586294417,-0.563444446752398,1.0,1.0
100100001010000000000101001010011101,8858,0.019879411150473054,-0.6150959726776,1.0,1.0
010011111111011000010110100011010011,364,11.894862528103639,11.435297813808386,1.3877787807814457E-16,1.0
100010001000000000000100001010000101,8348,0.1295754315102834,-0.8738730162920946,1.0,0.8
100100001000000000000000001000000101,9300,0.45442300012483217,-0.5897692858530919,1.0,0.30000000000000016
101010001001000001000100001010010101,3120,0.03556598075249552,-0.6807454831661484,1.0,1.0
101000001110000011000100010010000101,1196,0.09455211248373002,-0.5244147101996177,0.8,1.0
111100001000000001000100001110000101,7914,0.2046694662480334,-0.5743813461175871,0.6000000000000001,1.0
000110000110010110101100001110110000,506,11.893449310027803,11.474064168992676,1.3877787807814457E-16,1.0
101010011000000001000100001110000101,4834,0.5583126958928385,-0.12119369406697278,0.20000000000000015,1.0
100010001001000000000100001111000101,2638,0.049786718546335325,-0.7411901932040577,1.0,1.0
101010001010001001000100001010010101,3026,0.5411606992377862,-0.05889091968618965,0.20000000000000015,1.0
101010001000000001001101101010001101,7520,0.527153272653598,-0.02581703062152174,0.20000000000000015,1.0
101110101100000001000110001010010101,2014,11.924762271472588,11.261832193315561,1.3877787807814457E-16,1.0
101000001110000001000100001010000101,4840,0.09366814175383731,-0.582182466614836,1.0,0.8
101110001000010001000100001110000101,8234,11.912442139787464,11.297265891347447,1.3877787807814457E-16,1.0
100010001000000010000100001111110101,1384,0.5740717813873099,-0.18158523608567878,0.20000000000000015,1.0
100100001100000000000100101010010101,1878,0.11764120032101195,-0.61647800509914,0.8,1.0
100100001000011000010101001010011101,7840,11.909556492056748,11.45058670003701,1.3877787807814457E-16,1.0
110100001000010000000100001010010101,1600,11.931542721922975,11.152491909557355,1.3877787807814457E-16,1.0
101100001000000001000100001110000101,1608,0.02981911672570959,-0.6670974743304074,1.0,1.0
001000001100000001001100001110010001,1070,0.31162851833918853,-0.15113189914566855,0.40000000000000013,1.0
101010001010000001000100001010010101,5928,0.10129990776753688,-0.5982484393024486,0.8,1.0
101001001110000001000100001111000111,2200,11.907975449067001,11.308936507193467,1.3877787807814457E-16,1.0
001001001110000001000100001010010001,7230,0.3267809696766169,-0.13322478010569966,0.40000000000000013,1.0
100100001000000000000100001000010101,4386,0.059638233451419186,-0.8937847873379051,1.0,1.0
101100001000100001100100001011010101,6734,11.907330624893042,11.388332329986358,1.3877787807814457E-16,1.0
101100001000000001000100001010010101,8418,0.02981911672570959,-0.6670974743304074,1.0,1.0
110100000010001010000100011110110110,360,11.932840095521453,11.242779623077856,1.3877787807814457E-16,1.0
100100001001000000000100001110000101,6888,0.0472099386209814,-0.7388530201040999,1.0,1.0
100100001000000000001100001000010101,6412,0.20614538451321335,-0.5623170407502377,0.6000000000000001,1.0
001100001000000011000101101010011001,7506,0.012313268750604322,-0.43458595590368143,1.0,1.0
101101001110010001000100001010010101,1944,11.912143793335602,11.43791680214232,1.3877787807814457E-16,1.0
100110001000000000000100001110110101,472,0.12430275488254375,-0.6701797401361135,0.8,1.0
100010001000011010101101001110001101,5294,11.90072132972252,11.438788676687732,1.3877787807814457E-16,1.0
101100001000010001000101101010001101,7002,0.5341672088272503,0.025712155009792736,0.20000000000000015,1.0
100010001100000010000100001000110101,2578,0.22472532268095047,-0.6269597873002541,0.6000000000000001,1.0
100010001110000000000100001111000101,1108,0.2083225178058472,-0.5236118976423055,0.6000000000000001,1.0
001101110111100001010101011100111000,0,11.948848975736722,11.595801641039834,1.3877787807814457E-16,1.0
100000001000000000000101101010001101,6894,0.10416095775273485,-0.6450643128962421,1.0,0.8
101010001000100001000101101010001101,8294,0.3069216044969142,-0.25013147557044463,0.40000000000000013,1.0
101010001010001001000000011110000101,2524,11.912056484911599,11.322617258496688,1.3877787807814457E-16,1.0
000010001000000000000100001111000001,962,0.11983691611634534,-0.6448299202300642,1.0,0.8
110010001000000000000101101010001101,2230,0.20959471157116805,-0.6193551652489635,0.6000000000000001,1.0
101010001000000001000100001110010101,4746,0.03556598075249552,-0.6807454831661484,1.0,1.0
100110001000001000000100101010000101,7414,0.20690044185357503,-0.5104796694348419,0.6000000000000001,1.0
100100001000000000000100001110000101,4828,0.12238103763222494,-0.7301635367239776,1.0,0.8
101100001010000001000100001110010101,4974,0.018883975448392546,-0.5832246426841103,1.0,1.0
100100001010000000000100001110110101,620,0.11461846534962228,-0.6173159500985305,0.8,1.0
111101001000000001000100000011010111,1808,11.919765699421173,11.24444635971904,1.3877787807814457E-16,1.0
100010001000000000000101110000001101,9506,0.08043524699384907,-0.715743286268752,1.0,0.9
100100001000000000000100001110010101,6398,0.0472099386209814,-0.7388530201040998,1.0,1.0
101010001110000001000100001010010101,9340,0.19376071353864202,-0.46917018555015333,0.6000000000000001,1.0
101010001000000001000100001000010101,5420,0.08006326833860787,-0.7517913264837395,1.0,0.9
101010001000000001000100001010010101,4892,0.03718127421479807,-0.7239677883528388,1.0,1.0
100100001000010000000100001011010101,5230,11.921585781059798,11.26599375956223,1.3877787807814457E-16,1.0
101101001000000001100100001000010101,5706,11.911243294113197,11.336148916039862,1.3877787807814457E-16,1.0
100100101000000000000100001000010101,9560,0.11837588414946287,-0.6499840479750288,0.8,1.0
100100001000000000000100001010010101,3764,0.049698527876182653,-0.8028460464800199,1.0,1.0
101100001000000001000101101000011101,7108,0.01888397544839256,-0.5832246426841103,1.0,1.0
010111100100011010101001010001001010,152,11.922364360203101,11.52698643258451,1.3877787807814457E-16,1.0
111000001110000001000111100110001101,2818,11.913139229037682,11.278163845209608,1.3877787807814457E-16,1.0
111111110010101011110000010100100110,0,11.894995017826897,11.470786576843349,1.3877787807814457E-16,1.0
110010001000001000000101101110101101,8898,11.929522476132377,11.225373394154746,1.3877787807814457E-16,1.0
100010001000000000000100010110000101,964,0.22061821605109702,-0.6467775972083595,0.6000000000000001,1.0
101101001000000001000001101010001101,7474,0.32181769068804683,-0.1543403719605706,0.40000000000000013,1.0
101000001110000001000100001010010101,4896,0.01987941115047306,-0.6150959726776001,1.0,1.0
101010001000000001000100001110000101,9290,0.03718127421479806,-0.7239677883528386,1.0,1.0
101000001110000001000100001010010101,7962,0.01987941115047306,-0.6150959726776001,1.0,1.0
100100001100100100100101101010011101,1634,11.914002732492218,11.376653118030479,1.3877787807814457E-16,1.0
101100101000010001000100001000010101,5642,0.530685282192856,-0.006553019712892905,0.20000000000000015,1.0
101100011000000001100100001110010101,9474,11.916858989541415,11.365709228801137,1.3877787807814457E-16,1.0
101000001110000001000100001010110101,7442,0.1000566610824171,-0.5628742380063781,0.8,1.0
000010001000000000000100001000010001,9218,0.45372029299397654,-0.49741018584756713,1.0,0.30000000000000016
101100001000000011000100001010010101,4212,0.028325963172588835,-0.62726605832498,1.0,1.0
100100001000000000000000001000010101,4210,0.17458318044935434,-0.7414981516163526,1.0,0.7000000000000001
101100001000000001000001101010001101,8704,0.0,-0.523387879643664,1.0,1.0
101010001000000001000101101010001101,5966,0.020053521808191095,-0.6251344947560631,1.0,1.0
100100001000000000000100001010110101,8954,0.12463214936077924,-0.7209140255920441,0.8,1.0
100110001000000000000100000010010101,9938,0.04988790876391407,-0.7589926922129858,1.0,1.0
101110001000000001000100001010000101,5318,0.10986378397084035,-0.6512852785967962,1.0,0.8
101010001000000001000100001110000101,2354,0.03718127421479806,-0.7239677883528386,1.0,1.0
100100001000001010010100001010010101,4794,11.914593739027293,11.351278682787806,1.3877787807814457E-16,1.0
101100001000000001000110001011010101,8500,11.930048895836686,11.193932160632798,1.3877787807814457E-16,1.0
001000001111000011000101001100001001,5668,0.0849957785066466,-0.36190344614763903,0.8,1.0
101010001000000001000100001010010101,8166,0.03718127421479807,-0.7239677883528388,1.0,1.0
100010001000000000000100001000010101,8414,0.09719102074521484,-0.914710810471064,1.0,0.9
101010001000000001000100011010010101,4082,0.20749951070474398,-0.5619332981710021,0.6000000000000001,1.0
101000001000000001000101101011001101,4328,0.08262221533127882,-0.4979329180896097,1.0,0.8
101100001000000001000100001010010101,7634,0.02981911672570959,-0.6670974743304074,1.0,1.0
100010001000000010010100001110010101,1118,0.33729967412132617,-0.3439666859917518,0.40000000000000013,1.0
101110001010000001000100001010010101,7538,0.1000566610824171,-0.5628742380063781,0.8,1.0
111011100000010011101011101101011110,384,11.898389838269633,11.435125006208358,1.3877787807814457E-16,1.0
111010001110100001000101001000011101,3706,11.91281468457874,11.300541804528509,1.3877787807814457E-16,1.0
000100001001000000000100001000010001,6948,0.2190806095529091,-0.5559205327041185,1.0,0.6000000000000001
101010001110000001000100001010010101,4110,0.19376071353864202,-0.46917018555015333,0.6000000000000001,1.0
100100000000010000000101101110001100,9508,11.90643332972237,11.443672912237513,1.3877787807814457E-16,1.0
100100001101000000000101001000011101,6542,0.10864946220801801,-0.5660153947303722,0.8,1.0
100100001001100000000101101010001101,8190,0.3139173407651235,-0.2449938002561876,0.40000000000000013,1.0
100110001011000000100010001110010101,5280,11.933324248558804,11.26375964818291,1.3877787807814457E-16,1.0
100100011000000000000100001010010101,4790,11.938218508452179,11.204099303032027,1.3877787807814457E-16,1.0
101100001000001001000101001000011101,7318,0.1728443411531094,-0.36439396075263963,0.6000000000000001,1.0
000010001001000000000101001000011001,6536,0.0706115598023736,-0.6183461266440655,1.0,0.9
100000001000000000000100001110000101,960,0.2188506422067548,-0.7219636845940995,1.0,0.6000000000000001
100100001010000000000100001010010101,9960,0.03975882230094612,-0.7287036029625051,1.0,1.0
100100001110100010000100001111010101,7142,0.5458118488498843,0.00825394447160166,0.20000000000000015,1.0
100100001001000000000100001010010101,5360,0.0472099386209814,-0.7388530201040999,1.0,1.0
001000001110000001000100001010010001,6938,0.16638656221226725,-0.34502406279839715,1.0,0.6000000000000001
101000011010000011000100011110010101,786,11.917477632214853,11.33273250155482,1.3877787807814457E-16,1.0
001001001010000011000100101111010001,908,11.91637679442607,11.495768093600109,1.3877787807814457E-16,1.0
100100001000000000000101001000011111,6512,0.34439449134694744,-0.5000571522414443,0.40000000000000013,1.0
010111100000010010001011101101011000,386,11.916403019796691,11.501584552715602,1.3877787807814457E-16,1.0
100100001110000000000100001010010101,8916,0.1104504606528274,-0.605819721740706,0.8,1.0
101100001100000001000100001110000101,1434,0.10100847292863113,-0.5545835485689377,0.8,1.0
101100001000000001000101001010011101,3370,0.009939705575236527,-0.5706154278456519,1.0,1.0
100111101010000000000100001110000101,7844,0.540433055108537,-0.03526690150244327,0.20000000000000015,1.0
101010001000000001000101101010001101,4208,0.020053521808191095,-0.6251344947560631,1.0,1.0
101010100010100111000100001101110110,614,11.917610668304064,11.35202687538852,1.3877787807814457E-16,1.0
100101001000010000001100001010010111,9990,11.900916398694362,11.318691182919311,1.3877787807814457E-16,1.0
100100001010000000000111001010011101,5734,11.923886141115823,11.202447842313948,1.3877787807814457E-16,1.0
101000001110000001000100001010000101,6082,0.09366814175383731,-0.582182466614836,1.0,0.8
100100001000000000001100001010010101,8290,0.1962056789379768,-0.5007109121181401,0.6000000000000001,1.0
101010001000000001000100001011110101,4486,0.33804896592249933,-0.39219409024415935,0.40000000000000013,1.0
100100001000000000000100001110000101,5060,0.12238103763222494,-0.7301635367239776,1.0,0.8
100100001000000000000100011110000101,7164,0.21833620181700417,-0.627209973135819,0.6000000000000001,1.0
100100101000000000000100001110100101,6966,0.5647413828933217,-0.1526387283950955,0.20000000000000015,1.0
101100001001000001000111101010001101,1668,0.5463009500217003,-0.09398408020091475,0.20000000000000015,1.0
101011001010000001000100001010010111,3344,11.916027760611788,11.241069794802964,1.3877787807814457E-16,1.0
101101001100001001001100001110000101,2228,11.915092984227483,11.461409539780451,1.3877787807814457E-16,1.0
101100001000000001000100000010010101,6404,0.023362684184018788,-0.6200571139865847,1.0,1.0
101000001110000001000101101010001101,3170,0.0,-0.5321342441674861,1.0,1.0
101000001000000001000100001010010101,9438,0.10416095775273485,-0.6450643128962421,1.0,0.8
001000011010000011000100001110110001,490,11.905684401452987,11.403910457214172,1.3877787807814457E-16,1.0
100010001000000000000100001000010101,2482,0.09719102074521484,-0.914710810471064,1.0,0.9
101000001110000001000101001000011111,6580,0.3214247489254878,-0.3487132153261188,0.40000000000000013,1.0
111100001000000001000100001110010101,3882,0.20317564016174464,-0.5329410950421445,0.6000000000000001,1.0
101001001101010011100001101100111101,0,11.905199680080107,11.482953466430626,1.3877787807814457E-16,1.0
101000100010011011010100001110110100,684,11.939445535904525,11.550263498107801,1.3877787807814457E-16,1.0
101000001110000001000100001110100101,3962,0.1000566610824171,-0.562874238006378,0.8,1.0
101100001100000001000100001010010101,1972,0.10100847292863113,-0.5545835485689377,0.8,1.0
101000001110000001000100001010000101,8434,0.09366814175383731,-0.582182466614836,1.0,0.8
100100001000000000000100001010000101,8346,0.2188506422067548,-0.7219636845940995,1.0,0.6000000000000001
001000001100000101000100001010010001,6578,0.025432477403431502,-0.5985663118261294,1.0,1.0
101100000100000001001100001110000100,2834,0.31162851833918853,-0.15113189914566855,0.40000000000000013,1.0
111111001110000011100011111011011111,330,11.915960354196098,11.328777528917975,1.3877787807814457E-16,1.0
100100001000000000000100001000010101,8296,0.059638233451419186,-0.8937847873379051,1.0,1.0
100010001100000000000101101010011101,4986,0.10676770239686698,-0.5727386875629445,0.8,1.0
101000001010000001000100001010010101,8492,0.09366814175383732,-0.5821824666148361,1.0,0.8
100010001010000010000100001010010101,7962,0.21014437239088346,-0.5664654492076304,0.6000000000000001,1.0
101100001010000001001100001110000101,4786,0.16638656221226722,-0.3657476819552191,0.6000000000000001,1.0
101100001000000001100101101010011101,1926,11.901842293014273,11.387559244375408,1.3877787807814457E-16,1.0
101000001100000001000000001010010101,4766,0.05768080210452512,-0.5857389960660783,1.0,0.9
100100000000000000000101101010001100,7754,0.014162981586294417,-0.563444446752398,1.0,1.0
101010001101000001000101101010001101,2792,0.09106617649135633,-0.49888641280932167,0.8,1.0
100010001110000000000101101010001101,7070,0.19376071353864205,-0.4691701855501532,0.6000000000000001,1.0
100000111010001010000100001110110101,638,11.912158190534683,11.386694189969077,1.3877787807814457E-16,1.0
100100001010000010000100000001000101,480,0.11668211691242823,-0.6234454376349707,1.0,0.8
100100011010000000000001101011001111,5802,11.91607064316038,11.3224568054668,1.3877787807814457E-16,1.0
101000001110000001000100001010010101,5794,0.01987941115047306,-0.6150959726776001,1.0,1.0
101110001000000001000100001010010101,5392,0.03556598075249552,-0.6807454831661482,1.0,1.0
101010001000000001000100001010010101,1964,0.03718127421479807,-0.7239677883528388,1.0,1.0
101100001010000011000100001111110101,1182,0.3226728208316726,-0.26207230982836044,0.40000000000000013,1.0
100100001000000000000100001010010101,9546,0.049698527876182653,-0.8028460464800199,1.0,1.0
101100001000000001000101101010011101,4820,0.009441987724196273,-0.5449619390846638,1.0,1.0
100100001000000000000100001010010101,4332,0.049698527876182653,-0.8028460464800199,1.0,1.0
101100001000000001000101101010001101,3452,0.009939705575236527,-0.5706154278456519,1.0,1.0
100100000000000000000100001010010100,8594,0.20887550697115048,-0.5410061995142365,1.0,0.6000000000000001
101100001010000011000100010100000101,1210,0.1024187183113306,-0.5360607349072629,0.8,1.0
101100001000000001000111101010001101,6102,0.5471972456734735,-0.12294071857813282,0.20000000000000015,1.0
101000001110000001100110001110010101,2682,11.920560496532667,11.290698354299316,1.3877787807814457E-16,1.0
101011001000000101000101101010001101,3830,11.905436703322176,11.3191931359095,1.3877787807814457E-16,1.0
101100001000000011000100001010010101,6326,0.028325963172588835,-0.62726605832498,1.0,1.0
101100001000000001100100001000010101,5612,0.3344219589560038,-0.34024289798238655,0.40000000000000013,1.0
101100001000000011100101100010011101,3256,11.893259817887209,11.440033071483699,1.3877787807814457E-16,1.0
101100001000000001000100101011010101,7212,0.09965772409502409,-0.5224386562560482,0.8,1.0
101100001000000001000100001011010101,4504,0.10100847292863113,-0.5545835485689377,0.8,1.0
100010001111100000000100001110000101,6646,0.5553032373458523,-0.07975983225230199,0.20000000000000015,1.0
100101001010000000000100001010010101,8508,0.09256192090651535,-0.5424134629215578,0.8,1.0
101100001000000001000101001000011101,8960,0.019879411150473054,-0.6150959726776,1.0,1.0
101100001010000011001111001110011101,628,11.893259817887209,11.381849192876544,1.3877787807814457E-16,1.0
001110101000000001000100001010010001,3118,0.08338748652709685,-0.43964885963776756,0.8,1.0
100100001000000000000100001010010101,9386,0.049698527876182653,-0.8028460464800199,1.0,1.0
111010010011110111010010001110110110,0,11.911821624426965,11.364054165818425,1.3877787807814457E-16,1.0
101100001100100001000101111010001101,7548,11.901028751410669,11.381181309929124,1.3877787807814457E-16,1.0
100010001000000000000100001010010101,1348,0.05430902662140502,-0.8599205865286285,1.0,1.0
001010001110000001000100001011010001,6732,0.3122329255878718,-0.22903302296800937,0.40000000000000013,1.0
101000001110001001000101001000011101,9904,0.16973768213456963,-0.33135336286352834,0.6000000000000001,1.0
101000001000000001000100001010010101,6522,0.10416095775273485,-0.6450643128962421,1.0,0.8
111000001110010001000101001010011101,4896,11.893259817887209,11.349207201658484,1.3877787807814457E-16,1.0
101100001001000111000100001000010101,9934,0.33871474939678614,-0.356316450629284,0.40000000000000013,1.0
101010001000000001000100001000010101,2296,0.08006326833860787,-0.7517913264837395,1.0,0.9
100100001000000000000101001000011101,3212,0.03975882230094612,-0.7287036029625051,1.0,1.0
101100100100010101001010000011010110,136,11.90072132972252,11.43878867668773,1.3877787807814457E-16,1.0
100100001000000000000100001110000101,5860,0.12238103763222494,-0.7301635367239776,1.0,0.8
100010001010000100100111101110001101,1376,11.929553259769076,11.240595573322636,1.3877787807814457E-16,1.0
100110001000000000000100000010010111,9546,0.5777876397494681,-0.2986754882500028,0.20000000000000015,1.0
100100001001001000000100001110000101,3852,0.10679259431782281,-0.5514044086040987,0.8,1.0
100100001110000010000101001010011101,5054,0.09066598598203016,-0.4844283920913047,0.8,1.0
001000001000000001000100001110000001,7016,0.1816997238265737,-0.4423248141246675,1.0,0.6000000000000001
101100001100100001001100000010010111,8246,11.898645101339575,11.374373107985763,1.3877787807814457E-16,1.0
101100001000000001000101101010101101,9928,0.18556888411252132,-0.42960736432749524,0.6000000000000001,1.0
101101011100000001000101101010001101,3360,11.901842293014273,11.437950242826705,1.3877787807814457E-16,1.0
100100001000000000000100001111000101,3492,0.11989244837702369,-0.6661705103480575,1.0,0.8
100010001000010000010101101010001101,4354,11.901726415880095,11.344673335812736,1.3877787807814457E-16,1.0
101000001000000001000100001010010101,6096,0.10416095775273485,-0.6450643128962421,1.0,0.8
001000001110100001000101101010001001,5738,0.21283162702813468,-0.20820278670394637,0.6000000000000001,1.0
101100001000000001000101101010011101,1250,0.009441987724196273,-0.5449619390846638,1.0,1.0
101100001110001101000100001010010101,4260,11.908797684934129,11.353819054009616,1.3877787807814457E-16,1.0
000000011010010000100111001001001011,260,11.913735326871302,11.320719749734575,1.3877787807814457E-16,1.0
100100001000000000000100001010010101,4216,0.049698527876182653,-0.8028460464800199,1.0,1.0
100010001000000000000100001000010101,8504,0.09719102074521484,-0.914710810471064,1.0,0.9
110010010011000010000101101011001110,262,11.924085383753535,11.2950971321437,1.3877787807814457E-16,1.0
111110001001000001000101101010001101,1090,0.32604267238687207,-0.33522292709333185,0.40000000000000013,1.0
100010001000000000000100001110010101,8218,0.05194963960473695,-0.7935965353480864,1.0,1.0
100100001000010000000100001010010101,2290,0.5540466199777234,-0.1428699710783935,0.20000000000000015,1.0
101100011000000001000100001010010111,2562,11.928667271852945,11.228335625023163,1.3877787807814457E-16,1.0
100100001000000000000001101010001111,6114,0.558827603424184,-0.18257656245952247,0.20000000000000015,1.0
101010011100000001010100001010100101,3466,11.922168618981342,11.30285167798886,1.3877787807814457E-16,1.0
001000001110000001000100101011000001,1536,0.0,-0.48630993927778593,1.0,1.0
101000001110000001000100001110000101,7356,0.019879411150473054,-0.6150959726775999,1.0,1.0
100010001000000000000100011011010101,9040,0.35198245097331055,-0.48878456614316373,0.40000000000000013,1.0
101100001000000001000100101010010101,6436,0.028325963172588835,-0.62726605832498,1.0,1.0
101010001001000001000100001010000101,2082,0.10986378397084035,-0.6512852785967963,1.0,0.8
100010001010000000000100001010010101,3656,0.11842766017414383,-0.7134269346482035,0.8,1.0
101100001000000001000101101010011101,8754,0.009441987724196273,-0.5449619390846638,1.0,1.0
100000001000000000000100001000010101,9224,0.45511595495363805,-0.6160083794245591,1.0,0.30000000000000016
101100001000000001000100101110000101,7622,0.10100847292863113,-0.5545835485689377,0.8,1.0
101110001000010001000100001010010101,4806,11.912442139787464,11.297265891347447,1.3877787807814457E-16,1.0
100010001000010000000100001001010101,4808,11.937017628065826,11.160407806467312,1.3877787807814457E-16,1.0
100100101000000000000100001010010101,4886,0.10856698528631828,-0.5900837743534219,0.8,1.0
101100001000000001000100001010010101,5160,0.02981911672570959,-0.6670974743304074,1.0,1.0
101000001010000001000101101011001101,1206,0.07268250975604229,-0.45945173441144394,1.0,0.8
101100001000000001000100001010010101,4056,0.02981911672570959,-0.6670974743304074,1.0,1.0
101100101000000001000100001010010101,1576,0.08894918756002906,-0.4958370517670382,0.8,1.0
100100001000000000000100001010010101,6670,0.049698527876182653,-0.8028460464800199,1.0,1.0
101000001100000001000100001010010101,9796,0.02981911672570959,-0.6670974743304072,1.0,1.0
101010001000000001000100001110000111,1974,0.3416631558629289,-0.4872867209572029,0.40000000000000013,1.0
110100001000000000000100001000010101,7684,0.22763920866949305,-0.7796100187020785,0.6000000000000001,1.0
101000001110000001000100001110000101,9286,0.019879411150473054,-0.6150959726775999,1.0,1.0
101000101110000001000100101010010101,1402,0.1725250213230201,-0.344083397854273,0.6000000000000001,1.0
100100001000000000000100001000010101,2710,0.059638233451419186,-0.8937847873379051,1.0,1.0
100000001000000000000100001000010101,3782,0.45511595495363805,-0.6160083794245591,1.0,0.30000000000000016
001000001010000001000100001100010001,2420,0.08684549134233671,-0.4907619369963556,1.0,0.8
100100001010000010000100001111110111,340,11.936964546413662,11.210863509585197,1.3877787807814457E-16,1.0
101000011010100001100100101000010101,9092,11.906724739485396,11.403449456643528,1.3877787807814457E-16,1.0
101100001000000001010100001000010101,5188,0.09875808642317367,-0.5393534339213968,0.8,1.0
001010001000000001000100101000010001,3366,0.0706115598023736,-0.6183461266440656,1.0,0.9
100100001000000000000100001000010101,9628,0.059638233451419186,-0.8937847873379051,1.0,1.0
101010001000010001000100001110000101,7074,11.9133133396954,11.268125323131146,1.3877787807814457E-16,1.0
101100001000001001000100001110000101,6994,0.08894918756002906,-0.4958370517670382,0.8,1.0
100100001000000000100101001110001101,8578,11.920235032226191,11.298138651875119,1.3877787807814457E-16,1.0
101100001000000001000100001000010101,4902,0.03975882230094612,-0.7287036029625051,1.0,1.0
000011001010000110001001110010111001,222,11.898066778787424,11.447521850661932,1.3877787807814457E-16,1.0
101100001000000001000100001110000101,4680,0.02981911672570959,-0.6670974743304074,1.0,1.0
100100001000000000000100001110000101,6148,0.12238103763222494,-0.7301635367239776,1.0,0.8
101101001000011001000100001010010101,2386,11.916228735535801,11.450626877231246,1.3877787807814457E-16,1.0
100011001000000100000101101010001101,1664,11.919904734850931,11.251201332069707,1.3877787807814457E-16,1.0
100100001000000000000100001010010101,1740,0.049698527876182653,-0.8028460464800199,1.0,1.0
101000101110000001000100001110010101,5380,0.30459346561478096,-0.21201495356251215,0.40000000000000013,1.0
100010001000000000000101101110001101,2332,0.10824849050853781,-0.608062973410106,0.8,1.0
101000001100000101000100001010000101,2996,0.0714993921353044,-0.6896496704323322,1.0,0.9
001100001000100001000100001000010001,6452,0.175537018020285,-0.34362310022197595,0.6000000000000001,1.0
001000001110000001010100001010010001,2158,0.09132981425996711,-0.3592514737571586,0.8,1.0
101100001000000001000100001110000101,6878,0.02981911672570959,-0.6670974743304074,1.0,1.0
101000001110000101000000011010000101,6980,0.19627464175463583,-0.4829031378981742,0.6000000000000001,1.0
001100001100000001000101101010001001,8582,0.08585602159120279,-0.37690439589365404,0.8,1.0
101100001000000001000101101000111101,4710,0.09891693944411166,-0.533571710923279,0.8,1.0
100100001000000000000100001010000101,8082,0.2188506422067548,-0.7219636845940995,1.0,0.6000000000000001
001100001000000001000100001000110001,9830,0.10897595163790956,-0.5799817348085298,1.0,0.8
101100001000000001000111101010011101,1566,0.5463009500217003,-0.09398408020091475,0.20000000000000015,1.0
100110001010110100001100101111000101,732,11.90188843488893,11.392744443140954,1.3877787807814457E-16,1.0
101000001110000001000100001111110101,1756,0.3236408256711369,-0.28312868970048916,0.40000000000000013,1.0
111000101001100111100011000011011101,0,11.90268395518294,11.403731238554032,1.3877787807814457E-16,1.0
101100000000000001000100101000010100,8956,0.09902953342636323,-0.5085853518257738,1.0,0.8
101100001000000001000101101010001101,1960,0.009939705575236527,-0.5706154278456519,1.0,1.0
101010001000000001000100001110000101,2298,0.03718127421479806,-0.7239677883528386,1.0,1.0
101010001000000001000100001011000101,6434,0.03718127421479807,-0.7239677883528388,1.0,1.0
100010001000000000100101001110001101,2652,11.927345010528034,11.247838620568222,1.3877787807814457E-16,1.0
101000001100000001000100001110010101,764,0.028325963172588835,-0.62726605832498,1.0,1.0
101100011000000001000100001110010101,9658,11.919007243268402,11.324626204775084,1.3877787807814457E-16,1.0
101010001001000001000101001110011101,3128,0.01838366673531405,-0.5715689225653642,1.0,1.0
000010001000000000000101001010001001,1460,0.19513025315454374,-0.525413240707516,1.0,0.6000000000000001
101000011000000101000100001010010101,7732,11.927345010528034,11.247838620568222,1.3877787807814457E-16,1.0
100010001000000000000100001000010101,5178,0.09719102074521484,-0.914710810471064,1.0,0.9
101000001110000001000100001000010101,7078,0.02981911672570959,-0.6670974743304072,1.0,1.0
101010001010000001000100001011010101,9926,0.19376071353864202,-0.46917018555015333,0.6000000000000001,1.0
101010001000000001000100001000010101,2598,0.08006326833860787,-0.7517913264837395,1.0,0.9
100110001000000000000100001010000101,1356,0.1269915363774473,-0.7872380767725861,1.0,0.8
101000001110000001000110001010010101,8388,0.5548538264806268,-0.1665844723212475,0.20000000000000015,1.0
001110001010000001000100001001010001,7442,0.19043393584943305,-0.4002363756992312,0.6000000000000001,1.0
110001010111010110001111010011011100,310,11.894971294912846,11.430607250256468,1.3877787807814457E-16,1.0
101000001110010001000100001010010101,4778,0.5242275032520138,-0.007906740915472388,0.20000000000000015,1.0
101100001000000001000101101010001101,7074,0.009939705575236527,-0.5706154278456519,1.0,1.0
100100001000000000000101101010001101,5244,0.02981911672570959,-0.6670974743304074,1.0,1.0
101010001000100001000100001010010101,8770,0.1917863561909257,-0.4559032117853544,0.6000000000000001,1.0
001000001010000011000100001110110011,464,0.5504619329400832,-0.08202671742730772,0.20000000000000015,1.0
101100001000000001000100001000010101,8184,0.03975882230094612,-0.7287036029625051,1.0,1.0
101100001000000001000100011110000101,9846,0.20195254296476273,-0.514358920953881,0.6000000000000001,1.0
001001010101110111110001001101011000,0,11.983750278857519,11.651051405516988,1.3877787807814457E-16,1.0
101100001000000001001100001000110101,9256,0.5516016545783886,-0.1113292445104066,0.20000000000000015,1.0
100100001000010000000100001000010101,6260,0.3382138288049742,-0.43024859645847685,0.40000000000000013,1.0
100100001110100000000100001110000101,4236,0.323241215915466,-0.2825281425341158,0.40000000000000013,1.0
001100001010000001000101101010011001,9670,0.02634702367032092,-0.4180206451839465,1.0,1.0
101101001000000011100100001000010101,5978,11.910424768141338,11.357935990629072,1.3877787807814457E-16,1.0
100010001000000000000100100110000101,2150,0.12257041851995637,-0.6863101824569435,0.8,1.0
101100011000000001100100001010010101,9328,11.917886355388418,11.346829118984548,1.3877787807814457E-16,1.0
101010001000000001000101101000011101,8288,0.06169226924688115,-0.6012386298419142,1.0,0.9
000010001000000000000100001000010001,4334,0.45372029299397654,-0.49741018584756713,1.0,0.30000000000000016
101010001000000001101100011010010101,3398,11.918006001644983,11.30111948858838,1.3877787807814457E-16,1.0
101100001000000001000100001110000101,4016,0.02981911672570959,-0.6670974743304074,1.0,1.0
100100001010000010000100001111000101,688,0.10864946220801802,-0.5660153947303723,1.0,0.8
100100001000001000000101001010011101,8610,0.182653240016254,-0.40213299931081326,0.6000000000000001,1.0
100011101001001000000100001010010101,1342,11.906552624704858,11.365397179829925,1.3877787807814457E-16,1.0
101100001000000001000100111010000101,7432,0.10824849050853781,-0.6080629734101058,0.8,1.0
101000001000000001000101101010001101,8488,0.0831753257549398,-0.5294312413293499,1.0,0.8
100100001000000000000000001010010101,6176,0.11940787812407987,-0.6878429130754004,1.0,0.8
111111001010000011000101101011001111,274,11.91060282297728,11.30962101245869,1.3877787807814457E-16,1.0
100100001000000000000100001000010101,5942,0.059638233451419186,-0.8937847873379051,1.0,1.0
100010001000001000000100001110010101,1874,0.3389688861453359,-0.3784112251430812,0.40000000000000013,1.0
101100001000000001000100101101000101,8030,0.10864946220801802,-0.5660153947303725,0.8,1.0
101100001000000001000100001110000101,3568,0.02981911672570959,-0.6670974743304074,1.0,1.0
100100001000000100000110001010010101,2944,11.948112742327922,11.045217808300084,1.3877787807814457E-16,1.0
101100001010000001000100101001010101,6718,0.09965772409502409,-0.5224386562560482,0.8,1.0
101010001000000001000100001010010101,9066,0.03718127421479807,-0.7239677883528388,1.0,1.0
100101001010000000000100101010010101,8358,0.18527053766065976,-0.4168380804718431,0.6000000000000001,1.0
100110001000010000000100101111000101,1048,11.925982598917143,11.277248466811042,1.3877787807814457E-16,1.0
101000001000000001000100001000010101,5040,0.1581477339848974,-0.6778111154093193,1.0,0.7000000000000001
100010001000000000000100001000010101,9338,0.09719102074521484,-0.914710810471064,1.0,0.9
100100001000000000000100001000010101,3544,0.059638233451419186,-0.8937847873379051,1.0,1.0
101100001000000011001100001000010101,6504,0.3173389819524206,-0.2847696361800824,0.40000000000000013,1.0
101000011000000011000100001000010101,9572,0.5601944557039895,-0.11447040123440066,0.20000000000000015,1.0
100100001000000000000100001010010101,3064,0.049698527876182653,-0.8028460464800199,1.0,1.0
001000001010000001000101001010011001,8994,0.10330883298465518,-0.37604113557937624,1.0,0.8
101000001110000011000101101010011101,8070,0.0,-0.4940066938185173,1.0,1.0
100100001000000000000100101011010101,4784,0.11764120032101195,-0.61647800509914,0.8,1.0
101001101000000011000100001110010101,8804,0.5274129192916035,0.04296278768387579,0.20000000000000015,1.0
101100001000000001000100001000010101,3754,0.03975882230094612,-0.7287036029625051,1.0,1.0
101100001001010001000111101010011101,9270,11.900341308680357,11.357091762784147,1.3877787807814457E-16,1.0
100000000111000000000100001010010100,4922,0.19273358588258815,-0.4148812993695489,1.0,0.6000000000000001
111011001000011111011011100111101111,232,11.894693504865355,11.399306093571724,1.3877787807814457E-16,1.0
100100001000000000000100001000010101,8946,0.059638233451419186,-0.8937847873379051,1.0,1.0
100000001010000010000100001110000101,1122,0.11244133205698842,-0.6560210932064626,1.0,0.8
101100001000000001000100001011010101,4444,0.10100847292863113,-0.5545835485689377,0.8,1.0
100010000000000000000100001010000100,1582,0.44545279285360107,-0.49084950680446293,1.0,0.30000000000000016
010001001010101010100000111010010001,0,11.89597845842613,11.460578738827396,1.3877787807814457E-16,1.0
101100001000000001000100001000010101,7572,0.03975882230094612,-0.7287036029625051,1.0,1.0
101000001110001101000100001010010101,5254,0.540433055108537,-0.03526690150244327,0.20000000000000015,1.0
101010001000000001000100001010000101,1806,0.11163278112385498,-0.7053878259312648,1.0,0.8
101011001000100101001100011100010101,4332,11.909390445844826,11.34444440864637,1.3877787807814457E-16,1.0
100100001000100000000100001001010101,5374,0.3418889662161511,-0.3756440513437201,0.40000000000000013,1.0
101100001000000001000100001010010101,2968,0.02981911672570959,-0.6670974743304074,1.0,1.0
101010001000000001000100001010010101,8280,0.03718127421479807,-0.7239677883528388,1.0,1.0
100000001000100000000000001110010101,1636,0.14675051193579886,-0.5001616400933497,1.0,0.7000000000000001
100010001000100000000100001110000101,6756,0.20871955217669802,-0.552484446549891,0.6000000000000001,1.0
101010001000000001000100001011000101,3826,0.03718127421479807,-0.7239677883528388,1.0,1.0
100100001000000100000100001010010101,3868,0.12463214936077924,-0.720914025592044,0.8,1.0
101010001100000001000100001010100101,8448,0.20749951070474398,-0.5619332981710021,0.6000000000000001,1.0
101100001000000001000100001110000101,6212,0.02981911672570959,-0.6670974743304074,1.0,1.0
101110001000000001000100001011010101,5448,0.10676770239686698,-0.5727386875629445,0.8,1.0
100100011010000010000100001100110101,436,11.937518421177995,11.259102567644897,1.3877787807814457E-16,1.0
100100001000000000000101001000111111,6474,0.3467321353854918,-0.4932929153070856,0.40000000000000013,1.0
100100001000000000000100001010010101,6618,0.049698527876182653,-0.8028460464800199,1.0,1.0
101000001110000001000100001010010101,1602,0.01987941115047306,-0.6150959726776001,1.0,1.0
111011001010000011000101101010001111,376,11.911613134746629,11.274116680198626,1.3877787807814457E-16,1.0
100000001000000100000100001010010101,1572,0.05430902662140502,-0.8599205865286285,1.0,1.0
101100001000000001000100001010010101,1310,0.02981911672570959,-0.6670974743304074,1.0,1.0
101100001000000011000100011010010101,6714,0.2004717548530919,-0.4790346351067194,0.6000000000000001,1.0
101101001000000001000100001000010101,8408,0.18626597336274028,-0.44870941046533286,0.6000000000000001,1.0
001100001000010001000110001010010001,7478,11.903199523462446,11.322644390041557,1.3877787807814457E-16,1.0
100010001000000000000100001110000101,1864,0.05430902662140502,-0.8599205865286285,1.0,1.0
111001111100001001111110101110000101,0,11.898621747948585,11.447171489030577,1.3877787807814457E-16,1.0
111100001000000001000101101010001101,4734,0.1893563046337269,-0.48078165961787944,0.6000000000000001,1.0
000100001000000000000000101010010001,6526,0.19922194554721204,-0.4131907167515976,1.0,0.6000000000000001
100100001000100000000101111010001101,5032,11.917568145671995,11.299441788726817,1.3877787807814457E-16,1.0
101111001000000001000100001110000101,2918,0.18556888411252132,-0.42960736432749524,0.6000000000000001,1.0
100010001000000000000100001010010101,2638,0.05430902662140502,-0.8599205865286285,1.0,1.0
101000001110000001000100000010010111,2980,0.5501775783811415,-0.1314641648357392,0.20000000000000015,1.0
010111010101110110011001001111111010,198,11.90726505863097,11.500543426206091,1.3877787807814457E-16,1.0
101000001110000101000100001010010101,1718,0.1000566610824171,-0.5628742380063781,0.8,1.0
101000001000000101000110001110000101,1526,0.5674356526109147,-0.2615142242092172,0.20000000000000015,1.0
101000001010110111000100001110110101,470,11.902193128712302,11.380026372386858,1.3877787807814457E-16,1.0
101010001000000001100100011010000101,7408,11.93285377730568,11.202610721139022,1.3877787807814457E-16,1.0
110101001000000000010100001011010101,9378,11.919914230098948,11.277377538652399,1.3877787807814457E-16,1.0
101100000010000001000100001010010100,7676,0.0726825097560423,-0.4387281152546221,1.0,0.8
101100001000000001000100001110000101,2336,0.02981911672570959,-0.6670974743304074,1.0,1.0
101000001110000001000100000110010101,3916,0.01099990178909646,-0.5384264819873381,1.0,1.0
101100001000000001000100000000010101,3728,0.06936214419653453,-0.6488271286957026,1.0,0.9
101100101010000001000100101000010101,9886,0.08814484401713771,-0.4707662970041735,0.8,1.0
101000001000000001000100001010010101,9930,0.10416095775273485,-0.6450643128962421,1.0,0.8
100010001010000000100100001000010101,4730,11.943046536433544,11.15206962468315,1.3877787807814457E-16,1.0
101100001000000001000100001000010101,9662,0.03975882230094612,-0.7287036029625051,1.0,1.0
100000001000000010000100001110000101,884,0.12238103763222494,-0.7301635367239776,1.0,0.8
100010001110000000100100001010010101,2960,11.933519560779967,11.238488360753896,1.3877787807814457E-16,1.0
100010001000000000000100001000010101,4798,0.09719102074521484,-0.914710810471064,1.0,0.9
101100001000000001000101101010001101,7454,0.009939705575236527,-0.5706154278456519,1.0,1.0
101010001000000001000100001010000101,6112,0.11163278112385498,-0.7053878259312648,1.0,0.8
100100001000000000000000001110000101,7588,0.11940787812407987,-0.6878429130754004,1.0,0.8
001100001000000001000101111110001001,2112,0.30196347103454974,-0.19495472606991215,0.40000000000000013,1.0
101000000100000001000100001000010100,8158,0.25409845992057467,-0.40149356157699423,1.0,0.5000000000000001
100100011000001000000100001000110101,4728,11.938028888899074,11.241547687136485,1.3877787807814457E-16,1.0
101100101000000001100101001010011101,1640,11.896295145143544,11.42600383634467,1.3877787807814457E-16,1.0
100100001010000000000101101110001101,1308,0.09156648520443485,-0.510542132928068,0.8,1.0
111010001000000001000100001010010101,5278,0.20959471157116805,-0.6193551652489637,0.6000000000000001,1.0
110100001100000000000101001110001101,1366,0.5610165812014912,-0.17510015400239787,0.20000000000000015,1.0
101100101100000001000100001010010101,6380,0.3139173407651235,-0.2449938002561876,0.40000000000000013,1.0
100100001000000000000101011010011101,1858,0.20195254296476273,-0.514358920953881,0.6000000000000001,1.0
100100001000010000000101101010001101,6794,0.5341672088272503,-0.04638792459363794,0.20000000000000015,1.0
101000001011000011000100001101010111,688,11.927385666194033,11.257354366558191,1.3877787807814457E-16,1.0
100010001110000000000100001000010101,4342,0.21833620181700417,-0.6272099731358192,0.6000000000000001,1.0
100000001000000000000100001010010101,8126,0.35091908649851566,-0.5898952403023388,1.0,0.40000000000000013
100100001010010000000100001000010101,5920,0.5540466199777234,-0.1428699710783936,0.20000000000000015,1.0
100100101000000000000100011010110101,9906,11.93703127053628,11.2061068024677,1.3877787807814457E-16,1.0
100100001101100000000100001010010101,6442,0.3309579097667375,-0.2942984360259005,0.40000000000000013,1.0
100100001000001000000100101000010101,8386,0.20982052192439027,-0.5077124956354809,0.6000000000000001,1.0
000010001000100000000100001110000001,2426,0.20043444938752805,-0.4684159387837409,0.6000000000000001,1.0
101000001110000001000100001010000101,4692,0.09366814175383731,-0.582182466614836,1.0,0.8
100100001000000000001111001110001101,4426,11.916229560308668,11.246091596057063,1.3877787807814457E-16,1.0
101100001100000001100100101010010101,5632,11.917886355388418,11.346829118984548,1.3877787807814457E-16,1.0
101000001001000101000100001010110101,7456,0.20598052163073852,-0.5242625345359201,0.6000000000000001,1.0
101110001000000001000100001010000101,6088,0.10986378397084035,-0.6512852785967962,1.0,0.8
100101101001100000001100000010010101,5102,11.921929443751289,11.501022067233361,1.3877787807814457E-16,1.0
101001001110000001000100000010010101,6602,0.31013634859603745,-0.1870841810995228,0.40000000000000013,1.0
101100000110000001000100001011000100,6334,0.07268250975604229,-0.41362742952174364,0.8,1.0
000100001000000000000100001100010001,3100,0.12537655709668416,-0.649624585160343,1.0,0.8
101100011000000001000101101010001101,5038,0.5332192413650078,5.629468851962027E-4,0.20000000000000015,1.0
100000001100000000000100001000010101,4394,0.285410730199405,-0.6680122905899193,1.0,0.5000000000000001
111101111010111001000010011110110111,214,11.900213866075328,11.391162341708364,1.3877787807814457E-16,1.0
111110110000111001100110110001000100,290,11.902030468056498,11.430980449893681,1.3877787807814457E-16,1.0
101000001000000011000101001100001101,1000,0.09256192090651534,-0.5424134629215576,1.0,0.8
100100001010000000110101101010001101,1024,11.899109048260636,11.399889824579857,1.3877787807814457E-16,1.0
101100001000000001000100011110000101,9102,0.20195254296476273,-0.514358920953881,0.6000000000000001,1.0
100100010000000000000100001010010100,8622,11.930199624139021,11.295554072323505,1.3877787807814457E-16,1.0
100100001000000100000101101010001101,9776,0.10824849050853781,-0.6080629734101058,0.8,1.0
101100001000000001000100001010010101,4756,0.02981911672570959,-0.6670974743304074,1.0,1.0
101010001000011101000100011010010101,7682,11.916131135341926,11.30188462883424,1.3877787807814457E-16,1.0
100100001000000000000100001000010101,3666,0.059638233451419186,-0.8937847873379051,1.0,1.0
100100001000000000001100001000010101,5472,0.20614538451321335,-0.5623170407502377,0.6000000000000001,1.0
100100101100000000001100001010010101,4210,11.908722152148304,11.349811011126993,1.3877787807814457E-16,1.0
101000011000000001000101101010001101,3326,0.30789699422822436,-0.24650693258063566,0.40000000000000013,1.0
101000001010000001000100001110000101,4940,0.09366814175383731,-0.5821824666148361,1.0,0.8
101100001000000001000100001110000101,5066,0.02981911672570959,-0.6670974743304074,1.0,1.0
101010101000000001000100001010010101,3272,0.09808230373470077,-0.5496072642415794,0.8,1.0
101100001000000001000100001000010101,9954,0.03975882230094612,-0.7287036029625051,1.0,1.0
100110001100010000000100001111100101,1058,11.930129359209408,11.261242164624885,1.3877787807814457E-16,1.0
101101011000000001000100001010010101,6418,11.902251556000204,11.369595261520391,1.3877787807814457E-16,1.0
001100001000001001000100001110000001,2070,0.07743093410399583,-0.3950535508314649,0.8,1.0
101101001000000001001100001010110101,9204,11.896058480935222,11.363251010019892,1.3877787807814457E-16,1.0
101100000000000001000100001110000100,3368,0.13033945157560176,-0.44726797676309066,1.0,0.7000000000000001
101000001110000001000100001010110101,3824,0.1000566610824171,-0.5628742380063781,0.8,1.0
100100001000000000000100001000010101,6554,0.059638233451419186,-0.8937847873379051,1.0,1.0
101101001100010001010100001010010101,8282,11.915092984227483,11.461409539780451,1.3877787807814457E-16,1.0
101010001000000001000101101110001101,8670,0.0918648316562964,-0.5233114167837202,0.8,1.0
100010001000000000000100001110000101,8662,0.05430902662140502,-0.8599205865286285,1.0,1.0
100000001010000010000100001110000101,852,0.11244133205698842,-0.6560210932064626,1.0,0.8
100100000000000000000100011010010100,6400,0.21354096857257027,-0.5511258677738393,0.6000000000000001,1.0
101000001110000001000100001010010101,3286,0.01987941115047306,-0.6150959726776001,1.0,1.0
101000001000000011000100001010010101,8990,0.02981911672570959,-0.6670974743304072,1.0,1.0
101100001000000001000100001010010101,4620,0.02981911672570959,-0.6670974743304074,1.0,1.0
100100001000000000000100001110000101,1662,0.12238103763222494,-0.7301635367239776,1.0,0.8
101000001010000111010100001110000101,1106,0.18259211406879033,-0.3931078425421899,0.6000000000000001,1.0
000100001000000000000100001000010001,5114,0.35510693284920575,-0.5125330266961821,1.0,0.40000000000000013
101000001110000001000101001000111111,6274,0.3270047487077462,-0.36180605381500747,0.40000000000000013,1.0
101000001110000001100100001110010101,3766,11.910424768141338,11.357935990629072,1.3877787807814457E-16,1.0
101100001000000001000100001110000101,3982,0.02981911672570959,-0.6670974743304074,1.0,1.0
101000001010000011000101001110011101,1026,1.4802973661668754E-17,-0.5114106250106643,1.0,1.0
101000001000000001100100001110110101,530,11.925982598917143,11.277248466811042,1.3877787807814457E-16,1.0
101000001110000001000101101000011101,8678,0.009441987724196296,-0.5449619390846637,1.0,1.0
100100001000000000000100001010010101,1916,0.049698527876182653,-0.8028460464800199,1.0,1.0
100100001010001000010100001010010101,4316,0.5369752998904631,-0.005241070858785335,0.20000000000000015,1.0
000111001010000010100011111011011011,172,11.913163464955826,11.362996727600686,1.3877787807814457E-16,1.0
101000001000000001010100000010010101,5850,0.08074619625311295,-0.47696299134342046,1.0,0.8
100100000100010000010101101010001100,7140,11.923571714382152,11.50182247587204,1.3877787807814457E-16,1.0
101100001000000001100101001110001101,8438,11.902251556000204,11.369595261520391,1.3877787807814457E-16,1.0
110001010111010010000110001011110110,332,11.918868222948937,11.311791100031153,1.3877787807814457E-16,1.0
101011001000000001000100001010110101,5870,0.3250999234677497,-0.3436034793134745,0.40000000000000013,1.0
101100001000000011000110001010010101,8952,11.930048895836686,11.193932160632798,1.3877787807814457E-16,1.0
001010001000000001001101101010001011,6864,11.896185587288793,11.343215284013674,1.3877787807814457E-16,1.0
100100001000000000000100001010010101,8386,0.049698527876182653,-0.8028460464800199,1.0,1.0
101100000000000001000100001000110100,8686,0.15246991187117462,-0.5364877745752648,1.0,0.7000000000000001
101100001000000001100000001010010101,3034,0.3192421742583869,-0.2540978336254887,0.40000000000000013,1.0
101110001000000001000100001010010101,3936,0.03556598075249552,-0.6807454831661482,1.0,1.0
101100001000100001100100001010010101,4244,11.907993605890397,11.370684102403558,1.3877787807814457E-16,1.0
101000001000000001000101101010001101,8444,0.0831753257549398,-0.5294312413293499,1.0,0.8
100100001010000000000100001000010101,3616,0.049698527876182653,-0.8028460464800199,1.0,1.0
101010001000000001000100001110000101,1350,0.03718127421479806,-0.7239677883528386,1.0,1.0
100110001000001000000100001010010101,8410,0.3389688861453359,-0.3784112251430812,0.40000000000000013,1.0
101011001110000001000100001010010101,2012,11.904250310361343,11.332191854463773,1.3877787807814457E-16,1.0
101110001000000001000101001110011101,1616,0.01838366673531403,-0.571568922565364,1.0,1.0
000000010010101110001001110010101000,0,11.946018710301505,11.590021292273208,1.3877787807814457E-16,1.0
100000001000101010100100001111010101,872,11.9118675366829,11.403970656997897,1.3877787807814457E-16,1.0
001110001001111001111110101110110011,272,11.894933866756908,11.449623741555575,1.3877787807814457E-16,1.0
100100001110100000000100001010010101,5270,0.32324121591546606,-0.2825281425341158,0.40000000000000013,1.0
100010001111000000000100001110000101,6712,0.2083225178058472,-0.5236118976423054,0.6000000000000001,1.0
101000101110000001000100001110010101,5366,0.30459346561478096,-0.21201495356251215,0.40000000000000013,1.0
101000000111000001000101101010101100,9526,0.17314755223506764,-0.2970809131972312,0.6000000000000001,1.0
100000101110000000000100001010010101,3266,0.19246213887939861,-0.44564938146517186,0.6000000000000001,1.0
100010001011000000000101101110001101,1254,0.19262099190033657,-0.4398676584670541,0.6000000000000001,1.0
100101001000000000000100101010010101,8760,0.19471252538485606,-0.4608794961127127,0.6000000000000001,1.0
000100000000011010001011111111001000,884,11.935666661705142,11.54985722773469,1.3877787807814457E-16,1.0
100010001000000000000100001010010101,4696,0.05430902662140502,-0.8599205865286285,1.0,1.0
101100001000000001000101101010001101,7800,0.009939705575236527,-0.5706154278456519,1.0,1.0
101010001000000001010100001010010101,2896,0.1917863561909257,-0.4559032117853544,0.6000000000000001,1.0
001000000000011101000100001010010010,6108,11.904609113612295,11.429030364435242,1.3877787807814457E-16,1.0
100110001110111000010111000001111101,250,11.89706161274029,11.422270504325924,1.3877787807814457E-16,1.0
100100000000000000000100001100000100,6624,0.2824244230931635,-0.5852155364522243,1.0,0.5000000000000001
001100011010000001000100001111100001,1174,11.905684401452987,11.403910457214172,1.3877787807814457E-16,1.0
101100001000010001000100101100010101,7372,11.911243294113197,11.336148916039862,1.3877787807814457E-16,1.0
101100001110001001000110001010010101,6136,11.912628337529028,11.310706830780589,1.3877787807814457E-16,1.0
101000001110000001000100001110000101,9838,0.019879411150473054,-0.6150959726775999,1.0,1.0
100010001000000000000101101010001101,1686,0.03718127421479806,-0.7239677883528386,1.0,1.0
000000011000000000000100001010110001,546,11.937846100631019,11.227910977181782,1.3877787807814457E-16,1.0
001010001001001001000100001010010001,8074,0.30915998327508265,-0.2138763628897818,0.40000000000000013,1.0
101000000110000001000100001010010100,3274,0.11617646998930736,-0.395234155021357,1.0,0.7000000000000001
000000001110000010000100001110110001,818,0.10522690486719467,-0.5069860823963682,0.8,1.0
101010001000000001000100011010010101,9152,0.20749951070474398,-0.5619332981710021,0.6000000000000001,1.0
101000001100000001000101100010001101,9762,0.03431811792050633,-0.4890697617231575,1.0,0.9
101000001110000001000101101010001101,8278,0.0,-0.5321342441674861,1.0,1.0
101100001000000101000100001000010111,6032,0.5725046321334776,-0.2675204185590998,0.20000000000000015,1.0
101100001000001001010100001110000101,8270,0.3015213128731482,-0.1985319550685704,0.40000000000000013,1.0
101100001000000011000101101000011101,8526,0.01798347622598787,-0.5571109018473472,1.0,1.0
100010001000000000001100001110000101,2068,0.20356783642706527,-0.5575812261405714,0.6000000000000001,1.0
100100001000000000000100001000010101,4156,0.059638233451419186,-0.8937847873379051,1.0,1.0
101010001000000001000100001010010101,2004,0.03718127421479807,-0.7239677883528388,1.0,1.0
101110001000000001000100001000110101,6444,0.046560701943876875,-0.735787899362742,1.0,1.0
101100001000000001000100001010010111,6640,0.56251040728778,-0.21654040507784056,0.20000000000000015,1.0
100110001000000000000101011010011101,8540,0.20598052163073852,-0.52426253453592,0.6000000000000001,1.0
101010001000000101100100001010010101,9746,11.931443032329346,11.234266788013997,1.3877787807814457E-16,1.0
101110001000000101000100001010010101,2030,0.20598052163073852,-0.52426253453592,0.6000000000000001,1.0
101010001000000001000100000010010101,3442,0.06715348639222582,-0.650809167021855,1.0,0.9
101110001010000001000111001000011101,6034,11.921809560090928,11.232998757568174,1.3877787807814457E-16,1.0
101010001000001011000100001010010101,2702,11.917568145671995,11.299441788726817,1.3877787807814457E-16,1.0
110100001010000000000100001000010101,6692,0.3520510721541007,-0.567565042371224,0.40000000000000013,1.0
101100001001000001000100001010010101,8442,0.028325963172588835,-0.62726605832498,1.0,1.0
100100000000000000000100001110000100,2534,0.2682614415068691,-0.48162026497851784,1.0,0.5000000000000001
101010001110000001000100000010010101,2108,0.18825616493995495,-0.430710657743393,0.6000000000000001,1.0
101000000111000001000101101010001100,3456,0.026347023670320935,-0.4180206451839463,1.0,1.0
101100001000000001000100001010010101,5492,0.02981911672570959,-0.6670974743304074,1.0,1.0
101100101000000001010100001110010101,5778,0.30137156548956856,-0.18233640590807032,0.40000000000000013,1.0
101000001011000001000101101010001101,6746,0.0,-0.5321342441674862,1.0,1.0
100000001010000010000100001110000101,864,0.11244133205698842,-0.6560210932064626,1.0,0.8
101100001100000001000100001010010101,9462,0.10100847292863113,-0.5545835485689377,0.8,1.0
110010001000000000000100011010010101,8098,0.5817852955061297,-0.36215267767691084,0.20000000000000015,1.0
100100001000000000000100001000010101,5028,0.059638233451419186,-0.8937847873379051,1.0,1.0
101100001010000001000101001011001111,8078,0.3137681681183345,-0.31025636983290644,0.40000000000000013,1.0
101000001110000001000100000010010101,6608,0.011681342092009394,-0.5676361870579848,1.0,1.0
100100001100000000000100001100010111,2748,0.5808794295971915,-0.28676052994819634,0.20000000000000015,1.0
101100001000000001000100001100000101,9998,0.11244133205698842,-0.6560210932064628,1.0,0.8
101000001000000011000000001010010101,4636,0.023362684184018788,-0.6200571139865846,1.0,1.0
101000001000000001000100001110010101,2250,0.10250162648175187,-0.594414964574365,1.0,0.8
101010001000000001000100001010010101,6056,0.03718127421479807,-0.7239677883528388,1.0,1.0
101000000010000001000100001110010100,820,0.11617646998930736,-0.395234155021357,1.0,0.7000000000000001
100100001000000010000100001010000101,7928,0.21608509008844987,-0.6364594842677527,1.0,0.6000000000000001
100100001001000000000100001000010101,5226,0.056651926345177676,-0.8109880332002102,1.0,1.0
101100001000000001000100001010010101,5364,0.02981911672570959,-0.6670974743304074,1.0,1.0
100100001000000000000100001010010101,4264,0.049698527876182653,-0.8028460464800199,1.0,1.0
101100001000000001001100001110010101,8904,0.3078969942282243,-0.24650693258063566,0.40000000000000013,1.0
101100101110000001000100001010010101,7062,0.30459346561478096,-0.21201495356251215,0.40000000000000013,1.0
100100001000000000010100001000010101,7948,0.11837588414946287,-0.6499840479750288,0.8,1.0
101010001000100001000100001001010101,5696,0.3308661102170743,-0.33417323023274254,0.40000000000000013,1.0
101010000000001001000100001010010100,8498,0.309804302229115,-0.23782424706023803,0.40000000000000013,1.0
110010101100000100000101101010001101,4070,11.929522476132377,11.225373394154746,1.3877787807814457E-16,1.0
101100001000000001000100001010010101,6266,0.02981911672570959,-0.6670974743304074,1.0,1.0
100100101001010000000101101010001101,5914,11.896445233926798,11.411995102319072,1.3877787807814457E-16,1.0
101111101010001001110100001000010101,8024,11.905573114600587,11.474453552766807,1.3877787807814457E-16,1.0
101100001000000101000100001010010101,3736,0.10824849050853781,-0.6080629734101061,0.8,1.0
011010110010100011000101001110111010,320,11.893259817887209,11.439356411871888,1.3877787807814457E-16,1.0
101000001110000011000110001000010101,5810,0.5610165812014912,-0.17510015400239787,0.20000000000000015,1.0
101100001000010001000101001110001101,5456,11.903199523462446,11.394744469644987,1.3877787807814457E-16,1.0
001100001000000001000101101010001011,5756,0.3083947120792646,-0.27216042134162405,0.40000000000000013,1.0
101100001000000001000100001100010101,6214,0.03776795089678511,-0.6785022314967482,1.0,1.0
111100001001000001000100001010010101,5094,0.3352440844535055,-0.40087265075038353,0.40000000000000013,1.0
100010001000000010000100001010010101,6986,0.12463214936077924,-0.7209140255920441,0.8,1.0
101000001110000001000100001110010101,7452,0.018883975448392546,-0.5832246426841103,1.0,1.0
101000011110000001000100001010010101,1830,11.911243294113197,11.336148916039862,1.3877787807814457E-16,1.0
101111001000010001000101001110011111,8600,11.895430672716843,11.367539769478359,1.3877787807814457E-16,1.0
101000001110000001000100001000010101,6472,0.02981911672570959,-0.6670974743304072,1.0,1.0
100010001000000000000000001110000101,2462,0.12517012128415095,-0.7544359247940405,1.0,0.8
100100001000000000000100001010000101,2442,0.2188506422067548,-0.7219636845940995,1.0,0.6000000000000001
100100001000000000000100001010010101,4226,0.049698527876182653,-0.8028460464800199,1.0,1.0
101010001000100001000101101010011101,1758,0.30655778243228965,-0.2304668742075116,0.40000000000000013,1.0
100100011000000000000100001010010101,7164,11.938218508452179,11.204099303032027,1.3877787807814457E-16,1.0
100100101000000000000100001010010101,6374,0.10856698528631828,-0.5900837743534219,0.8,1.0
100010010011000010000110011011100100,328,11.937617172091176,11.241748946269425,1.3877787807814457E-16,1.0
100010001000000000000100001000010101,8224,0.09719102074521484,-0.914710810471064,1.0,0.9
101110001000000001000100000100000101,4648,0.11323098317454758,-0.6233989138310655,1.0,0.8
100010000000001000000100101010010100,2116,0.33056993681719177,-0.29717846313874047,0.40000000000000013,1.0
111010001110100001100100001010010101,3998,11.91764692465512,11.311922864387801,1.3877787807814457E-16,1.0
111001010111010011100110101101110110,358,11.912152735129348,11.375223652975484,1.3877787807814457E-16,1.0
100100001000001000000101101000111101,4476,0.5553032373458523,-0.07975983225230199,0.20000000000000015,1.0
101100001000000001000100001010000101,4618,0.10416095775273483,-0.6450643128962421,1.0,0.8
100100001000000000000101101010001101,6136,0.02981911672570959,-0.6670974743304074,1.0,1.0
001010001000000001000101111010011001,8938,0.18121212865513975,-0.37991530156246356,0.6000000000000001,1.0
110110100000010100011111000011001100,192,11.893259817887209,11.402628503122417,1.3877787807814457E-16,1.0
100100001000000000000101101010001101,8176,0.02981911672570959,-0.6670974743304074,1.0,1.0
101101001010000001000100001010010101,2400,0.16638656221226722,-0.365747681955219,0.6000000000000001,1.0
100010001000000000000100001010010101,3278,0.05430902662140502,-0.8599205865286285,1.0,1.0
101000001010000011000011111100111101,684,11.92094767122776,11.293759797146844,1.3877787807814457E-16,1.0
101100001001100001000100000010010101,2988,0.17352312805711326,-0.333341371634609,0.6000000000000001,1.0
101100001000000001000000001010010101,8426,0.023362684184018788,-0.6200571139865847,1.0,1.0
100100001000000000000100001010010101,7238,0.049698527876182653,-0.8028460464800199,1.0,1.0
100010001000000000000100001110010101,2540,0.05194963960473695,-0.7935965353480864,1.0,1.0
100100000000001000000100001010010100,5356,0.1894358981762563,-0.39429724306302427,0.6000000000000001,1.0
110100001000000000000100001010010101,7132,0.21998262786233982,-0.6996334866629849,0.6000000000000001,1.0
101100001000000001000100001110000101,8292,0.02981911672570959,-0.6670974743304074,1.0,1.0
000100001000000000000100001010010001,3066,0.20887550697115048,-0.5410061995142365,1.0,0.6000000000000001
101100001000000001000101101000011101,8836,0.01888397544839256,-0.5832246426841103,1.0,1.0
101100001000000001000100001110110101,954,0.10676770239686698,-0.5727386875629445,0.8,1.0
101100001000000001000101001000011101,1930,0.019879411150473054,-0.6150959726776,1.0,1.0
001010001000001001000100001110000001,6392,0.17773585793735416,-0.36989269135199887,0.6000000000000001,1.0
100110001010000000001100011010010101,4830,11.925887034780274,11.242531334911225,1.3877787807814457E-16,1.0
101100001000000001000100001010010101,6968,0.02981911672570959,-0.6670974743304074,1.0,1.0
101000001010000001000100001010010101,4810,0.09366814175383732,-0.5821824666148361,1.0,0.8
101110001110000001000110101010010101,8380,11.926095191923968,11.251867222291974,1.3877787807814457E-16,1.0
101100001000010001000100001010010101,1546,0.5341672088272503,-0.04638792459363816,0.20000000000000015,1.0
101100001000000001000100001000000101,1782,0.20835782620785728,-0.6276010231863594,1.0,0.6000000000000001
100010001100001000000100001110010101,5194,0.5630721708693119,-0.11819418924376601,0.20000000000000015,1.0
100100001000000000000100000010010101,2974,0.11940787812407987,-0.6878429130754004,1.0,0.8
100100001000000000000100001000010101,2666,0.059638233451419186,-0.8937847873379051,1.0,1.0
100100001001001010110100001010010101,1340,11.9118675366829,11.403970656997897,1.3877787807814457E-16,1.0
101100001001000001000100001111000101,2800,0.026975214338981802,-0.5951211660120905,1.0,1.0
100010001000000000001101001110011101,1164,0.543409825152268,-0.07176642328774863,0.20000000000000015,1.0
101000001010000011000110101100000101,1230,11.930048895836686,11.193932160632798,1.3877787807814457E-16,1.0
100100001100000000100100001110000101,5736,11.93617219352253,11.243803111501009,1.3877787807814457E-16,1.0
100100101000000000000101001000011101,8480,0.09875808642317367,-0.5393534339213967,0.8,1.0
101101101000000001000100001010010101,3436,0.3018061264263305,-0.1992849185717675,0.40000000000000013,1.0
101100101000000001000100001000010101,4952,0.09875808642317367,-0.5393534339213968,0.8,1.0
100100001000000000000100001000010111,6260,0.3597076529612539,-0.6475415744103177,0.40000000000000013,1.0
101010001000000001000100001110000101,6936,0.03718127421479806,-0.7239677883528386,1.0,1.0
101010001000000001000100001010010111,9548,0.5674356526109147,-0.2615142242092171,0.20000000000000015,1.0
110010001110000000000100001010010101,3446,11.941536946768673,11.101511896076095,1.3877787807814457E-16,1.0
101010000000000001000100001010010100,4980,0.09966940427821941,-0.5663104733414875,1.0,0.8
101100001000000001010100101010010101,7166,0.08814484401713771,-0.4707662970041734,0.8,1.0
100010000000000000000100101001010100,9898,0.12753824705317438,-0.6561616395795349,0.8,1.0
100100001000000000000101001010011101,9610,0.02981911672570959,-0.6670974743304074,1.0,1.0
000101001001001000000101101010001001,1446,0.5545393997469573,0.13279016123684456,0.20000000000000015,1.0
101010101000000001000100001110010101,2626,0.1906948899970519,-0.4274314669481257,0.6000000000000001,1.0
000100001000000000000100001010010001,4740,0.20887550697115048,-0.5410061995142365,1.0,0.6000000000000001
101110011000000001000100001000010101,8316,0.564487246144772,-0.13054395388129825,0.20000000000000015,1.0
100100001000000000000100001010010101,3644,0.049698527876182653,-0.8028460464800199,1.0,1.0
101100001000000001000101101010001101,5166,0.009939705575236527,-0.5706154278456519,1.0,1.0
101000001111000001000100001010000101,7596,0.09256192090651534,-0.5424134629215576,1.0,0.8
100010001000000000000100000010000101,3682,0.2811456520579077,-0.692867394944623,1.0,0.5000000000000001
101100001000000001000100001110100101,9520,0.10824849050853781,-0.608062973410106,0.8,1.0
100110001010010000000110001111000101,920,11.927201686533355,11.22528955655752,1.3877787807814457E-16,1.0
100000001000111010101111100001111101,574,11.895382214537177,11.445459693742725,1.3877787807814457E-16,1.0
101000001110000001000100001010010101,2248,0.01987941115047306,-0.6150959726776001,1.0,1.0
001000001010100011000100001110000001,862,0.09132981425996714,-0.3592514737571586,0.8,1.0
101000101110000001000100001110100101,9554,11.909465369743732,11.333765413132753,1.3877787807814457E-16,1.0
101100001001000001000100001011010101,7840,0.09965772409502409,-0.5224386562560482,0.8,1.0
101110001110100001000100001110000101,3624,11.908797684934129,11.353819054009616,1.3877787807814457E-16,1.0
101100001010000001000100001110000101,9568,0.019879411150473054,-0.6150959726776,1.0,1.0
100100001000000010000100001010010101,9666,0.0472099386209814,-0.7388530201040999,1.0,1.0
101101001100000001000100001110000101,2042,0.5336694909762101,-0.02073443583264989,0.20000000000000015,1.0
100110000001100100000101000110011100,652,11.905402753652307,11.421403187971093,1.3877787807814457E-16,1.0
110010101100000000000100001010010101,4068,11.938887840167446,11.15509455575336,1.3877787807814457E-16,1.0
101100001000001001000101001010011101,2474,0.16973768213456966,-0.33135336286352834,0.6000000000000001,1.0
100100001010000000000100001010010101,6252,0.03975882230094612,-0.7287036029625051,1.0,1.0
100000001010000000000100001110000101,1032,0.20835782620785728,-0.6276010231863594,1.0,0.6000000000000001
001000001110000001000100001111010001,4656,0.0726825097560423,-0.3937252660165768,0.8,1.0
111000011011000011000100001111000101,778,11.91960684155753,11.311991956305393,1.3877787807814457E-16,1.0
101000011110000001000100101100010101,2066,11.917886355388418,11.346829118984548,1.3877787807814457E-16,1.0
100110001100000000000100001110000101,9862,0.21617328075860254,-0.5748036309917903,0.6000000000000001,1.0
101000001000000001000100001000010101,8076,0.1581477339848974,-0.6778111154093193,1.0,0.7000000000000001
101010001100000001000100001110010101,5182,0.10676770239686698,-0.5727386875629445,0.8,1.0
101100001000000001010100001000010101,8330,0.09875808642317367,-0.5393534339213968,0.8,1.0
100100001000000000000100001111000101,2642,0.11989244837702369,-0.6661705103480575,1.0,0.8
101100001000000001000100001010010101,5784,0.02981911672570959,-0.6670974743304074,1.0,1.0
101100001000000001000101101010011101,9004,0.009441987724196273,-0.5449619390846638,1.0,1.0
100110001000001010000100001110110111,820,11.938231298766786,11.212333640236695,1.3877787807814457E-16,1.0
101100001000000001000101101000011101,3426,0.01888397544839256,-0.5832246426841103,1.0,1.0
111100001000000001000110001010010101,4070,11.936844576702414,11.097438722469137,1.3877787807814457E-16,1.0
111100001100000001000100001010110101,4384,11.933555889296658,11.187073331655172,1.3877787807814457E-16,1.0
101010001000000001000100001000010101,6340,0.08006326833860787,-0.7517913264837395,1.0,0.9
101100001000000001000101101010001101,2808,0.009939705575236527,-0.5706154278456519,1.0,1.0
101100001000000001000100001110000101,9712,0.02981911672570959,-0.6670974743304074,1.0,1.0
100100001000000010000100000010110101,5890,0.12021608819945362,-0.6336258373588133,0.8,1.0
100010001000000000000100001110010101,1462,0.05194963960473695,-0.7935965353480864,1.0,1.0
110010001000000000000100001010110101,3426,0.35601279875814384,-0.587925174424897,0.40000000000000013,1.0
101100001000010001000100001010010101,4672,0.5341672088272503,-0.04638792459363816,0.20000000000000015,1.0
001010001111000001000100001010010001,6480,0.18016448129611096,-0.3611014672597701,0.6000000000000001,1.0
100100001000000000000101101010001101,1614,0.02981911672570959,-0.6670974743304074,1.0,1.0
001000001000000001000000000010010001,7998,0.7783259631725884,0.31832021339027183,1.0,0.10000000000000014
011110101010101011100100001111000001,672,11.897898179349134,11.47204251839951,1.3877787807814457E-16,1.0
100100001001000000000100001010010101,6510,0.0472099386209814,-0.7388530201040999,1.0,1.0
100000001000000000000100001010010101,7858,0.35091908649851566,-0.5898952403023388,1.0,0.40000000000000013
100100001000000000000101101010001101,9582,0.02981911672570959,-0.6670974743304074,1.0,1.0
101000001110000001000100001010010101,3800,0.01987941115047306,-0.6150959726776001,1.0,1.0
101100100100001001100101101010001100,9182,11.93455231132964,11.552706235492698,1.3877787807814457E-16,1.0
101000001110000001000100001010010101,4362,0.01987941115047306,-0.6150959726776001,1.0,1.0
100100010000000000000100001010010100,4832,11.930199624139021,11.295554072323505,1.3877787807814457E-16,1.0
001000001010000001000101101010001001,1038,0.10330883298465521,-0.37604113557937613,1.0,0.8
101010001000010001000100001010010101,6826,0.5442810250602049,-0.10090699150404936,0.20000000000000015,1.0
101010001000000001000100001010010101,1656,0.03718127421479807,-0.7239677883528388,1.0,1.0
100001010110100010011100010111010100,0,11.934113614119086,11.567767508894942,1.3877787807814457E-16,1.0
101000101010000011000100001111010101,896,0.3043042368774541,-0.19491498680332425,0.40000000000000013,1.0
101100001000000001000100001100000101,8772,0.11244133205698842,-0.6560210932064628,1.0,0.8
101100001000011001000100001000010101,7514,11.89971759682805,11.362479294922302,1.3877787807814457E-16,1.0
101000001010100111100100001111010101,568,11.907088427623881,11.399155941080997,1.3877787807814457E-16,1.0
100100001000100000000101101010001101,2874,0.31472168430801484,-0.2700645550190523,0.40000000000000013,1.0
101000001111000001000101101010001101,4750,0.0,-0.5114106250106643,1.0,1.0
100100001000000000000100001000010101,6912,0.059638233451419186,-0.8937847873379051,1.0,1.0
100010001000000000000100001000010101,4194,0.09719102074521484,-0.914710810471064,1.0,0.9
101100001000000001000100001000010101,7198,0.03975882230094612,-0.7287036029625051,1.0,1.0
100100001000000000100100001100010101,4208,0.5757223540144002,-0.17491578694921617,0.20000000000000015,1.0
101000001110000001000100101010000101,9016,0.019879411150473054,-0.6150959726775999,1.0,1.0
100010001110100110000100001001000101,896,11.935485612494036,11.237071136470151,1.3877787807814457E-16,1.0
100110001000000000000100001100010101,4006,0.05763748149909064,-0.8005865789298944,1.0,1.0
100100001000000000000100001110110101,4374,0.12246922830237761,-0.6685076834480154,0.8,1.0
101100001000000001000100101010010101,8308,0.028325963172588835,-0.62726605832498,1.0,1.0
101000001110000001000000001010010101,3334,0.011681342092009394,-0.5676361870579848,1.0,1.0
100100001000000100000100001000010101,5960,0.13282397878689994,-0.7926386301053575,0.8,1.0
101010001000000011000100001010010101,7588,0.10824849050853781,-0.6080629734101061,0.8,1.0
100100001001000100000100011010010101,8642,0.5758477483785153,-0.21863474664014182,0.20000000000000015,1.0
101100001000000011100101101010001111,1734,11.913735326871302,11.320719749734575,1.3877787807814457E-16,1.0
101101001000000001100101011010011101,6098,11.895834751465845,11.395185315354004,1.3877787807814457E-16,1.0
101000101111010011000100101010000101,3640,11.905179702773305,11.449492390525439,1.3877787807814457E-16,1.0
100100001000000000000101101010001101,3304,0.02981911672570959,-0.6670974743304074,1.0,1.0
100100001000000100000100001000010111,9104,0.5856562232519746,-0.38872646833212177,0.20000000000000015,1.0
101100001110100001100100001000010101,5330,11.907330624893042,11.388332329986358,1.3877787807814457E-16,1.0
101100001000000011000101101010001101,6192,0.00944198772419628,-0.5449619390846637,1.0,1.0
101000001000000001000100000010010101,5844,0.14108204645513905,-0.5528436308243686,1.0,0.7000000000000001
100111001000000010000100001110000101,7834,0.20047175485309188,-0.4790346351067194,0.6000000000000001,1.0
001001001110000001000000001010010001,2648,0.22033699089023084,-0.20232705030087306,0.6000000000000001,1.0
100100001110000000000100001010010101,5298,0.1104504606528274,-0.605819721740706,0.8,1.0
101010001000000001000100001010110111,9772,11.938929534426455,11.11186149582802,1.3877787807814457E-16,1.0
001110000000011011001011001110001000,798,11.964929167660637,11.576283112979537,1.3877787807814457E-16,1.0
101101001100010001010101101010001101,8256,11.933740734528168,11.50162148034447,1.3877787807814457E-16,1.0
000110001000000000000100101111110001,1080,11.937163449105388,11.279541723717944,1.3877787807814457E-16,1.0
101010001000000001000100001000110101,4860,0.08266508217736068,-0.7464503618405265,1.0,0.9
101100001100000011000100001010010101,9738,0.09965772409502409,-0.5224386562560481,0.8,1.0
101010001000000001000100001010010101,4526,0.03718127421479807,-0.7239677883528388,1.0,1.0
110010001000000000000100001110010101,5416,0.2212394866529795,-0.6816554473748576,0.6000000000000001,1.0
101100001000000001000100001010010101,2034,0.02981911672570959,-0.6670974743304074,1.0,1.0
101101001000010001000100001010010101,8144,11.903199523462446,11.394744469644987,1.3877787807814457E-16,1.0
100110001000011010101111100000111101,474,11.906190347991469,11.389475096303942,1.3877787807814457E-16,1.0
101010001010000001000100001110000101,4962,0.10129990776753686,-0.5982484393024486,0.8,1.0
100100010110000000000000001010010100,6108,11.907242604236528,11.428583645145347,1.3877787807814457E-16,1.0
100100001000000000000100001010010101,8434,0.049698527876182653,-0.8028460464800199,1.0,1.0
101000001110010001000101001110011101,6548,11.912143793335602,11.43791680214232,1.3877787807814457E-16,1.0
101100001000000001000100001110000101,8476,0.02981911672570959,-0.6670974743304074,1.0,1.0
101100001001000001000100001010010111,6022,0.5610165812014912,-0.17510015400239787,0.20000000000000015,1.0
100100001000000000000100001000010101,2670,0.059638233451419186,-0.8937847873379051,1.0,1.0
100000011010000010000100001111010101,552,11.926095201222154,11.313682538923345,1.3877787807814457E-16,1.0
101110001000000001000000001010010101,2146,0.031209038073096516,-0.6428010313377786,1.0,1.0
100100001000000000000110001010010101,5268,0.5778235689020864,-0.34179254562323824,0.20000000000000015,1.0
101100001000000001000101101010001111,4044,0.5471972456734735,-0.12294071857813305,0.20000000000000015,1.0
100100101000000000000100001000010101,9856,0.11837588414946287,-0.6499840479750288,0.8,1.0
100010001000000000001100001001010111,9734,11.941536946768673,11.101511896076095,1.3877787807814457E-16,1.0
101100001000000001000100001000010101,3678,0.03975882230094612,-0.7287036029625051,1.0,1.0
110100011100000000010101101010001101,7500,11.918002176257092,11.322193697015171,1.3877787807814457E-16,1.0
101100001000000001000100001000010101,9136,0.03975882230094612,-0.7287036029625051,1.0,1.0
101010001000000001000100001000010101,3408,0.08006326833860787,-0.7517913264837395,1.0,0.9
100100001000000000000100001110000101,7024,0.12238103763222494,-0.7301635367239776,1.0,0.8
101100100110110001000000001010110100,7454,11.944302253073944,11.558871550199036,1.3877787807814457E-16,1.0
101000001110000001000100101010010101,9326,0.018883975448392546,-0.5832246426841103,1.0,1.0
110010101100000010100100001000010101,9670,11.940506405563415,11.213722057685482,1.3877787807814457E-16,1.0
100100001000010000000110000010010101,6762,11.92785991805938,11.186455752175673,1.3877787807814457E-16,1.0
101110001100000001010100001111010101,5866,11.914792299277966,11.36133676136493,1.3877787807814457E-16,1.0
101110000001000001000100001000010100,6922,0.06863494611099424,-0.5777119973793102,1.0,0.9
101000001110000001000100001110010101,1680,0.018883975448392546,-0.5832246426841103,1.0,1.0
100101001000000000000101101011101101,8058,11.911643484622523,11.321690895321845,1.3877787807814457E-16,1.0
101100001000000001000110101010010101,2792,0.5610165812014912,-0.17510015400239798,0.20000000000000015,1.0
100100001000000000000100001000000101,5408,0.3614119024974132,-0.7097124318807841,1.0,0.40000000000000013
100010101000000010000101101111001101,5590,0.5466120387579461,-0.02527659814893979,0.20000000000000015,1.0
000010001000000000100100001010010001,7566,0.5688137859958239,-0.14112133745341227,0.20000000000000015,1.0
101000000010000001000100001000010100,8788,0.3137681681183345,-0.31025636983290666,1.0,0.40000000000000013
000100001000100000010101001000011001,5220,0.3077780063823146,-0.13372415057302822,0.40000000000000013,1.0
101100001000010011011100011010010101,7684,11.901028751410669,11.428345369352588,1.3877787807814457E-16,1.0
100100101000000000100100001000010101,9630,11.93464727877968,11.25784051767485,1.3877787807814457E-16,1.0
101010001000000001000100001010010101,9382,0.03718127421479807,-0.7239677883528388,1.0,1.0
101010001000000001000100001010010101,2680,0.03718127421479807,-0.7239677883528388,1.0,1.0
101100001000000011000100001001010101,5672,0.10864946220801802,-0.5660153947303725,0.8,1.0
100010001000000000000100001010010101,5452,0.05430902662140502,-0.8599205865286285,1.0,1.0
100100001000000000000000001010010101,6826,0.11940787812407987,-0.6878429130754004,1.0,0.8
101010001000000001010100011010010101,9298,11.924365421877116,11.253907884450202,1.3877787807814457E-16,1.0
100100001110000010001111010011001101,264,11.909116057134117,11.338875787397432,1.3877787807814457E-16,1.0
101100001000000001000100001010000101,1774,0.10416095775273483,-0.6450643128962421,1.0,0.8
101000001110000001000100001010010101,2484,0.01987941115047306,-0.6150959726776001,1.0,1.0
000100001000000000000100001000000001,7628,11.954512464344434,10.947263236972864,1.0,1.3877787807814457E-16
101010001000000001010100001010010101,1946,0.1917863561909257,-0.4559032117853544,0.6000000000000001,1.0
001010001001000001000100101010010001,5654,0.024047373637165824,-0.5666229379114983,1.0,1.0
100011001000010000000100001010010101,6908,11.9133133396954,11.268125323131146,1.3877787807814457E-16,1.0
101100001010011011000100001000010101,5146,11.896445233926798,11.411995102319072,1.3877787807814457E-16,1.0
101100001000001001000100001110010101,6476,0.18184889647336264,-0.37706224454794857,0.6000000000000001,1.0
100100001000000000000100001000010101,6804,0.059638233451419186,-0.8937847873379051,1.0,1.0
101100000001001001000100001010010100,8892,0.17080900831012255,-0.2831331008553145,0.6000000000000001,1.0
110000010010001010100111101001111110,418,11.92578251520887,11.30682152129428,1.3877787807814457E-16,1.0
101100001110100001000100001110010101,1146,0.3043042368774541,-0.19491498680332414,0.40000000000000013,1.0
100100011110000000000100001010010101,8780,11.927589718395467,11.286896057169722,1.3877787807814457E-16,1.0
100100001110000000000100001010010101,4654,0.1104504606528274,-0.605819721740706,0.8,1.0
111010001000000001010100101110010101,4078,11.924762271472588,11.261832193315561,1.3877787807814457E-16,1.0
100100001001000000000110001000010101,3776,0.35731753122319193,-0.5722395172116825,0.40000000000000013,1.0
001010001000000001000101101010001001,8672,0.003937334847812787,-0.5379686729138449,1.0,1.0
100010001000000000000100001010010101,8818,0.05430902662140502,-0.8599205865286285,1.0,1.0
101110011001000001001101101010011101,9792,11.895644144680022,11.419504214491983,1.3877787807814457E-16,1.0
100010011000010000010100001110000101,5242,11.916566618457589,11.323367596744554,1.3877787807814457E-16,1.0
101100001000000001000100001011110101,3304,0.3325401991448528,-0.3469661908149588,0.40000000000000013,1.0
100100001000000100000100011000010101,4022,0.22688074920695528,-0.6800414498962586,0.6000000000000001,1.0
101010001000000001000101101110001101,1638,0.0918648316562964,-0.5233114167837202,0.8,1.0
100100001000000000100100001100010101,3258,0.5757223540144002,-0.17491578694921617,0.20000000000000015,1.0
101100001000000001000100001000010101,3210,0.03975882230094612,-0.7287036029625051,1.0,1.0
101100001000000011000100011110110101,3522,11.930129359209408,11.261242164624885,1.3877787807814457E-16,1.0
110101001000000000010100001000010101,9332,0.5595319463054966,-0.162744193761586,0.20000000000000015,1.0
100010001000010000000100001110000101,1100,11.930441092102008,11.16929202953437,1.3877787807814457E-16,1.0
101000001110000011000100000010010101,4656,0.010999901789096482,-0.5384264819873382,1.0,1.0
111100001010010101000100000110010101,910,11.909706678556097,11.31997965544047,1.3877787807814457E-16,1.0
100100001110100000000110001011000101,8198,11.92720012266887,11.240003112550847,1.3877787807814457E-16,1.0
101000111110000001000100001010010101,7694,11.899109048260636,11.399889824579857,1.3877787807814457E-16,1.0
111010001000000001000100001001110111,9614,11.945747429415318,11.066141383337126,1.3877787807814457E-16,1.0
100110001000100000000100101010010101,5494,0.5630721708693119,-0.1181941892437659,0.20000000000000015,1.0
100011001000000000000100001110000101,1764,0.10986378397084035,-0.6512852785967963,0.8,1.0
100000001000000000000101001110011101,1118,0.10250162648175187,-0.594414964574365,1.0,0.8
100100001000000000000100001010010101,6394,0.049698527876182653,-0.8028460464800199,1.0,1.0
101100001000000001000000001000010101,5044,0.06936214419653453,-0.6488271286957026,1.0,0.9
100100001000000000000101101010011101,9196,0.02832596317258884,-0.62726605832498,1.0,1.0
101000001000000101000100001000000101,3272,0.21430815877329412,-0.687696392519541,1.0,0.6000000000000001
100100001010001000000101101010001101,4270,0.07914028869688446,-0.45809801320886434,0.8,1.0
101000001010000001000100001010010101,8376,0.09366814175383732,-0.5821824666148361,1.0,0.8
101100001010000001000101101010001101,1202,0.0,-0.5321342441674862,1.0,1.0
100010001000000000000100001100000101,1356,0.1355554125807508,-0.876346418635528,1.0,0.8
101000011010001001000100001000010101,4304,11.908722152148304,11.349811011126993,1.3877787807814457E-16,1.0
101100001000100001000101111010001101,5042,11.90136259381547,11.36433793717567,1.3877787807814457E-16,1.0
101110001000000001000100001010010101,3300,0.03556598075249552,-0.6807454831661482,1.0,1.0
101000001110000001001100001010010101,2188,0.29845500650402806,-0.23367923766345816,0.40000000000000013,1.0
101100001000100001000100001110000101,9896,0.182653240016254,-0.40213299931081326,0.6000000000000001,1.0
001101001110000001000101101010001001,6714,11.945953865227851,11.526711178177772,1.3877787807814457E-16,1.0
101010001000000001000101101110001101,9946,0.0918648316562964,-0.5233114167837202,0.8,1.0
101100101000000001000100001000010101,8422,0.09875808642317367,-0.5393534339213968,0.8,1.0
100010001000000000000100001010000101,2036,0.1295754315102834,-0.8738730162920946,1.0,0.8
100100001110000000000101001011011111,8186,11.921585781059798,11.26599375956223,1.3877787807814457E-16,1.0
011000001010000011000100000100110001,680,0.19612277076755555,-0.442356682451038,0.6000000000000001,1.0
101110011000000001000100001010010101,8360,11.925982598917143,11.277248466811042,1.3877787807814457E-16,1.0
101000001110000001000100001000110101,9410,0.03556598075249552,-0.6807454831661482,1.0,1.0
100100001010000000101100001010110101,9424,11.918445637054319,11.311676121682693,1.3877787807814457E-16,1.0
101100000000000001000100101011010100,3950,0.0849957785066466,-0.4305754790773241,0.8,1.0
101100011000000001100101011010011101,6492,11.909602236846013,11.375883019903782,1.3877787807814457E-16,1.0
001100110000000011000101100000111010,0,11.90329718716118,11.501729340259665,1.3877787807814457E-16,1.0
101010001001000001000100001110000101,2730,0.03556598075249552,-0.6807454831661484,1.0,1.0
101000001010000011010100001001010111,4102,11.919914230098948,11.277377538652399,1.3877787807814457E-16,1.0
101000001110000001000101001010011101,9680,0.0,-0.5321342441674862,1.0,1.0
100100000000001100000100001010010110,5886,11.933773697528517,11.2163935862401,1.3877787807814457E-16,1.0
101010001000000001000100001010010101,3108,0.03718127421479807,-0.7239677883528388,1.0,1.0
101000011110000001100100101010010101,9066,11.908992598990013,11.392219981499462,1.3877787807814457E-16,1.0
101100001000000001000100001011010101,7612,0.10100847292863113,-0.5545835485689377,0.8,1.0
000100001100000000010100001000010001,4286,0.20079829171004415,-0.41182825140913215,0.6000000000000001,1.0
000100001000000000000100001000000001,4266,11.954512464344434,10.947263236972864,1.0,1.3877787807814457E-16
101110001000000001000100000010010101,4814,0.031209038073096516,-0.6428010313377786,1.0,1.0
100010001000000000000000001010010101,3742,0.08680572944861498,-0.7928003166295765,1.0,0.9
101010001000000001000000000010000101,9004,0.25451618769026235,-0.46602730617179744,1.0,0.5000000000000001
100100001000000000000100001000000101,6158,0.3614119024974132,-0.7097124318807841,1.0,0.40000000000000013
100100001001000000000100001010010101,9170,0.0472099386209814,-0.7388530201040999,1.0,1.0
101000001000000001000100001010010101,7142,0.10416095775273485,-0.6450643128962421,1.0,0.8
101100001000000001000100001000010101,9634,0.03975882230094612,-0.7287036029625051,1.0,1.0
111100001000000001000100001000010101,9800,0.2123260470551866,-0.6321255965332051,0.6000000000000001,1.0
101100001000000001001101101010001101,3626,0.3083947120792646,-0.20006034173819304,0.40000000000000013,1.0
100100001000000000000100001010010101,5666,0.049698527876182653,-0.8028460464800199,1.0,1.0
101100001000000001000101001000001101,1834,0.18737219421006224,-0.48847841415861126,1.0,0.6000000000000001
000100000000000000000100001010010000,9704,0.25039903424919446,-0.32065820215467555,1.0,0.5000000000000001
100110001000010000000100001000010101,7638,0.5679853134306301,-0.2086245081678837,0.20000000000000015,1.0
101000000110000001000100000100000100,1204,0.03431811792050634,-0.4596885758980111,1.0,0.9
101000001110000001000100001010010101,7958,0.01987941115047306,-0.6150959726776001,1.0,1.0
101010001000000001001100001010010111,9822,11.922841162823229,11.201899885181772,1.3877787807814457E-16,1.0
001100011010010101000100001110110001,526,11.89853820183033,11.421980634107216,1.3877787807814457E-16,1.0
101100001000000001000100001110000101,7310,0.02981911672570959,-0.6670974743304074,1.0,1.0
100100001000000000000000001000010101,3906,0.17458318044935434,-0.7414981516163526,1.0,0.7000000000000001
101000001110000001000100011110000101,1794,0.19376071353864202,-0.4691701855501531,0.6000000000000001,1.0
101010001000000001000101101010001101,5396,0.020053521808191095,-0.6251344947560631,1.0,1.0
101000001110000001000100001010010101,2052,0.01987941115047306,-0.6150959726776001,1.0,1.0
101100001000000001000110001101010101,4702,11.935748762646092,11.185867056160706,1.3877787807814457E-16,1.0
100100001000000000000100001000010101,7662,0.059638233451419186,-0.8937847873379051,1.0,1.0
101100001000000001000100001000010101,3552,0.03975882230094612,-0.7287036029625051,1.0,1.0
101010001000010001000100001010010101,9852,0.5442810250602049,-0.10090699150404936,0.20000000000000015,1.0
101010001000000001000101101000011101,8718,0.06169226924688115,-0.6012386298419142,1.0,0.9
100100001000000000000100001000110101,6598,0.060141469030857646,-0.8653211398613998,1.0,1.0
110011111110010100010011101101011111,0,11.909405849523765,11.3658842790801,1.3877787807814457E-16,1.0
100100001000000000000101111110001101,1272,0.3325401991448527,-0.34696619081495855,0.40000000000000013,1.0
101100001000000001001101101010001101,7346,0.3083947120792646,-0.20006034173819304,0.40000000000000013,1.0
100100001000000100000100101010010101,8402,0.12246922830237761,-0.6685076834480154,0.8,1.0
100100101000000000000100001000010101,7644,0.11837588414946287,-0.6499840479750288,0.8,1.0
100110101000000000000100001010010101,3524,0.1131963893973501,-0.604183721891067,0.8,1.0
100100001000000100000101101010001101,5844,0.10824849050853781,-0.6080629734101058,0.8,1.0
101100001000000001000101101010011101,5346,0.009441987724196273,-0.5449619390846638,1.0,1.0
100110001000000000000100001110000111,2074,0.35330793094474033,-0.5495870030830967,0.40000000000000013,1.0
101100001000000001000100001000000101,9864,0.20835782620785728,-0.6276010231863594,1.0,0.6000000000000001
100100001000000000000100001001010101,9440,0.12933443610121997,-0.7383055234441678,0.8,1.0
101110001000000001000100001001010101,9794,0.11461846534962228,-0.6173159500985305,0.8,1.0
101100001000000001000100001010010101,4836,0.02981911672570959,-0.6670974743304074,1.0,1.0
101100001000001001000100001100010101,5162,0.1911727716237052,-0.41459658682587675,0.6000000000000001,1.0
100100001001000000100100001000010101,9202,0.5757223540144002,-0.17491578694921617,0.20000000000000015,1.0
101110001000000001000100001000000101,3742,0.21213171263036876,-0.6197228821919784,1.0,0.6000000000000001
101100001000010001000100011001010101,9876,11.919494247575278,11.287005597207887,1.3877787807814457E-16,1.0
101100001000000001000100101110000101,1824,0.10100847292863113,-0.5545835485689377,0.8,1.0
101010001000000001000100001010010101,3172,0.03718127421479807,-0.7239677883528388,1.0,1.0
101100101000000001000101100110011101,5176,0.3122076888766784,-0.12916437472831377,0.40000000000000013,1.0
100100001000000000101100001010010101,7958,11.920235032226191,11.298138651875119,1.3877787807814457E-16,1.0
101010001010000001000100001110000101,1528,0.10129990776753686,-0.5982484393024486,0.8,1.0
100111101011000010010110000011010111,308,11.91296379414486,11.349479450351488,1.3877787807814457E-16,1.0
101010001000000001100100001110000101,2554,11.927345010528034,11.247838620568222,1.3877787807814457E-16,1.0
101100001000000001000100001110100101,9510,0.10824849050853781,-0.608062973410106,0.8,1.0
101100101000100001000100001010010101,8490,0.527293809621134,0.027240541679415364,0.20000000000000015,1.0
101100001000000001000000001110010101,4558,0.021999803578192964,-0.582406085387267,1.0,1.0
100100001000000100000000001010010101,9840,0.12257041851995637,-0.6863101824569435,0.8,1.0
101000001001000001100100001110000101,3932,11.920235032226191,11.298138651875119,1.3877787807814457E-16,1.0
111010001010000001000101001000011101,7092,0.5538088481880332,-0.16713242945342344,0.20000000000000015,1.0
100010001000000000000100001111010111,6094,11.946264294823262,11.095827155823176,1.3877787807814457E-16,1.0
100010001000000000000100101110000101,2366,0.12463214936077924,-0.7209140255920441,0.8,1.0
101010001000000001000100001010010101,3238,0.03718127421479807,-0.7239677883528388,1.0,1.0
101100011010000001000110101010110101,5900,11.925058562506953,11.27491682158808,1.3877787807814457E-16,1.0
101010101000000001000100001010010101,3072,0.09808230373470077,-0.5496072642415794,0.8,1.0
001100001000000001000100001010010001,4054,0.014162981586294431,-0.563444446752398,1.0,1.0
101100001000000001000100101010000101,7152,0.02981911672570959,-0.6670974743304074,1.0,1.0
100100001000000000000100001000010101,8196,0.059638233451419186,-0.8937847873379051,1.0,1.0
100010001000000000000101001010011101,5498,0.03718127421479806,-0.7239677883528386,1.0,1.0
000100001000000000000100001110000001,9678,0.20887550697115048,-0.5410061995142365,1.0,0.6000000000000001
100100001000000000000101101010001101,4826,0.02981911672570959,-0.6670974743304074,1.0,1.0
100110001000000000000100100100010101,690,0.12657161666561154,-0.6431956359381643,0.8,1.0
101000001000000011000100001010010101,5152,0.02981911672570959,-0.6670974743304072,1.0,1.0
101000001110000001000101001110011101,9836,1.4802973661668754E-17,-0.5114106250106643,1.0,1.0
101000001000000001000101101011001101,3242,0.08262221533127882,-0.4979329180896097,1.0,0.8
100010001110001000000100011010010101,6848,11.930129042213565,11.245290669264943,1.3877787807814457E-16,1.0
100100001000000000010101101010001111,4448,11.920985531728233,11.249051475254884,1.3877787807814457E-16,1.0
100010001000000000000100001001010101,6110,0.13282397878689994,-0.7926386301053575,0.8,1.0
100100001000000000000100001000010101,8860,0.059638233451419186,-0.8937847873379051,1.0,1.0
101100100100001001100101101010001100,9376,11.93455231132964,11.552706235492698,1.3877787807814457E-16,1.0
100100001000000000000100001010010101,6610,0.049698527876182653,-0.8028460464800199,1.0,1.0
100100001001100000001100000010010101,4582,0.5313640690968598,0.024499569405137644,0.20000000000000015,1.0
101010001010000001000100011000000101,3260,0.11543564651380814,-0.7012169573760713,0.8,1.0
101000001000000001000100001000010101,9448,0.1581477339848974,-0.6778111154093193,1.0,0.7000000000000001
111100001000000001001100000100110101,642,11.923753974592028,11.254382113488509,1.3877787807814457E-16,1.0
101100111000000001100100101110000101,8830,11.906168878581482,11.416543562136836,1.3877787807814457E-16,1.0
101010001000000001000100001000010101,5384,0.08006326833860787,-0.7517913264837395,1.0,0.9
101100001010000011010100101010010101,2752,0.07853174012946837,-0.4206874835513099,0.8,1.0
100010001000000010000101001110011101,1604,0.10676770239686698,-0.5727386875629445,0.8,1.0
101000001110000001000100000010010101,4168,0.011681342092009394,-0.5676361870579848,1.0,1.0
100100001000000000000100001110000101,6666,0.12238103763222494,-0.7301635367239776,1.0,0.8
101010011000000001000110001100010101,2506,11.938389307290073,11.180174897532671,1.3877787807814457E-16,1.0
110101001110000000000101101010001101,1382,11.907975449067001,11.308936507193467,1.3877787807814457E-16,1.0
101100001000001001000100001010100101,9406,0.32385480048268656,-0.3238347674935937,0.40000000000000013,1.0
100010101110000000011100001010010101,9254,11.898536986892834,11.392416302856335,1.3877787807814457E-16,1.0
101100001000000001000100001010010101,6574,0.02981911672570959,-0.6670974743304074,1.0,1.0
101100001000000001000101101010001101,3316,0.009939705575236527,-0.5706154278456519,1.0,1.0
101100001000000001000101001000011101,4132,0.019879411150473054,-0.6150959726776,1.0,1.0
100100001000000000000100001010010101,8276,0.049698527876182653,-0.8028460464800199,1.0,1.0
100100001000100000000100001110010101,9164,0.20049664677404774,-0.45770035614787374,0.6000000000000001,1.0
100100001000000000010100001010010101,5706,0.10856698528631828,-0.5900837743534219,0.8,1.0
101100001000000001000100001110100101,4192,0.10824849050853781,-0.608062973410106,0.8,1.0
101000001110000001000110001110000101,2856,11.923886141115823,11.202447842313948,1.3877787807814457E-16,1.0
110110001000000010000100001111110111,360,11.946498980832699,11.129761994123381,1.3877787807814457E-16,1.0
100000001000000000000000001000010101,8782,0.8122639411645788,-0.23192834481334546,1.0,0.10000000000000014
101100001010000001000100001010000101,7520,0.09366814175383732,-0.5821824666148362,1.0,0.8
101100001000000001000100001010010101,2604,0.02981911672570959,-0.6670974743304074,1.0,1.0
100100001000000000000100001010110101,5166,0.12463214936077924,-0.7209140255920441,0.8,1.0
101000001110000001000100001010000101,1846,0.09366814175383731,-0.582182466614836,1.0,0.8
101011001000000001000100001010010101,8798,0.1864400840204583,-0.458747932543796,0.6000000000000001,1.0
101100001001100001000110001010010111,2280,11.927091249871143,11.219818455177965,1.3877787807814457E-16,1.0
100010001001000000000100001000010101,2474,0.09445958695136397,-0.8310030219408935,1.0,0.9
101100001000000001000100001110000101,8632,0.02981911672570959,-0.6670974743304074,1.0,1.0
101100001000000001000100001000010101,8562,0.03975882230094612,-0.7287036029625051,1.0,1.0
100100001000000000000101010010011101,7316,0.19759560028536374,-0.4764144691255111,0.6000000000000001,1.0
100010001000000000000101111010011111,2940,11.937533882165159,11.149517109825522,1.3877787807814457E-16,1.0
101100001001000011000000001010010101,7090,0.09346967751040115,-0.4798703303734744,0.8,1.0
101111101111010001001011011110111111,204,11.89465347600299,11.411727811309353,1.3877787807814457E-16,1.0
100100001110000000000100101010010101,8814,0.10864946220801801,-0.5660153947303722,0.8,1.0
101010001000000001000100001010010101,9968,0.03718127421479807,-0.7239677883528388,1.0,1.0
100100101000000000000100001000010101,5994,0.11837588414946287,-0.6499840479750288,0.8,1.0
101100001001000001000100001110000101,3140,0.02832596317258884,-0.62726605832498,1.0,1.0
101010001000000001000100001010010111,8954,0.5674356526109147,-0.2615142242092171,0.20000000000000015,1.0
101100001000000001000100101010000111,7622,0.56251040728778,-0.21654040507784056,0.20000000000000015,1.0
101100001000010001000101101010011101,8790,0.5336694909762101,0.04247652459660323,0.20000000000000015,1.0
001010001110001001000100001010010001,7852,11.893259817887209,11.414412926595517,1.3877787807814457E-16,1.0
101100001000000001000101101010001101,3462,0.009939705575236527,-0.5706154278456519,1.0,1.0
101100001000000001000100001110010111,7322,0.5610165812014912,-0.17510015400239787,0.20000000000000015,1.0
100010001000000000000100001010010101,8240,0.05430902662140502,-0.8599205865286285,1.0,1.0
101100001000001001000100101000010101,2020,0.1911727716237052,-0.41459658682587675,0.6000000000000001,1.0
101010001000000001100100001110000101,1478,11.927345010528034,11.247838620568222,1.3877787807814457E-16,1.0
000000001001000000000101100010001001,7642,0.16638656221226722,-0.3276201316062502,1.0,0.6000000000000001
101100001000001001000100001010010101,3062,0.182653240016254,-0.40213299931081337,0.6000000000000001,1.0
101100000000000001000101001010011100,4934,0.014162981586294417,-0.46817489978556276,1.0,1.0
101101001000110001100101101011001101,1938,11.93009766887762,11.51296918369294,1.3877787807814457E-16,1.0
101000000100000001000100001010010100,8142,0.18054954379856164,-0.3970578845401308,1.0,0.6000000000000001
101100001000000001000100001000010101,2750,0.03975882230094612,-0.7287036029625051,1.0,1.0
101100001000100001000100001000010101,3882,0.19246213887939861,-0.44564938146517186,0.6000000000000001,1.0
001011001000001001000100001001010001,6750,11.893259817887209,11.414412926595517,1.3877787807814457E-16,1.0
101100111000000011000001101000001101,1662,0.3017764817866209,-0.14220952941070553,0.40000000000000013,1.0
101100001000000001000101101010001101,2270,0.009939705575236527,-0.5706154278456519,1.0,1.0
100100001000000000000100011000010101,6764,0.13282397878689994,-0.7926386301053575,0.8,1.0
100100001000101000000100001010010101,8878,0.5466567901597922,-0.042265387395012954,0.20000000000000015,1.0
100000100111010000110100001110110100,642,11.904828744592129,11.501096486873104,1.3877787807814457E-16,1.0
100010001000000000000100001010010101,2498,0.05430902662140502,-0.8599205865286285,1.0,1.0
100100001000000000000100001110000101,5778,0.12238103763222494,-0.7301635367239776,1.0,0.8
100100001000000000000100001010010101,8198,0.049698527876182653,-0.8028460464800199,1.0,1.0
001011001000000001100101101010001001,2152,11.910290262463331,11.456308458988518,1.3877787807814457E-16,1.0
101100001000000001000100001110000101,3002,0.02981911672570959,-0.6670974743304074,1.0,1.0
101000001010000011000100001110110111,566,11.927201686533355,11.22528955655752,1.3877787807814457E-16,1.0
101010001001000001000100001010000101,3946,0.10986378397084035,-0.6512852785967963,1.0,0.8
101100001000000001000111101110001101,8720,11.915333264656896,11.27504823443428,1.3877787807814457E-16,1.0
100010001000000000000100001100010101,6354,0.060141469030857646,-0.8653211398613998,1.0,1.0
101010011000000001001100001010010101,7488,11.911643484622523,11.321690895321845,1.3877787807814457E-16,1.0
101000001110000001010100001010010101,7854,0.07914028869688446,-0.45809801320886445,0.8,1.0
100000001110000010000101011100111101,658,0.3353245478262268,-0.3335626467582948,0.40000000000000013,1.0
101010001000100001000100001110000111,2656,11.927018238552266,11.20533349957105,1.3877787807814457E-16,1.0
110100001000000000000100001000010101,6836,0.22763920866949305,-0.7796100187020785,0.6000000000000001,1.0
100100001000000000000101101010011101,7322,0.02832596317258884,-0.62726605832498,1.0,1.0
101010001000000001000101100110001101,8838,0.08521267713832124,-0.48477865098203143,0.8,1.0
100100001001000010110100001110000101,1286,11.922963587484762,11.348170329583644,1.3877787807814457E-16,1.0
100000001000000000000100000100110101,656,0.13190985386536516,-0.7617230754537925,1.0,0.8
101010001001000001000100001000010101,3976,0.07807592809912256,-0.6985338934993913,1.0,0.9
100010001000000000000100001010010101,7286,0.05430902662140502,-0.8599205865286285,1.0,1.0
100000001110000000000100000010010101,2524,0.2014305884882954,-0.5167586844039417,1.0,0.6000000000000001
101010001010000001000101101111001101,3680,0.17691946599482594,-0.3742511447070741,0.6000000000000001,1.0
101100001000000001000100001010000101,1314,0.10416095775273483,-0.6450643128962421,1.0,0.8
100110001110000000000100111010010111,2162,11.940414224247512,11.175747387901103,1.3877787807814457E-16,1.0
100100001000000000000100001000110101,4702,0.060141469030857646,-0.8653211398613998,1.0,1.0
101010011001000001000100001010010101,8062,0.5569502842819473,-0.09178384782415372,0.20000000000000015,1.0
100100001000000000000100001010000101,8546,0.2188506422067548,-0.7219636845940995,1.0,0.6000000000000001
101100011000000001100100001010010101,4202,11.917886355388418,11.346829118984548,1.3877787807814457E-16,1.0
100010001000000000000100101110010101,5826,0.12246922830237761,-0.6685076834480154,0.8,1.0
101000001000000011001100001110000101,9536,0.17632626778750374,-0.40422886563338467,0.6000000000000001,1.0
100100001000100000100100001011010101,4334,11.924300177558456,11.326405147380799,1.3877787807814457E-16,1.0
110100011000000000000110001011010101,7172,11.94424655159787,11.127149488740974,1.3877787807814457E-16,1.0
101000001110000001100100001110010101,3688,11.910424768141338,11.357935990629072,1.3877787807814457E-16,1.0
100010011000000000000100001110010101,7988,11.941056522642791,11.194523083345372,1.3877787807814457E-16,1.0
101100001000000001000100001110010101,4648,0.028325963172588828,-0.62726605832498,1.0,1.0
101000001100000001000101001010011101,6802,0.009939705575236527,-0.5706154278456519,1.0,1.0
100100001000000000000100001000000101,4948,0.3614119024974132,-0.7097124318807841,1.0,0.40000000000000013
100111001000000000000100001000010101,7418,0.11644031993465852,-0.6601695016638552,0.8,1.0
100100001000000000010111000010011101,7812,0.546958577756211,-0.08464860673723962,0.20000000000000015,1.0
101010001110000001001110001000010101,3784,11.921809560090928,11.232998757568174,1.3877787807814457E-16,1.0
101010001000000001000100000010010101,2174,0.06715348639222582,-0.650809167021855,1.0,0.9
101100001000000001000101101010001101,7598,0.009939705575236527,-0.5706154278456519,1.0,1.0
101000001110000001000100001110000101,9790,0.019879411150473054,-0.6150959726775999,1.0,1.0
101100001000000001010100001100110101,6236,0.19746229630610573,-0.43760077329204883,0.6000000000000001,1.0
101000001010000001000100001110010101,932,0.09256192090651534,-0.5424134629215578,1.0,0.8
101100001000000001000101111010001101,8056,0.0918648316562964,-0.5233114167837202,0.8,1.0
100010001000000000000101001110011101,1108,0.03556598075249552,-0.6807454831661484,1.0,1.0
101110001000000011000101101000111111,6284,11.929553259769076,11.240595573322636,1.3877787807814457E-16,1.0
101010001010000001000100001010010101,6132,0.10129990776753688,-0.5982484393024486,0.8,1.0
100100001001100000000100001010010101,8174,0.20049664677404774,-0.45770035614787374,0.6000000000000001,1.0
100100001000000100110100001110000101,3206,11.930567377063763,11.279595004752432,1.3877787807814457E-16,1.0
101000001100010001000100001110010101,1902,0.5336694909762101,-0.020734435832649778,0.20000000000000015,1.0
100000001110000000010100100010010101,4414,0.01797649289151852,-0.5368032907138613,1.0,1.0
101000001110000001000100001010010101,9134,0.01987941115047306,-0.6150959726776001,1.0,1.0
101100001100010001000101100011001101,8262,11.914046985641567,11.465882806321924,1.3877787807814457E-16,1.0
100100001000000000000101101010001101,8912,0.02981911672570959,-0.6670974743304074,1.0,1.0
100100001000000000000100001000010101,2644,0.059638233451419186,-0.8937847873379051,1.0,1.0
100100001000000000001101111000011101,8148,0.5504619329400832,-0.08202671742730738,0.20000000000000015,1.0
001100001110000001000101001010011001,5210,0.09902953342636318,-0.3453381354279043,0.8,1.0
101100101000000101000100001010010101,5618,0.32276333428881276,-0.2953630226563649,0.40000000000000013,1.0
100010001001000000000100001110100101,2770,0.12620995422532474,-0.7145570628911494,0.8,1.0
101100001000000001000100001000010101,3016,0.03975882230094612,-0.7287036029625051,1.0,1.0
111000001110000001000100001010010101,4930,0.5548538264806268,-0.16658447232124773,0.20000000000000015,1.0
001010001000001001000100001110100001,9996,0.5455972363001618,-0.04408834683649332,0.20000000000000015,1.0
101001101010010011000100101110110101,528,11.908182841557831,11.457623743441369,1.3877787807814457E-16,1.0
100010001000000000000100001010010101,4302,0.05430902662140502,-0.8599205865286285,1.0,1.0
101000011110000001000100001000010101,9044,11.920235032226191,11.298138651875119,1.3877787807814457E-16,1.0
001011100111110101100011001011101010,0,11.914958458545438,11.495579957070518,1.3877787807814457E-16,1.0
101100100110000011010100000001000100,424,0.5631740703035109,0.189200584981444,0.20000000000000015,1.0
101000001100000001001101111010001101,5164,0.5270261663000265,-0.005781304615302352,0.20000000000000015,1.0
100010001000000000000100001110100101,1216,0.12826348977727423,-0.7686747720321623,0.8,1.0
100110001000000000000100001100010101,2400,0.05763748149909064,-0.8005865789298944,1.0,1.0
101100001110000001000100001010010101,4676,0.09156648520443485,-0.5105421329280682,0.8,1.0
100010001100000000000100000110010101,640,0.12021608819945365,-0.6336258373588133,0.8,1.0
100010001000000010000100001110010101,7884,0.12246922830237761,-0.6685076834480154,0.8,1.0
100110001000000000000110001010010101,9570,0.5790804276927262,-0.323814506335111,0.20000000000000015,1.0
101010001000000001000100001110000101,5852,0.03718127421479806,-0.7239677883528386,1.0,1.0
101100001000000001000100001010010101,6342,0.02981911672570959,-0.6670974743304074,1.0,1.0
101000101110000001000100001010010101,7104,0.1728443411531094,-0.3643939607526395,0.6000000000000001,1.0
100010001000000000000100001000010101,5592,0.09719102074521484,-0.914710810471064,1.0,0.9
100100001000000000100100001010010101,9734,0.5691861938169835,-0.1649330116031683,0.20000000000000015,1.0
101110001000000011000100001010010101,4324,0.10676770239686698,-0.5727386875629443,0.8,1.0
111100001000100001000100001010010111,6594,11.928199123964273,11.190122372327806,1.3877787807814457E-16,1.0
110110011000000000000110001110010101,1218,11.945494875876864,11.128599576084373,1.3877787807814457E-16,1.0
111100001000000001000100011010000101,1780,0.3416631558629289,-0.48728672095720266,0.40000000000000013,1.0
101010001000000001000101101000011101,9052,0.06169226924688115,-0.6012386298419142,1.0,0.9
000100010000000000000100101010010000,2886,11.910953764327866,11.453121087189022,1.3877787807814457E-16,1.0
101010001000000001000100001100010101,2582,0.043757810178616234,-0.7328520114198976,1.0,1.0
101100001000000001000100001100010101,6790,0.03776795089678511,-0.6785022314967482,1.0,1.0
101100001100000001000100001110000101,6982,0.10100847292863113,-0.5545835485689377,0.8,1.0
100000001110000000000100001110010101,926,0.03776795089678511,-0.6785022314967482,1.0,1.0
100100001000100000101101101010001111,7402,11.904892949139603,11.358113418815952,1.3877787807814457E-16,1.0
101100001000000001000110001010010111,3638,11.936844576702414,11.097438722469136,1.3877787807814457E-16,1.0
101100101000000001000100001010010101,7930,0.08894918756002906,-0.4958370517670382,0.8,1.0
101010001000000001000100001000010101,9876,0.08006326833860787,-0.7517913264837395,1.0,0.9
100010001000000000000100001010010101,3294,0.05430902662140502,-0.8599205865286285,1.0,1.0
111100001000000001000100001110000101,7016,0.2046694662480334,-0.5743813461175871,0.6000000000000001,1.0
101000001010000011000100001111000101,818,0.018883975448392546,-0.5832246426841102,1.0,1.0
101100001000000001000101101010001101,5204,0.009939705575236527,-0.5706154278456519,1.0,1.0
101100101000010001000101101010111101,5440,11.901028751410669,11.428345369352588,1.3877787807814457E-16,1.0
101011001110001001000100001110000101,5160,11.893259817887209,11.391742416440142,1.3877787807814457E-16,1.0
100111001000000100000100000100110101,704,0.5694595099194608,-0.15435178682862738,0.20000000000000015,1.0
101000001110000001000101101010001101,6266,0.0,-0.5321342441674861,1.0,1.0
101000001110000001000100001010010101,6720,0.01987941115047306,-0.6150959726776001,1.0,1.0
101100001000000001000100001110010101,2510,0.028325963172588828,-0.62726605832498,1.0,1.0
101100011000000001000100101010010101,3980,11.919007243268402,11.324626204775086,1.3877787807814457E-16,1.0
100010001000000000000100001010000101,1894,0.1295754315102834,-0.8738730162920946,1.0,0.8
100100001000000000000100001011010101,4190,0.11989244837702369,-0.6661705103480575,0.8,1.0
101101001000000001000100001101010101,2414,0.31643848273001596,-0.2586558953433192,0.40000000000000013,1.0
101010001000010001000100001110010101,3994,11.912442139787464,11.297265891347447,1.3877787807814457E-16,1.0
001000001110000001000100101010010001,9400,0.16638656221226722,-0.3199233770655187,1.0,0.6000000000000001
101100001000000001100100001010110101,5954,11.925982598917143,11.277248466811042,1.3877787807814457E-16,1.0
100110001000000000000100001110000101,2208,0.05194963960473694,-0.7935965353480863,1.0,1.0
101111101111011111001011011111111101,0,11.903303188881088,11.465716668646424,1.3877787807814457E-16,1.0
100100001000000000000101101010001101,2842,0.02981911672570959,-0.6670974743304074,1.0,1.0
100010001000001000000100001110100111,6898,11.942450561958731,11.11648913635723,1.3877787807814457E-16,1.0
101100001000000001000100001000010101,4650,0.03975882230094612,-0.7287036029625051,1.0,1.0
100100001000000000000101101010001101,4748,0.02981911672570959,-0.6670974743304074,1.0,1.0
101000001100000011001101001111011101,958,11.901842293014273,11.437950242826705,1.3877787807814457E-16,1.0
101000001110000001000100101100010101,2094,0.09965772409502409,-0.5224386562560484,0.8,1.0
000100000000000000000100001010000000,9778,11.921585781059798,11.265993759562228,1.0,1.3877787807814457E-16
101000001000000001000100100000010101,4224,0.15122049626533554,-0.5669687766269015,1.0,0.7000000000000001
100100001000000000000100001010010101,9662,0.049698527876182653,-0.8028460464800199,1.0,1.0
010101000010101100111101011011001000,258,11.934935830140265,11.54466146053128,1.3877787807814457E-16,1.0
100000001110000000000100001111010101,7340,0.10864946220801802,-0.5660153947303723,0.8,1.0
100100001000100000000100001010010101,8382,0.2022710377425432,-0.4963797218971969,0.6000000000000001,1.0
010111001010000010000101101011001011,186,11.913801076557863,11.310460825187475,1.3877787807814457E-16,1.0
001100011011010111010000110100100001,0,11.895643605881295,11.490042009684542,1.3877787807814457E-16,1.0
100010001000000000000100001110000101,3176,0.05430902662140502,-0.8599205865286285,1.0,1.0
101100001000000001000100001010010101,4632,0.02981911672570959,-0.6670974743304074,1.0,1.0
101010011000100001000100001010010101,2110,11.916566618457589,11.323367596744554,1.3877787807814457E-16,1.0
101100001000000001001100101000010101,7076,0.3173389819524206,-0.2847696361800823,0.40000000000000013,1.0
101100001001000011010100001110000101,1330,0.31318879450721526,-0.2241207089796226,0.40000000000000013,1.0
100110001000000000000100001000010101,5348,0.060141469030857646,-0.8653211398613998,1.0,1.0
101010001000000001000100001110110101,2512,0.11227646917451359,-0.617966586992145,0.8,1.0
101100111000000001100100001010010101,2754,11.906724739485396,11.403449456643528,1.3877787807814457E-16,1.0
011000100100100001000100001110000000,4586,11.916227265745201,11.491301789493482,1.3877787807814457E-16,1.0
101100000000001001000110001110000100,7238,11.909526495691196,11.324740256364128,1.3877787807814457E-16,1.0
100100001000000000000100001110000101,5322,0.12238103763222494,-0.7301635367239776,1.0,0.8
101100001000000001000101101110001101,6620,0.08212449748023858,-0.47227942932862144,0.8,1.0
100100001000000000000100001010000101,7072,0.2188506422067548,-0.7219636845940995,1.0,0.6000000000000001
101000001010000011000000011100100101,1252,0.2028212449050667,-0.4925106644279357,0.6000000000000001,1.0
101100001010000001000100001010010101,3238,0.01987941115047306,-0.6150959726776001,1.0,1.0
101000001110000101000100100110000101,1634,0.187224085823494,-0.40302890273419634,0.6000000000000001,1.0
110000001000000010000100000100110101,634,0.2249753109889492,-0.66208725863807,0.6000000000000001,1.0
101000000010000011000100000110010100,856,0.05073580958797876,-0.390604050622222,1.0,0.9
101100001000000001000100001010010101,9644,0.02981911672570959,-0.6670974743304074,1.0,1.0
100010001101000000001101101010001101,2418,11.911643484622523,11.321690895321845,1.3877787807814457E-16,1.0
101010001010000011010100001010010101,3878,0.540433055108537,-0.03526690150244327,0.20000000000000015,1.0
101100001000000001000100001000010101,7646,0.03975882230094612,-0.7287036029625051,1.0,1.0
101100001000000001000101101010001101,6728,0.009939705575236527,-0.5706154278456519,1.0,1.0
100010001000000000000100001110000101,8096,0.05430902662140502,-0.8599205865286285,1.0,1.0
100010001000000000000100001010010101,1296,0.05430902662140502,-0.8599205865286285,1.0,1.0
101010001001000001000100101010000101,9518,0.03556598075249552,-0.6807454831661482,1.0,1.0
100100001110000000000101101010001101,5092,0.09156648520443483,-0.510542132928068,0.8,1.0
101010001000000001000100001110000101,2164,0.03718127421479806,-0.7239677883528386,1.0,1.0
100010001010000000000101101010001101,4744,0.10129990776753688,-0.5982484393024488,0.8,1.0
100010001000000000000100001000010101,5048,0.09719102074521484,-0.914710810471064,1.0,0.9
101010001000000001000100001010010101,7864,0.03718127421479807,-0.7239677883528388,1.0,1.0
101100011000100001100110001010010101,5074,11.917145458239128,11.340225002593977,1.3877787807814457E-16,1.0
100100001000000000000101001010011101,8478,0.02981911672570959,-0.6670974743304074,1.0,1.0
100001000000011010001101001110001100,728,11.981401523170991,11.580879129682964,1.3877787807814457E-16,1.0
001010001000000001000100001000010001,8890,0.15468814434866662,-0.5890314707192881,1.0,0.7000000000000001
100010011000000000000100001110010101,1586,11.941056522642791,11.194523083345372,1.3877787807814457E-16,1.0
101100101000010001000101001010011111,8528,11.895849020896023,11.377478996475732,1.3877787807814457E-16,1.0
101100001000010001000100001110000101,2086,11.903199523462446,11.322644390041557,1.3877787807814457E-16,1.0
101010001011000001000100001010010101,2372,0.1000566610824171,-0.5628742380063783,0.8,1.0
100110001010000000001100001000010101,6488,0.5597934840045093,-0.1565179799141344,0.20000000000000015,1.0
101101001000000001100100011010010101,5820,11.910908675191493,11.342459273659765,1.3877787807814457E-16,1.0
000010001000000000000100001110000001,1256,0.12271896395258372,-0.7140497070651843,1.0,0.8
100010001000000000000100101110010101,2596,0.12246922830237761,-0.6685076834480154,0.8,1.0
100010001000000000000100001010010101,2556,0.05430902662140502,-0.8599205865286285,1.0,1.0
100000011110000000000100001010010101,6414,11.929226770339184,11.254561913400794,1.3877787807814457E-16,1.0
101000001110000001000100001010010101,6670,0.01987941115047306,-0.6150959726776001,1.0,1.0
101100001000100001000101100010001101,8612,0.3138853446898005,-0.15422992943653202,0.40000000000000013,1.0
000100001000001000000100001110010001,7150,0.18785356651150006,-0.36145544114662975,0.6000000000000001,1.0
100100001110010000000100001010010101,6402,11.912143793335602,11.3100351752031,1.3877787807814457E-16,1.0
101000101010011011010100001110010101,486,11.929871713724907,11.517572589221487,1.3877787807814457E-16,1.0
001100001000110001001100001010010001,6204,11.953603762859048,11.541988310367943,1.3877787807814457E-16,1.0
101100001001000001000101101010011101,3832,0.008991738112993926,-0.5236645563668177,1.0,1.0
101110001000000001001001101010011101,2336,11.899118349108166,11.416288388173042,1.3877787807814457E-16,1.0
100100001000000000000100101010000101,5508,0.049698527876182653,-0.8028460464800199,1.0,1.0
101110001000010001000100001110010101,1074,11.911643484622523,11.321690895321845,1.3877787807814457E-16,1.0
101000001110000001000110001110010101,2448,11.922691080246791,11.236987207575318,1.3877787807814457E-16,1.0
101010001000010001000100001110000101,1436,11.9133133396954,11.268125323131146,1.3877787807814457E-16,1.0
100110001000000000000100001000010101,7352,0.060141469030857646,-0.8653211398613998,1.0,1.0
100101001000000010000100001010010101,4080,0.10100847292863113,-0.5545835485689377,0.8,1.0
101010001000000001000100001011010101,9014,0.10824849050853781,-0.6080629734101061,0.8,1.0
100111001010000000000101101010001101,7752,0.5352179957261473,-0.03684046017142295,0.20000000000000015,1.0
101100001100000001000101101100011101,8738,0.183551512466396,-0.3689372650458701,0.6000000000000001,1.0
101100011000100001000110101000010101,5062,11.92476541543781,11.292615714703233,1.3877787807814457E-16,1.0
100100001000000000000100001010010101,4706,0.049698527876182653,-0.8028460464800199,1.0,1.0
101000001000000001000100001110000101,9304,0.10416095775273485,-0.6450643128962421,1.0,0.8
000100001100000000010100001000010001,4312,0.20079829171004415,-0.41182825140913215,0.6000000000000001,1.0
101100001000000001001101100010001101,2212,0.18974924639628601,-0.28640881625233144,0.6000000000000001,1.0
101000001110000001000101000011011111,8068,11.901530439057925,11.34327853683304,1.3877787807814457E-16,1.0
001000001010000011000100001111000011,876,0.18527053766065976,-0.41683808047184323,0.6000000000000001,1.0
101100001000000001000100001010010101,6086,0.02981911672570959,-0.6670974743304074,1.0,1.0
100100001000000000000100001000010101,8036,0.059638233451419186,-0.8937847873379051,1.0,1.0
100010001000000000000100001110000101,2392,0.05430902662140502,-0.8599205865286285,1.0,1.0
101100001000000001000100001110000101,8350,0.02981911672570959,-0.6670974743304074,1.0,1.0
101000001110000001000100001010010101,6522,0.01987941115047306,-0.6150959726776001,1.0,1.0
101100001000010001000100101000010101,9252,0.3173389819524206,-0.2847696361800824,0.40000000000000013,1.0
100100001110001000000100011010010101,6958,11.924335551981047,11.289272482382893,1.3877787807814457E-16,1.0
100100001000000000000100001110000101,2672,0.12238103763222494,-0.7301635367239776,1.0,0.8
101100001000000001000100001010010101,4862,0.02981911672570959,-0.6670974743304074,1.0,1.0
100100001010000000000100001010010101,6288,0.03975882230094612,-0.7287036029625051,1.0,1.0
101010001000000001000100001011010101,8680,0.10824849050853781,-0.6080629734101061,0.8,1.0
101010001000000001000100101010010101,3346,0.03556598075249552,-0.6807454831661484,1.0,1.0
001011001000000001100100001011010001,2040,11.896587073403976,11.416534088614886,1.3877787807814457E-16,1.0
101000001110000001100100001001010101,4430,11.919007243268402,11.324626204775084,1.3877787807814457E-16,1.0
000100001010000000000100001000010001,9244,0.20887550697115048,-0.5410061995142365,1.0,0.6000000000000001
100100001000000000000100001010010101,9552,0.049698527876182653,-0.8028460464800199,1.0,1.0
010111010110101110001001100001001010,130,11.914277215052993,11.518132665463447,1.3877787807814457E-16,1.0
100110001000000000000100001010010101,6222,0.05194963960473694,-0.7935965353480863,1.0,1.0
101100001000010001000101001010011101,8372,0.5341672088272503,0.025712155009792625,0.20000000000000015,1.0
100100001000000000000100001010010101,6932,0.049698527876182653,-0.8028460464800199,1.0,1.0
100100001000000000000100001010000101,3698,0.2188506422067548,-0.7219636845940995,1.0,0.6000000000000001
100000001110100110000100001110000101,916,0.3295307405978666,-0.30553232900028787,0.40000000000000013,1.0
100010001111000000000100001000010101,6626,0.21617328075860254,-0.5748036309917904,0.6000000000000001,1.0
101100001000000001000100001000010101,7082,0.03975882230094612,-0.7287036029625051,1.0,1.0
101000001110100001000100001010010101,1162,0.07914028869688446,-0.45809801320886445,0.8,1.0
100100000000000000000100001010010100,3748,0.20887550697115048,-0.5410061995142365,1.0,0.6000000000000001
100100001110000000100101001010011101,3970,11.910424768141338,11.357935990629072,1.3877787807814457E-16,1.0
100100001000000000000100001010010101,2954,0.049698527876182653,-0.8028460464800199,1.0,1.0
100111001000000000001100001010010101,3288,0.543409825152268,-0.07176642328774863,0.20000000000000015,1.0
100100001000100000100101101000011101,7482,11.91581540122575,11.35915780370737,1.3877787807814457E-16,1.0
111010001110100001100100001010010101,3864,11.91764692465512,11.311922864387801,1.3877787807814457E-16,1.0
100010001000000000000100001110010101,5222,0.05194963960473695,-0.7935965353480864,1.0,1.0
101000001100000101000100010110000101,1812,0.2028212449050667,-0.4925106644279358,0.6000000000000001,1.0
101010001100000001000110001010010101,2534,0.5659288365742291,-0.21823484084427824,0.20000000000000015,1.0
001000001110000001000100001010010001,7822,0.16638656221226725,-0.34502406279839715,1.0,0.6000000000000001
101100001000000001000100001110000101,9782,0.02981911672570959,-0.6670974743304074,1.0,1.0
001000001000000001000000001110010001,4546,0.0726825097560423,-0.4213241840624751,1.0,0.8
101000001110000001001100001010010111,3684,11.908572979501516,11.284548441550275,1.3877787807814457E-16,1.0
101100001000000001000100001000010101,5412,0.03975882230094612,-0.7287036029625051,1.0,1.0
100100001000000000000100001010010101,1698,0.049698527876182653,-0.8028460464800199,1.0,1.0
010011111100010100111101101010011011,294,11.898192270592359,11.449637647936271,1.3877787807814457E-16,1.0
101010001000000001000100001100000101,8834,0.11842766017414383,-0.7134269346482035,1.0,0.8
001001010101110111111001001101011010,134,11.96153177064761,11.610162376185672,1.3877787807814457E-16,1.0
101100001000000001000100001010010101,4294,0.02981911672570959,-0.6670974743304074,1.0,1.0
100010001000000000010101101010001101,7968,0.1917863561909257,-0.4559032117853543,0.6000000000000001,1.0
101100000000001001000100011110000100,1720,0.30915998327508265,-0.2138763628897819,0.40000000000000013,1.0
101100001001000011000000001010010101,7218,0.09346967751040115,-0.4798703303734744,0.8,1.0
100110001100000010000111101010001101,2204,11.93224224960702,11.217918392783806,1.3877787807814457E-16,1.0
101110101100000001000100001110000101,1928,11.916566618457589,11.323367596744554,1.3877787807814457E-16,1.0
100011001000000000000100101010010101,7574,0.20195254296476273,-0.5143589209538811,0.6000000000000001,1.0
100100000000000000000100001110000100,5134,0.2682614415068691,-0.48162026497851784,1.0,0.5000000000000001
101000001110010011001100001110000101,2114,11.912143793335602,11.43791680214232,1.3877787807814457E-16,1.0
101100001110000001010100001010010101,6772,0.1725250213230201,-0.344083397854273,0.6000000000000001,1.0
100010001000000000000100001110000101,5282,0.05430902662140502,-0.8599205865286285,1.0,1.0
101100001000000001000100011011010101,7356,0.3325401991448527,-0.3469661908149588,0.40000000000000013,1.0
100010001000000000000100001010010101,2268,0.05430902662140502,-0.8599205865286285,1.0,1.0
101010001001100011001100000010010101,4612,11.893259817887209,11.416682245525754,1.3877787807814457E-16,1.0
101100001000000001000101101010001101,4550,0.009939705575236527,-0.5706154278456519,1.0,1.0
100000001000000000000100001010010101,7678,0.35091908649851566,-0.5898952403023388,1.0,0.40000000000000013
100000011110000000000100001000010101,7498,11.938218508452179,11.204099303032027,1.3877787807814457E-16,1.0
101100001000000001000100000000010101,7600,0.06936214419653453,-0.6488271286957026,1.0,0.9
101000011001000001000100001010010101,2938,0.5512027175909956,-0.07089366276007669,0.20000000000000015,1.0
100100001000000000000100001010010101,4452,0.049698527876182653,-0.8028460464800199,1.0,1.0
101000001000000101000101101010011101,1846,0.019182321900254106,-0.5959939265397625,1.0,1.0
100100001100000000000100001010010101,8906,0.11989244837702369,-0.6661705103480576,0.8,1.0
001100011000000001010101111010011001,7412,11.90240690693008,11.47587299452374,1.3877787807814457E-16,1.0
100100001000000000000100001110000101,3792,0.12238103763222494,-0.7301635367239776,1.0,0.8
100100001100000000010100001110010101,4064,0.19888946547497666,-0.42636688031766146,0.6000000000000001,1.0
101010001000000001000110001010010101,8882,0.3416631558629289,-0.487286720957203,0.40000000000000013,1.0
100100001000000000100101101011001101,3248,11.919007243268402,11.324626204775084,1.3877787807814457E-16,1.0
101000001110000001000100000010010101,3114,0.011681342092009394,-0.5676361870579848,1.0,1.0
100100101000000000000100101000010101,7252,0.11611646946816535,-0.6014165480917059,0.8,1.0
101010001000000011000101101010011101,1706,0.09106617649135634,-0.4988864128093219,0.8,1.0
100010001000000000000100001110010101,800,0.05194963960473695,-0.7935965353480864,1.0,1.0
101010001000000001000100001110110101,4462,0.11227646917451359,-0.617966586992145,0.8,1.0
111110001000000001000101101010001101,5158,0.1949363044159854,-0.4938744981067683,0.6000000000000001,1.0
101000001111000011000100001011010101,1744,0.183551512466396,-0.3689372650458699,0.6000000000000001,1.0
100100001000000100000100001010010101,4252,0.12463214936077924,-0.720914025592044,0.8,1.0
101000001110110001000100101000010101,4788,11.896445233926798,11.411995102319072,1.3877787807814457E-16,1.0
101011001000000001000100001010010101,8568,0.1864400840204583,-0.458747932543796,0.6000000000000001,1.0
100010001000000000000100101000010101,2186,0.09445958695136397,-0.8310030219408935,1.0,0.9
001100001000000001000100001110000001,2426,0.08684549134233671,-0.49076193699635573,1.0,0.8
100100111010000000000100101010010101,6240,11.91581540122575,11.35915780370737,1.3877787807814457E-16,1.0
101100001000100001000100001010010101,4238,0.182653240016254,-0.40213299931081337,0.6000000000000001,1.0
101100001000000001000100001010010101,3490,0.02981911672570959,-0.6670974743304074,1.0,1.0
110000001010000010000100001010010101,2254,0.34439449134694744,-0.5000571522414443,0.40000000000000013,1.0
101100001000000001000100001000010101,7030,0.03975882230094612,-0.7287036029625051,1.0,1.0
101010001000000011000100001110000101,9978,0.10824849050853781,-0.6080629734101061,0.8,1.0
111010010011100011000100011110110100,402,11.918229302249111,11.356954904034241,1.3877787807814457E-16,1.0
100100001000000000000100001010010101,4196,0.049698527876182653,-0.8028460464800199,1.0,1.0
101100001000000001000100001000010101,9980,0.03975882230094612,-0.7287036029625051,1.0,1.0
100100001000000000000100011000010101,7410,0.13282397878689994,-0.7926386301053575,0.8,1.0
100011001000000000000100001010010101,2594,0.10986378397084036,-0.6512852785967965,0.8,1.0
000100000000000000000100001100000000,9742,0.4414121339626702,-0.2674411431336544,1.0,0.30000000000000016
100100001000000000000100001110010101,2122,0.0472099386209814,-0.7388530201040998,1.0,1.0
100010001000000000000100001010000101,5200,0.1295754315102834,-0.8738730162920946,1.0,0.8
100010001000010010000100001110110101,976,11.931443032329346,11.234266788013997,1.3877787807814457E-16,1.0
101100001000000001000100001010010101,8932,0.02981911672570959,-0.6670974743304074,1.0,1.0
110110111000111110001001110010111101,228,11.894873540477256,11.446149206856612,1.3877787807814457E-16,1.0
111010010011110111000101001111001110,278,11.900101644363344,11.400210785927,1.3877787807814457E-16,1.0
011011001000011111011011100111001011,0,11.90931728304379,11.457165680388838,1.3877787807814457E-16,1.0
100100001101000000000100101010010101,5044,0.11559488539136428,-0.5767741966301572,0.8,1.0
101100001000000001000100001010000101,7942,0.10416095775273483,-0.6450643128962421,1.0,0.8
001100001000000001000100001010000001,2302,0.18169972382657368,-0.4423248141246674,1.0,0.6000000000000001
100100001110100000100110001000010101,4608,11.931528654618527,11.259806426014126,1.3877787807814457E-16,1.0
101010001000000001000000001110000101,8078,0.03283536847171948,-0.6851272849423613,1.0,1.0
101000001100000001000100000000010101,6034,0.06936214419653453,-0.6488271286957026,1.0,0.9
010101000011101100111101010011001010,192,11.9225015893768,11.520636146897017,1.3877787807814457E-16,1.0
101100001000000001000100101010010101,9190,0.028325963172588835,-0.62726605832498,1.0,1.0
101000001110000001101100001010010101,7974,11.893259817887209,11.399253124068691,1.3877787807814457E-16,1.0
100100001110000000000100001010010101,3698,0.1104504606528274,-0.605819721740706,0.8,1.0
101100001000000001000101001010011101,2530,0.009939705575236527,-0.5706154278456519,1.0,1.0
101000001000000001000100001010000101,1618,0.19971989554560055,-0.6179271632779288,1.0,0.6000000000000001
100100001000000000000101101010001101,6510,0.02981911672570959,-0.6670974743304074,1.0,1.0
111010001000000001000100001010010101,1386,0.20959471157116805,-0.6193551652489637,0.6000000000000001,1.0
001000001010000011001100001110110001,472,11.900020807910009,11.429792342477711,1.3877787807814457E-16,1.0
101000001110000001000100001110000101,2930,0.019879411150473054,-0.6150959726775999,1.0,1.0
101110001000000001010100001010010111,7380,11.925851262373092,11.23576587268686,1.3877787807814457E-16,1.0
110100001000000000010101101010001101,5786,0.32618072034505147,-0.3457533361282969,0.40000000000000013,1.0
111001010010111101111101101100011110,310,11.924381598414197,11.51479092073783,1.3877787807814457E-16,1.0
101110001100000101010100101100000101,5386,11.927614000445807,11.294435787153152,1.3877787807814457E-16,1.0
101101001000000001000100001000010101,6168,0.18626597336274028,-0.44870941046533286,0.6000000000000001,1.0
100000001010000000000100001000010101,6892,0.35091908649851566,-0.5898952403023388,1.0,0.40000000000000013
011011001000011111011001101110001011,218,11.917280135811664,11.474467533233003,1.3877787807814457E-16,1.0
100010001000000000000100001010010101,2966,0.05430902662140502,-0.8599205865286285,1.0,1.0
101110001110000001000100001010010101,9112,0.3246894361920974,-0.30779921417529316,0.40000000000000013,1.0
100010001000000000000100000110000101,3470,0.12517012128415095,-0.7544359247940405,1.0,0.8
100100001000000000000100001110010101,4108,0.0472099386209814,-0.7388530201040998,1.0,1.0
100100001010000000000101101000011101,6532,0.02832596317258884,-0.62726605832498,1.0,1.0
101010101000000001000111101010001101,3104,11.913514870286244,11.278182550435366,1.3877787807814457E-16,1.0
101000001110000001000100001110100101,1650,0.1000566610824171,-0.562874238006378,0.8,1.0
101100001000000001000100001010010101,7618,0.02981911672570959,-0.6670974743304074,1.0,1.0
100010001000000000000100001000010101,8308,0.09719102074521484,-0.914710810471064,1.0,0.9
101000011000000001000100001110010101,8090,11.920235032226191,11.298138651875119,1.3877787807814457E-16,1.0
101101001000000101000100101010010101,7924,11.911643484622523,11.321690895321845,1.3877787807814457E-16,1.0
101100001000000001000100101100000101,9780,0.1104504606528274,-0.6058197217407059,0.8,1.0
100010001000000000000100001110000101,2344,0.05430902662140502,-0.8599205865286285,1.0,1.0
101100001000000001000110001010010101,7582,0.56251040728778,-0.21654040507784034,0.20000000000000015,1.0
011110101010001001000100001000010001,7464,11.906552624704858,11.365397179829925,1.3877787807814457E-16,1.0
100010001000000000000101000010011101,3504,0.06715348639222582,-0.650809167021855,1.0,0.9
010111001010010010000101101100011011,104,11.90719958664689,11.351233052548908,1.3877787807814457E-16,1.0
101100001110000001000100001001010101,9710,0.19336177655124903,-0.4287346037998233,0.6000000000000001,1.0
101100001000000001000100001011010101,1766,0.10100847292863113,-0.5545835485689377,0.8,1.0
001100001110100001000101101010001001,7992,0.5674841249455014,0.1565442884552966,0.20000000000000015,1.0
101000001110000001000100001000010101,2176,0.02981911672570959,-0.6670974743304072,1.0,1.0
101100001010000001000100001110000101,1466,0.019879411150473054,-0.6150959726776,1.0,1.0
100100001000000000000100000000010101,4034,0.17458318044935434,-0.7414981516163526,1.0,0.7000000000000001
100010001000000000000100001110000111,840,0.3552899602858103,-0.6115118972878044,0.40000000000000013,1.0
101010001000000001000101101010001101,2704,0.020053521808191095,-0.6251344947560631,1.0,1.0
110100001010100000000100011110000101,5784,11.932369551270268,11.197761679287508,1.3877787807814457E-16,1.0
100010001000000000000101001000011101,7932,0.08006326833860787,-0.7517913264837395,1.0,0.9
100000001110000000000100001010010101,8710,0.20614538451321335,-0.5623170407502379,1.0,0.6000000000000001
100100001000000000000100000000010101,9316,0.17458318044935434,-0.7414981516163526,1.0,0.7000000000000001
100110001000000000000100001010010101,7680,0.05194963960473694,-0.7935965353480863,1.0,1.0
100100001000000000000100001010010101,7786,0.049698527876182653,-0.8028460464800199,1.0,1.0
100100001000000000000001101110011101,8800,0.09346967751040115,-0.4798703303734744,0.8,1.0
100100001000000000000100001000110101,9814,0.060141469030857646,-0.8653211398613998,1.0,1.0
111100001000000001000101101000011101,9166,0.19581782457184915,-0.4898860480996242,0.6000000000000001,1.0
100100001100000000001100001110000101,2022,0.19471252538485606,-0.4608794961127127,0.6000000000000001,1.0
000100000000011010001011110001001000,626,11.947298465956399,11.573022664322675,1.3877787807814457E-16,1.0
000110001010000100010100001000010001,5408,11.93105240606643,11.273428807255307,1.3877787807814457E-16,1.0
001100001010000001001100001011010001,6820,0.5505745269223348,0.1062068580680674,0.20000000000000015,1.0
100010001000000000000101111010001101,9492,0.11379545824851907,-0.6556373506272268,0.8,1.0
101000001100000001000100001110000111,952,0.33673791053979424,-0.4423129018258262,0.40000000000000013,1.0
001100001000000001000100001010010001,4346,0.014162981586294431,-0.563444446752398,1.0,1.0
101100001000000001000100001000000101,3632,0.20835782620785728,-0.6276010231863594,1.0,0.6000000000000001
110100001110100000000110001000010101,4378,11.939049286011096,11.142759974985726,1.3877787807814457E-16,1.0
001000001110000001000110001110000001,2564,11.913139229037682,11.278163845209608,1.3877787807814457E-16,1.0
101100001000000101000110001111000101,7220,11.933555889296658,11.187073331655172,1.3877787807814457E-16,1.0
100010001000000000000101101010001101,9650,0.03718127421479806,-0.7239677883528386,1.0,1.0
101000001110000001000100001010010101,8298,0.01987941115047306,-0.6150959726776001,1.0,1.0
100110001000010000000100001010010101,3080,11.928825798639705,11.21251433472106,1.3877787807814457E-16,1.0
100100001000000000000100001000010101,6144,0.059638233451419186,-0.8937847873379051,1.0,1.0
110010001000000010000100001000010101,7960,0.35988372650398887,-0.6144989650801076,0.40000000000000013,1.0
101110000000000001000101100000011100,9620,0.03846544411985878,-0.4450211923447125,1.0,0.9
100010001000000000000100000110000101,2066,0.12517012128415095,-0.7544359247940405,1.0,0.8
111000010010101111000111101011001110,214,11.906507496637506,11.364754186358354,1.3877787807814457E-16,1.0
101000001000000011000100001000010101,4914,0.03975882230094612,-0.7287036029625049,1.0,1.0
010000010010001010100111111001111010,312,11.9239401460228,11.334654036719849,1.3877787807814457E-16,1.0
101000001100000001000101001000111101,6018,0.06169226924688115,-0.601238629841914,1.0,0.9
100100001000000000000100001010010101,6678,0.049698527876182653,-0.8028460464800199,1.0,1.0
101010001000000001000100001010110101,9124,0.11379545824851907,-0.6556373506272272,0.8,1.0
101110001000000001000100001000010101,5398,0.04375781017861623,-0.7328520114198975,1.0,1.0
111100001010000011100101001000011101,4010,11.913735326871302,11.320719749734575,1.3877787807814457E-16,1.0
101100001000010001000101101010011101,3206,0.5336694909762101,0.04247652459660323,0.20000000000000015,1.0
100000001110000000000000011101000101,4318,0.12021608819945363,-0.6336258373588133,0.8,1.0
101000001110000001000100001110100101,1700,0.1000566610824171,-0.562874238006378,0.8,1.0
101100001000100001000100101110000101,1840,0.5396898375131093,-0.019221303508201948,0.20000000000000015,1.0
101000001110000001010101101011011101,6946,0.3103748913901242,-0.14531242085774254,0.40000000000000013,1.0
110010000000000000000101101010001100,8196,0.10986378397084035,-0.6512852785967963,0.8,1.0
101100001110000011000100000010010101,1864,0.08307609363322173,-0.4421710512018435,0.8,1.0
001000001010000011000100001111000001,842,2.960594732333751E-17,-0.4863099392777857,1.0,1.0
101100001001000001000100001010010111,7824,0.5610165812014912,-0.17510015400239787,0.20000000000000015,1.0
100110001000000000000000001110000101,2026,0.12257041851995637,-0.6863101824569435,1.0,0.8
101100001010000001000100001000000101,3176,0.10416095775273483,-0.6450643128962421,1.0,0.8
100100001000000000000101101010001101,9828,0.02981911672570959,-0.6670974743304074,1.0,1.0
101100001000000001000100011010010101,6300,0.20195254296476273,-0.5143589209538811,0.6000000000000001,1.0
101100001000000001000100001010110101,2598,0.10824849050853781,-0.6080629734101061,0.8,1.0
100100001001000000000100001010000101,7450,0.12238103763222494,-0.7301635367239776,1.0,0.8
101000001100000011000101101010001101,4408,0.009441987724196289,-0.5449619390846636,1.0,1.0
100100001000000000000101101010001101,7346,0.02981911672570959,-0.6670974743304074,1.0,1.0
101110001000000011000100001010010101,7804,0.10676770239686698,-0.5727386875629443,0.8,1.0
100100001100000000000100101010010101,5536,0.11764120032101195,-0.61647800509914,0.8,1.0
101100001000100001000100001110000101,2798,0.182653240016254,-0.40213299931081326,0.6000000000000001,1.0
100000101110000000000101111010011101,3328,11.908797684934129,11.353819054009616,1.3877787807814457E-16,1.0
000001010010111100111101101100011010,140,11.955922025854402,11.591260170804082,1.3877787807814457E-16,1.0
101000001110000001000100001010010101,2956,0.01987941115047306,-0.6150959726776001,1.0,1.0
100100001001000000001100001000010101,4452,0.3362229574008132,-0.3800472249927201,0.40000000000000013,1.0
101100001000000001000101101000011101,7932,0.01888397544839256,-0.5832246426841103,1.0,1.0
100110001000000000001101111010001101,9622,0.549887977619674,-0.0909431403208647,0.20000000000000015,1.0
100100001000000000000100001010010101,6004,0.049698527876182653,-0.8028460464800199,1.0,1.0
100010001000000000000100001110000101,2328,0.05430902662140502,-0.8599205865286285,1.0,1.0
100100001000000010000100001010010101,9808,0.0472099386209814,-0.7388530201040999,1.0,1.0
100100000000000000000100001010010100,4138,0.20887550697115048,-0.5410061995142365,1.0,0.6000000000000001
101000001100000001000100001111100101,1044,0.20047175485309188,-0.4790346351067195,0.6000000000000001,1.0
100100001000000000000100001110000101,6640,0.12238103763222494,-0.7301635367239776,1.0,0.8
100011001000000000000100101101000101,7662,0.34039096209760805,-0.3915434533505448,0.40000000000000013,1.0
100110001000000000000100000110010101,9290,0.047533578443411335,-0.7063083471148555,1.0,1.0
000110001000000000000100101110000001,1070,0.1172687924998523,-0.5926663309493838,0.8,1.0
101100001001000001000100001110000101,1818,0.02832596317258884,-0.62726605832498,1.0,1.0
101100001000000001000100001010010101,4206,0.02981911672570959,-0.6670974743304074,1.0,1.0
101100001000000001000101101000011101,9740,0.01888397544839256,-0.5832246426841103,1.0,1.0
101010001000000001000100001111000101,1792,0.03556598075249552,-0.6807454831661484,1.0,1.0
110100001000001000000100001010010101,3076,11.93614299015315,11.157443729943152,1.3877787807814457E-16,1.0
101100001000000001100100001000010101,4734,0.3344219589560038,-0.34024289798238655,0.40000000000000013,1.0
100010001000000000100101101010001101,7160,11.927345010528034,11.247838620568222,1.3877787807814457E-16,1.0
100001001010000010000100001110110101,578,0.19262099190033657,-0.4398676584670541,0.6000000000000001,1.0
101100001000000001000100001000010101,4642,0.03975882230094612,-0.7287036029625051,1.0,1.0
101100011000000001001100001010010111,6456,11.91450429026665,11.299614971902571,1.3877787807814457E-16,1.0
000100001001000000000100001011010001,9354,0.10962231600785521,-0.5250232358076627,0.8,1.0
101100001110010001100100001000010101,2042,11.901842293014273,11.387559244375408,1.3877787807814457E-16,1.0
100100001010000000000100001010010101,9028,0.03975882230094612,-0.7287036029625051,1.0,1.0
101100001110000001000100001010010101,9072,0.09156648520443485,-0.5105421329280682,0.8,1.0
100100001000000100000110001010010101,9906,11.948112742327922,11.045217808300084,1.3877787807814457E-16,1.0
101010001000000001001100001110000101,2548,0.31850852831221915,-0.32667948825203513,0.40000000000000013,1.0
100000001101000000000101101010001101,5722,0.02832596317258884,-0.62726605832498,1.0,1.0
100100001000100000001100001000010101,8454,0.5503030799191452,-0.08780844042542524,0.20000000000000015,1.0
101101001000000001001100001010100101,1150,11.896185587288793,11.343215284013674,1.3877787807814457E-16,1.0
100100001000000000000101101110001101,7942,0.10100847292863113,-0.5545835485689377,0.8,1.0
110101001000000000010100001010010101,9310,0.5519532170930372,-0.11998083938031101,0.20000000000000015,1.0
100010001000000000000100001110000101,2416,0.05430902662140502,-0.8599205865286285,1.0,1.0
101100001000000001000101101010001101,4362,0.009939705575236527,-0.5706154278456519,1.0,1.0
101010001000000001000100001110000101,9192,0.03718127421479806,-0.7239677883528386,1.0,1.0
001000001010100011000100001110000001,934,0.09132981425996714,-0.3592514737571586,0.8,1.0
100100001000000000000100001111010101,5630,0.11764120032101194,-0.6164780050991399,0.8,1.0
101100001000000001000111101010001101,1586,0.5471972456734735,-0.12294071857813282,0.20000000000000015,1.0
100100001000000000000100001010010101,5476,0.049698527876182653,-0.8028460464800199,1.0,1.0
100100001010001000000100001010010101,9762,0.19246213887939861,-0.44564938146517186,0.6000000000000001,1.0
100100001001100000010100001000010101,6142,0.5547701054693696,-0.054586072344520176,0.20000000000000015,1.0
101010001000000001000100001110110101,4428,0.11227646917451359,-0.617966586992145,0.8,1.0
100100001000000000000101001010011101,4566,0.02981911672570959,-0.6670974743304074,1.0,1.0
101100001000000001000100001110000101,1626,0.02981911672570959,-0.6670974743304074,1.0,1.0
100100001010000000110101101011101101,1126,11.907614805481048,11.386027752652884,1.3877787807814457E-16,1.0
101100001010000001000100001010010101,2142,0.01987941115047306,-0.6150959726776001,1.0,1.0
110100000000010100001010010111000110,152,11.925037971875792,11.247300813078445,1.3877787807814457E-16,1.0
110110000000010110000110011010110110,162,11.942377353081385,11.139178865429873,1.3877787807814457E-16,1.0
100100001000000000000101101010001101,9350,0.02981911672570959,-0.6670974743304074,1.0,1.0
101000010010100001100111001001111100,542,11.900174122755546,11.419780195774894,1.3877787807814457E-16,1.0
100100001100000000000100001000010101,5982,0.12933443610121997,-0.7383055234441679,0.8,1.0
101100001000000001000100001000010101,4828,0.03975882230094612,-0.7287036029625051,1.0,1.0
101000000110000001000101101000011100,8406,0.013173511835160445,-0.4495869056496966,1.0,1.0
100000001000000000000100001100000101,9118,0.3614119024974132,-0.7097124318807839,1.0,0.40000000000000013
101100001000000001000101101010001101,9280,0.009939705575236527,-0.5706154278456519,1.0,1.0
101100001000000001000100001010010101,5792,0.02981911672570959,-0.6670974743304074,1.0,1.0
001010001000000001010100001010010001,3680,0.17773585793735416,-0.36989269135199887,0.6000000000000001,1.0
101110001010000001000100001110000101,7722,0.1000566610824171,-0.5628742380063781,0.8,1.0
100000001110001000100100001010010111,6336,11.925937481272976,11.268388600429835,1.3877787807814457E-16,1.0
110110000000010100111101001101101110,194,11.915324031161274,11.338623409422096,1.3877787807814457E-16,1.0
100100001000000000000100001110000101,1338,0.12238103763222494,-0.7301635367239776,1.0,0.8
101100001000000001000100001010010101,5340,0.02981911672570959,-0.6670974743304074,1.0,1.0
101000001100000001000100001000010101,7972,0.07407694022145245,-0.6943854850419986,1.0,0.9
100010001000100000000100001010010101,2736,0.20871955217669802,-0.552484446549891,0.6000000000000001,1.0
101000001110000001000100011110000101,4576,0.19376071353864202,-0.4691701855501531,0.6000000000000001,1.0
111001010111010011000110001011110100,236,11.90077225198208,11.395419822287513,1.3877787807814457E-16,1.0
101101001110000001000100001010010101,1970,0.5242275032520138,0.012816878241349583,0.20000000000000015,1.0
100010001000000000001100001010010101,5568,0.3356362807188261,-0.42551278184881053,0.40000000000000013,1.0
111010001000000101000101101010001101,9624,0.3322366473284028,-0.4001958982905997,0.40000000000000013,1.0
101000011010001011000100001100000101,1270,11.907993605890397,11.370684102403558,1.3877787807814457E-16,1.0
100100001000000000000100001110010101,3270,0.0472099386209814,-0.7388530201040998,1.0,1.0
101100001000000001000101101010001101,5818,0.009939705575236527,-0.5706154278456519,1.0,1.0
100100001000000000000100001010010101,4376,0.049698527876182653,-0.8028460464800199,1.0,1.0
100100001000000000001100000110000101,5344,0.09604519394006107,-0.5473746042305423,1.0,0.8
101010001010000001000100001010010101,6024,0.10129990776753688,-0.5982484393024486,0.8,1.0
000110001110000000010100000001000001,624,11.917149601145018,11.376844797180793,1.3877787807814457E-16,1.0
100100001000000000000100001000010101,2924,0.059638233451419186,-0.8937847873379051,1.0,1.0
100100011000000000000100001010010101,3588,11.938218508452179,11.204099303032027,1.3877787807814457E-16,1.0
100100001010000000110101101011101101,948,11.907614805481048,11.386027752652884,1.3877787807814457E-16,1.0
100100001000100000100101101010001101,7620,11.907993605890397,11.370684102403558,1.3877787807814457E-16,1.0
110110001011000000000101101010001101,9594,11.927201686533355,11.22528955655752,1.3877787807814457E-16,1.0
100100001000000000000101001010011101,5500,0.02981911672570959,-0.6670974743304074,1.0,1.0
011010001001000001000100001010010011,3180,11.934961151209425,11.150797473790917,1.3877787807814457E-16,1.0
101100001110000001000100001010010101,8946,0.09156648520443485,-0.5105421329280682,0.8,1.0
110010011000100100000100001010010101,2440,11.939554930326398,11.18491475745584,1.3877787807814457E-16,1.0
100000001000000100000001001110001101,8982,0.03283536847171948,-0.6851272849423613,1.0,1.0
101010001000000001000100001000010101,6686,0.08006326833860787,-0.7517913264837395,1.0,0.9
000010001000000010000101001010011001,1678,0.0981149871594738,-0.5258838020700871,0.8,1.0
101010001000000001000100000110010101,9356,0.031209038073096516,-0.6428010313377786,1.0,1.0
100100001000000000100100001000010101,9570,0.35240543518199163,-0.4498261338737038,0.40000000000000013,1.0
100110001000000010000100001111000111,3752,0.5755040503379295,-0.23106946962799835,0.20000000000000015,1.0
101000001000000001000100001110000101,6564,0.10416095775273485,-0.6450643128962421,1.0,0.8
100100001000000000000100001110010101,7350,0.0472099386209814,-0.7388530201040998,1.0,1.0
100100001000000000000100001110000101,6540,0.12238103763222494,-0.7301635367239776,1.0,0.8
101101001000000001000100001101010101,2522,0.31643848273001596,-0.2586558953433192,0.40000000000000013,1.0
001100011010100001000100001010110001,1494,11.893259817887209,11.443233793021527,1.3877787807814457E-16,1.0
101101001100000001000101101010001101,2362,11.902701805611406,11.411508839231798,1.3877787807814457E-16,1.0
100100001000000000000100001010010101,5128,0.049698527876182653,-0.8028460464800199,1.0,1.0
101101001000000101000101001110011101,7184,11.895941958717012,11.380377426591092,1.3877787807814457E-16,1.0
101101001100000001000101101010001101,2120,11.902701805611406,11.411508839231798,1.3877787807814457E-16,1.0
101010001000000001000100001010000101,7396,0.11163278112385498,-0.7053878259312648,1.0,0.8
100100000001000000001100001110000100,2646,0.1795600740474277,-0.363179223517585,0.6000000000000001,1.0
101100001010000001000100001010010101,8904,0.01987941115047306,-0.6150959726776001,1.0,1.0
101100001000000001000100001000010101,4450,0.03975882230094612,-0.7287036029625051,1.0,1.0
101000001110000001100100001110010101,2572,11.910424768141338,11.357935990629072,1.3877787807814457E-16,1.0
101100001000000001000100001110100101,8984,0.10824849050853781,-0.608062973410106,0.8,1.0
101010001000000001000001001010011101,5842,0.04750124333583665,-0.5504262873074574,1.0,0.9
100010001000000000000100001010010101,8450,0.05430902662140502,-0.8599205865286285,1.0,1.0
100011001000000010010100101110000101,3500,11.916566618457589,11.323367596744554,1.3877787807814457E-16,1.0
100100001000000000000100001000000101,2596,0.3614119024974132,-0.7097124318807841,1.0,0.40000000000000013
101100101110000001000100001000110101,3164,0.5475343038223927,-0.045664717890641415,0.20000000000000015,1.0
010010100000011100011111010011001000,274,11.906707277029799,11.458500552837922,1.3877787807814457E-16,1.0
101000001110000001000101101010001101,8194,0.0,-0.5321342441674861,1.0,1.0
011011001001110101011011111010101011,0,11.930496010943436,11.420882576278144,1.3877787807814457E-16,0.9
001100001000001001000101101010001001,6226,0.10522869441593843,-0.3285405253460617,0.8,1.0
100010001000000010010100001111100101,930,11.935485612494036,11.237071136470151,1.3877787807814457E-16,1.0
100100001000000000100101101100011101,7146,11.926095201222154,11.313682538923345,1.3877787807814457E-16,1.0
100110001000000000000001101010011101,4314,0.029736208555288305,-0.6087432446633051,1.0,1.0
100110111001001010000100100101000101,0,11.919100078505867,11.410936926259208,1.3877787807814457E-16,1.0
101010001000000011000101101010001101,3528,0.0918648316562964,-0.5233114167837202,0.8,1.0
101100001000000001000101101010001101,6216,0.009939705575236527,-0.5706154278456519,1.0,1.0
100100001000000000000110101010110101,3578,11.946264294823262,11.095827155823176,1.3877787807814457E-16,1.0
100100001110000000001110001010010101,4030,11.922691080246791,11.236987207575318,1.3877787807814457E-16,1.0
101100001010000001000100001110000101,3624,0.019879411150473054,-0.6150959726776,1.0,1.0
100110011001000000010101101010001101,9756,11.914792299277966,11.36133676136493,1.3877787807814457E-16,1.0
100111100010010010101010010001000100,322,11.905939311492777,11.479281137583984,1.3877787807814457E-16,1.0
101110001001000001100100001010010101,2714,11.924724914575508,11.302114532540902,1.3877787807814457E-16,1.0
101100001000000001000100001010000101,3454,0.10416095775273483,-0.6450643128962421,1.0,0.8
101100001000000001000100001000010101,5274,0.03975882230094612,-0.7287036029625051,1.0,1.0
101110011000000001000100001000010101,8218,0.564487246144772,-0.13054395388129825,0.20000000000000015,1.0
100010001000000000000101101010111101,7740,0.20598052163073852,-0.5242625345359201,0.6000000000000001,1.0
100100001000000000100100001010010101,9320,0.5691861938169835,-0.1649330116031683,0.20000000000000015,1.0
111000001110000001000100001010010101,9842,0.5548538264806268,-0.16658447232124773,0.20000000000000015,1.0
100100001000000000000100001010000101,1432,0.2188506422067548,-0.7219636845940995,1.0,0.6000000000000001
101010001000000011000100001000010101,2410,0.11644031993465853,-0.6601695016638554,0.8,1.0
101100001100000001000110001110000101,1038,11.930048895836686,11.193932160632798,1.3877787807814457E-16,1.0
100100001010000010100100001000010101,6570,11.93617219352253,11.243803111501009,1.3877787807814457E-16,1.0
101010001000001001000100001010010101,2734,0.32385480048268656,-0.3238347674935936,0.40000000000000013,1.0
101100001010000001000100001000010101,4182,0.02981911672570959,-0.6670974743304074,1.0,1.0
101100101000000001000100001010010101,6210,0.08894918756002906,-0.4958370517670382,0.8,1.0
100100001000000000000100001010010101,7966,0.049698527876182653,-0.8028460464800199,1.0,1.0
101100001111000001000100001110000101,7110,0.09066598598203014,-0.4844283920913047,0.8,1.0
100100001000000000000100001110100101,7364,0.12463214936077924,-0.720914025592044,0.8,1.0
110100001000101010100100001111010101,1200,11.920271994886056,11.3569757058138,1.3877787807814457E-16,1.0
101000001110001001000100001110000101,1262,0.07914028869688446,-0.45809801320886445,0.8,1.0
101100001100000001000100001000110101,2858,0.11461846534962228,-0.6173159500985305,0.8,1.0
100100001000000000000110001000010101,8540,0.3597076529612539,-0.6475415744103179,0.40000000000000013,1.0
101100001000100001000100001000010111,6002,11.928564260940691,11.206288120873609,1.3877787807814457E-16,1.0
101100001000100001000100001010010101,9796,0.182653240016254,-0.40213299931081337,0.6000000000000001,1.0
101000001100000001000101101010001101,1570,0.009939705575236527,-0.5706154278456518,1.0,1.0
101100001000000001000100101010000101,1942,0.02981911672570959,-0.6670974743304074,1.0,1.0
101101001100000001000100001000010101,8240,0.5431114787004064,-0.0589971394320965,0.20000000000000015,1.0
101111111100000101001010000011010111,206,11.905201240726976,11.383881136436345,1.3877787807814457E-16,1.0
101000001110010001000100001100010101,2428,0.5336694909762101,-0.02073443583264989,0.20000000000000015,1.0
100000101010001010000100001110110101,612,11.913699389826485,11.35498617675272,1.3877787807814457E-16,1.0
101010001000000001000100001110000101,1544,0.03718127421479806,-0.7239677883528386,1.0,1.0
101100000000000001000101110010001100,2224,0.08122454727968415,-0.39001656141749824,0.8,1.0
100011001001000000000100001010010101,3402,0.10824849050853781,-0.6080629734101061,0.8,1.0
100100101000100000000100001000010101,5682,0.5563382804291214,-0.08485703462457195,0.20000000000000015,1.0
101000001110000001000110001010010101,6184,0.5548538264806268,-0.1665844723212475,0.20000000000000015,1.0
101000001110000001000111101010001101,2880,0.5395406648663202,-0.08448387308492045,0.20000000000000015,1.0
101000001000000001000100001110000101,5664,0.10416095775273485,-0.6450643128962421,1.0,0.8
100110001010000000000100011110000101,2050,0.3450157084479049,-0.43733289285871385,0.40000000000000013,1.0
100100001011000000010100001110000101,4184,0.19117277162370522,-0.41459658682587663,0.6000000000000001,1.0
100100000000000000000100001010000100,3828,0.795939484842919,-0.04851215874547299,1.0,0.10000000000000014
100100001000000000000101101010001101,3020,0.02981911672570959,-0.6670974743304074,1.0,1.0
100100001000001000000101111010011101,9172,0.5475343038223927,-0.045664717890641415,0.20000000000000015,1.0
100010001010000000000101101010001101,6776,0.10129990776753688,-0.5982484393024488,0.8,1.0
100000001010000110001100001001010101,554,0.5583126958928385,-0.121193694066973,0.20000000000000015,1.0
000110001000000000000100001110110001,580,0.12050450933391205,-0.6069474543092338,0.8,1.0
100110001000000000000100001110000101,7736,0.05194963960473694,-0.7935965353480863,1.0,1.0
101000001110000001000101101010001101,1300,0.0,-0.5321342441674861,1.0,1.0
100100001000000000000100011010010101,4846,0.21833620181700417,-0.6272099731358192,0.6000000000000001,1.0
101100001000000101000100001110000101,8370,0.10824849050853781,-0.608062973410106,0.8,1.0
101000000110000001000101001010001100,1546,0.10330883298465521,-0.37604113557937624,1.0,0.8
100100001000000000000110001010010101,7974,0.5778235689020864,-0.34179254562323824,0.20000000000000015,1.0
101100001000000101000100001010010101,5258,0.10824849050853781,-0.6080629734101061,0.8,1.0
101100001000000001000100001000010101,2758,0.03975882230094612,-0.7287036029625051,1.0,1.0
101100001000000001000100001011010101,2926,0.10100847292863113,-0.5545835485689377,0.8,1.0
100010001000000000000100001100010101,6584,0.060141469030857646,-0.8653211398613998,1.0,1.0
100010001010001000000000011110000101,2404,11.92811075517607,11.247147505121077,1.3877787807814457E-16,1.0
101101001100000001000100001010010101,2178,0.5336694909762101,-0.02073443583264989,0.20000000000000015,1.0
100100001111000000000100001110000111,4652,0.566716448010897,-0.18316525847448972,0.20000000000000015,1.0
101100000000000001000100001010010100,1814,0.08684549134233673,-0.49076193699635573,1.0,0.8
100110001000110110000101001110111111,370,11.920721439810134,11.305180369135817,1.3877787807814457E-16,1.0
110110011000000000000100001110000101,1424,11.944536364973125,11.137962845007197,1.3877787807814457E-16,1.0
101000001110000001000100001000010101,7744,0.02981911672570959,-0.6670974743304072,1.0,1.0
101000001110000001000100001000000101,3808,0.10416095775273485,-0.645064312896242,1.0,0.8
101100001000000001000101101010011111,7054,11.915333264656896,11.27504823443428,1.3877787807814457E-16,1.0
101100001000000001000101001000011101,8656,0.019879411150473054,-0.6150959726776,1.0,1.0
101010001000000001001100101110000101,7062,0.543409825152268,-0.07176642328774863,0.20000000000000015,1.0
100010001001000010001100001010010101,1592,11.927345010528034,11.247838620568222,1.3877787807814457E-16,1.0
001100001010010011000100001010010001,3628,11.91960684155753,11.475239172703263,1.3877787807814457E-16,1.0
101100001000000001000100000010010101,2854,0.023362684184018788,-0.6200571139865847,1.0,1.0
101101001000000001000100001110110101,4308,0.3168386732393421,-0.2731139160613359,0.40000000000000013,1.0
101100001001000101000101001000011101,8390,0.19262099190033657,-0.439867658467054,0.6000000000000001,1.0
101000001100010001000100001010010101,2630,0.3083947120792646,-0.2721604213416238,0.40000000000000013,1.0
101100001000000011000101101000111111,6622,11.926095191923968,11.251867222291974,1.3877787807814457E-16,1.0
101100101000000001000101101110011101,3946,0.3014903337603631,-0.1688009750385122,0.40000000000000013,1.0
100100001000101000100101001010011111,6314,11.909359713773213,11.359112245524559,1.3877787807814457E-16,1.0
100100001111010010000100001010010101,4564,11.910424768141338,11.357935990629072,1.3877787807814457E-16,1.0
101100001000000001000100001110000101,5322,0.02981911672570959,-0.6670974743304074,1.0,1.0
100100001010000010001010000011010111,470,11.921585781059798,11.26599375956223,1.3877787807814457E-16,1.0
101100001000000001000100001110000101,8432,0.02981911672570959,-0.6670974743304074,1.0,1.0
100100101110000000000101001000011101,3234,0.3139173407651235,-0.2449938002561876,0.40000000000000013,1.0
100010001000000000000101001010011101,9358,0.03718127421479806,-0.7239677883528386,1.0,1.0
100001001100000010001100001111010101,9900,11.901842293014273,11.387559244375408,1.3877787807814457E-16,1.0
101100001000000011000100001001010101,9728,0.10864946220801802,-0.5660153947303725,0.8,1.0
100010001110000000000100001010010101,1670,0.21014437239088346,-0.5664654492076304,0.6000000000000001,1.0
001110000000000001000100001010010000,4544,0.0781863775955785,-0.41104360978260723,1.0,0.8
101100101000000001011100011110000101,9090,11.895998286693606,11.416804115717888,1.3877787807814457E-16,1.0
100010001000000000000100001000000101,2984,0.2916367436954412,-0.8357111149636064,1.0,0.5000000000000001
101101001110000011000100001000010101,9342,0.5332192413650078,5.629468851962027E-4,0.20000000000000015,1.0
110100001010000010000100011010010101,3450,11.93991009205996,11.144218851938065,1.3877787807814457E-16,1.0
100110001000001010010100001010010101,4740,11.921388182159545,11.32500019823524,1.3877787807814457E-16,1.0
101100001000000011000101101000111111,6438,11.926095191923968,11.251867222291974,1.3877787807814457E-16,1.0
101100001000000011000101100010001101,7382,0.0,-0.5006226439340284,1.0,1.0
100000001110000000000001101011011101,7580,0.08307609363322173,-0.44217105120184363,0.8,1.0
100110001000011010010100001010010101,4900,11.906010597493427,11.381966169399506,1.3877787807814457E-16,1.0
101000001111000001000100001110000101,6382,0.018883975448392546,-0.5832246426841103,1.0,1.0
101010001000000001000100001010010101,3486,0.03718127421479807,-0.7239677883528388,1.0,1.0
101100001000000001000100001110000101,9928,0.02981911672570959,-0.6670974743304074,1.0,1.0
100010001000000000000000001110010101,3050,0.04988790876391407,-0.7589926922129858,1.0,1.0
100100001000000000000100001110000101,5118,0.12238103763222494,-0.7301635367239776,1.0,0.8
100100001000000000000101101000001101,9664,0.03975882230094612,-0.7287036029625051,1.0,1.0
010100001001000000000101001110011001,1936,0.19336177655124903,-0.4287346037998233,0.6000000000000001,1.0
100010101110101010100100001110000101,870,11.902531981435446,11.429478862708953,1.3877787807814457E-16,1.0
100010001000000000000100001000000101,2992,0.2916367436954412,-0.8357111149636064,1.0,0.5000000000000001
101011001000000001100100011011010111,3542,11.924122777529858,11.26881402293043,1.3877787807814457E-16,1.0
101010001000000001000101101010001101,942,0.020053521808191095,-0.6251344947560631,1.0,1.0
101100101000000001000100001000010101,3876,0.09875808642317367,-0.5393534339213968,0.8,1.0
100100001000000000000100001001010111,9868,0.5830900279711777,-0.3464670204636968,0.20000000000000015,1.0
100010001111000000000100011000010101,6632,0.35007525163052955,-0.4444072433881276,0.40000000000000013,1.0
100100001000000000000100001010010101,4604,0.049698527876182653,-0.8028460464800199,1.0,1.0
101000001110000001000100001010010101,9386,0.01987941115047306,-0.6150959726776001,1.0,1.0
100010001000000000000000001110010101,7686,0.04988790876391407,-0.7589926922129858,1.0,1.0
101100001100000001000110011010010101,2694,11.933555889296658,11.187073331655172,1.3877787807814457E-16,1.0
101100001010001001110100001000010101,8202,11.896040574703157,11.426269268347625,1.3877787807814457E-16,1.0
100101001000000000000100011110010101,7688,11.927345010528034,11.247838620568222,1.3877787807814457E-16,1.0
101000001110100001100100001000010101,5264,0.5389612912552011,0.0016517877683629445,0.20000000000000015,1.0
100010001111000000000100001100000101,6964,0.21617328075860254,-0.5748036309917904,0.6000000000000001,1.0
101100001000000001000100001010010101,2576,0.02981911672570959,-0.6670974743304074,1.0,1.0
101110000001000001000100001000010100,7058,0.06863494611099424,-0.5777119973793102,1.0,0.9
101100001010000001000100101000000101,4536,0.02981911672570959,-0.6670974743304074,1.0,1.0
100100001000000000000100001100010101,7686,0.056651926345177676,-0.8109880332002101,1.0,1.0
100010001100000000000101001011011101,7952,0.20047175485309188,-0.4790346351067196,0.6000000000000001,1.0
100010001110100010000100001010010101,7128,11.924335551981047,11.289272482382893,1.3877787807814457E-16,1.0
101100001000000001000111101010001101,5240,0.5471972456734735,-0.12294071857813282,0.20000000000000015,1.0
100010001000000000000101001100011101,2344,0.043757810178616234,-0.7328520114198975,1.0,1.0
101100111000100001000100101000010101,4870,11.904306133259487,11.414883655786916,1.3877787807814457E-16,1.0
100111001000000000000101101000011101,6992,0.32468943619209745,-0.30779921417529327,0.40000000000000013,1.0
101100001000000001001110011000010101,6646,11.928385355650176,11.194306662879,1.3877787807814457E-16,1.0
101100001001100001000100000010010101,3416,0.17352312805711326,-0.333341371634609,0.6000000000000001,1.0
101001001110000001000100000010010101,6346,0.31013634859603745,-0.1870841810995228,0.40000000000000013,1.0
001110000000000001000100001010010000,4512,0.0781863775955785,-0.41104360978260723,1.0,0.8
101000001000000001000100000110000101,5664,0.1912921386780989,-0.5026335386014087,1.0,0.6000000000000001
100010001000000000000000001010010101,5130,0.08680572944861498,-0.7928003166295765,1.0,0.9
100100001000000000000101101010001101,8792,0.02981911672570959,-0.6670974743304074,1.0,1.0
101100001101000001000100001000010101,6070,0.10864946220801802,-0.5660153947303723,0.8,1.0
000011110010001010010111001011001010,0,11.912888169259825,11.490197482651933,1.3877787807814457E-16,1.0
100100001000000000000100001110000101,1880,0.12238103763222494,-0.7301635367239776,1.0,0.8
101100001000000001000100001010010101,6954,0.02981911672570959,-0.6670974743304074,1.0,1.0
101010001000000001000101101010011101,4234,0.019182321900254106,-0.5959939265397625,1.0,1.0
100100001000000000000100001010010101,6098,0.049698527876182653,-0.8028460464800199,1.0,1.0
100101001000000000000100001000010101,5884,0.11244133205698842,-0.6560210932064626,0.8,1.0
101100001000000001000100001000010101,6884,0.03975882230094612,-0.7287036029625051,1.0,1.0
101100001000100001000100011110010101,3362,11.916566618457589,11.323367596744554,1.3877787807814457E-16,1.0
111000110111010001010010101101110110,244,11.906447697353084,11.399539220732716,1.3877787807814457E-16,1.0
101010001001000001000100001010010101,3466,0.03556598075249552,-0.6807454831661484,1.0,1.0
101100001100000001000100001000010101,2558,0.1104504606528274,-0.6058197217407059,0.8,1.0
101000001110100001010100001110000101,7774,0.17300174611247615,-0.301873764320664,0.6000000000000001,1.0
101110001000000001000100001110000101,2100,0.03556598075249552,-0.6807454831661482,1.0,1.0
101100001000001001000100001110000101,6744,0.08894918756002906,-0.4958370517670382,0.8,1.0
101100001100000001000110001110000111,3724,11.935451392297688,11.138587629636763,1.3877787807814457E-16,1.0
101100001001000001000001101011001111,5756,0.5400737059119484,-0.03640887281973482,0.20000000000000015,1.0
110110000000010100000010000011010100,154,11.931443032329346,11.234266788013997,1.3877787807814457E-16,1.0
100100001001000000000110001110000101,4250,11.944764527016478,11.088314606886946,1.3877787807814457E-16,1.0
101100001000000001000100001110000101,3802,0.02981911672570959,-0.6670974743304074,1.0,1.0
100100001000001000000100001100110101,6934,0.3450686076447858,-0.3876249560504997,0.40000000000000013,1.0
101000001110000001000100001010010101,8822,0.01987941115047306,-0.6150959726776001,1.0,1.0
101000001110000001000100001110000101,1088,0.019879411150473054,-0.6150959726775999,1.0,1.0
101010001010000001000100001010010101,4628,0.10129990776753688,-0.5982484393024486,0.8,1.0
100100001000000000000100001010010101,8644,0.049698527876182653,-0.8028460464800199,1.0,1.0
100110001000000000000110001110000101,992,11.948112742327922,11.045217808300084,1.3877787807814457E-16,1.0
100010001000000000000100001000010101,2378,0.09719102074521484,-0.914710810471064,1.0,0.9
101000001110000001000100001110000101,3024,0.019879411150473054,-0.6150959726775999,1.0,1.0
101100001000000001000100001010010101,9724,0.02981911672570959,-0.6670974743304074,1.0,1.0
111100001000000101000100001010010101,1386,0.34015633982624327,-0.444007337592264,0.40000000000000013,1.0
101000001010000011000100001100000101,1274,0.02981911672570959,-0.6670974743304073,1.0,1.0
101000001100000001000100000011010101,9346,0.09468231333423527,-0.5097235756312246,0.8,1.0
010100011001011110000110111011000011,376,11.929308823290683,11.280283978188947,1.3877787807814457E-16,1.0
101110001000000001000100001110000101,5576,0.03556598075249552,-0.6807454831661482,1.0,1.0
100100001000100010000100001010010101,3334,0.20049664677404774,-0.45770035614787374,0.6000000000000001,1.0
101100001000000001000100001110000101,6508,0.02981911672570959,-0.6670974743304074,1.0,1.0
100100001010000000000110001010010111,5612,11.943070970818873,11.043770110908172,1.3877787807814457E-16,1.0
100010001000000000000100001010010101,7532,0.05430902662140502,-0.8599205865286285,1.0,1.0
101100001000000001000101101010011101,1730,0.009441987724196273,-0.5449619390846638,1.0,1.0
100010001010000000000100001000010101,3526,0.1269915363774473,-0.7872380767725862,0.8,1.0
001100101000000001000110001010010001,3148,11.909526495691196,11.324740256364128,1.3877787807814457E-16,1.0
100100001001010000000101100010011101,5528,0.29845500650402806,-0.18351496540374085,0.40000000000000013,1.0
101100001001010001001100001110000101,7776,11.902701805611406,11.411508839231798,1.3877787807814457E-16,1.0
101010001000000001000100001000010101,3948,0.08006326833860787,-0.7517913264837395,1.0,0.9
100100001110000010000100001110110101,1000,0.205098941261221,-0.4589148823356999,0.6000000000000001,1.0
100100001000000000000101101010001101,3282,0.02981911672570959,-0.6670974743304074,1.0,1.0
101100001000000001010100001010010101,7584,0.08894918756002906,-0.4958370517670382,0.8,1.0
100100001000000000000000001010010101,9104,0.11940787812407987,-0.6878429130754004,1.0,0.8
101100001010001111000101001010011101,3856,11.893259817887209,11.405901755474112,1.3877787807814457E-16,1.0
000100000000011010001011111101011010,558,11.900974218523704,11.46888693261833,1.3877787807814457E-16,1.0
101100101000000001000100001110000101,3358,0.182653240016254,-0.40213299931081326,0.6000000000000001,1.0
101000001110000001000100001000010101,8120,0.02981911672570959,-0.6670974743304072,1.0,1.0
101100101110000001000100001110010101,5600,0.5300767336254399,0.030857509944661632,0.20000000000000015,1.0
101000001110000001000100001010010101,6124,0.01987941115047306,-0.6150959726776001,1.0,1.0
100000001010000010000100001010010111,3396,0.5701669880949333,-0.2742846554934586,0.20000000000000015,1.0
000000001110000000000100001010010001,3672,0.25409845992057467,-0.40149356157699423,1.0,0.5000000000000001
011010110000010101001000010011010010,110,11.929733163190683,11.47737224438437,1.3877787807814457E-16,0.9
101100001000010011000100011011000101,1952,11.911643484622523,11.321690895321845,1.3877787807814457E-16,1.0
101010001000000001000101101000011101,8952,0.06169226924688115,-0.6012386298419142,1.0,0.9
100100001000000000001100001010010101,4174,0.1962056789379768,-0.5007109121181401,0.6000000000000001,1.0
101010001000000001000101001010011101,6514,0.02005352180819111,-0.6251344947560632,1.0,1.0
100010001000000000000101001000011101,3924,0.08006326833860787,-0.7517913264837395,1.0,0.9
101010001000000001000100001010000101,6528,0.11163278112385498,-0.7053878259312648,1.0,0.8
100100001000000000000100101010010101,5548,0.0472099386209814,-0.7388530201040999,1.0,1.0
101000001000000001000101101000011101,9266,0.13605588113978043,-0.4989195026882926,1.0,0.7000000000000001
101100001000000001000101101010011101,4154,0.009441987724196273,-0.5449619390846638,1.0,1.0
101100001000000001000100001010010101,5042,0.02981911672570959,-0.6670974743304074,1.0,1.0
100100000000000000001100101010100100,8302,0.5496599806554453,-0.07433880857411557,0.20000000000000015,1.0
101010001000000011000100001110000101,4996,0.10824849050853781,-0.6080629734101061,0.8,1.0
100111100010110010101010010001000100,390,11.915964336037085,11.509651206977436,1.3877787807814457E-16,1.0
100100001000000000000100001010010101,3274,0.049698527876182653,-0.8028460464800199,1.0,1.0
100010001000000000000100001000010101,7708,0.09719102074521484,-0.914710810471064,1.0,0.9
100010001000000000000100001110000101,2194,0.05430902662140502,-0.8599205865286285,1.0,1.0
101011001110000001000100001000010101,3020,11.912442139787464,11.297265891347447,1.3877787807814457E-16,1.0
100100001000000000000101101010001101,3814,0.02981911672570959,-0.6670974743304074,1.0,1.0
100100001110000010000000001010010101,6016,0.10386326138758059,-0.5235267420882319,0.8,1.0
001100001000000001000100001010010001,9990,0.014162981586294431,-0.563444446752398,1.0,1.0
101110001001000001000100001110000101,2490,0.03408519264082467,-0.6454211973189866,1.0,1.0
101010001000000001000100001010010101,4214,0.03718127421479807,-0.7239677883528388,1.0,1.0
101010001000000001000100001010010101,7598,0.03718127421479807,-0.7239677883528388,1.0,1.0
101100001000000101000101100010001111,6102,11.917638392357851,11.263249258671387,1.3877787807814457E-16,1.0
101000001000000001000100001110010101,4990,0.10250162648175187,-0.594414964574365,1.0,0.8
000100001011000010000110001101000001,498,11.93617219352253,11.243803111501009,1.3877787807814457E-16,1.0
101000001110000001001101101011001101,2542,0.3173389819524206,-0.15688800924086138,0.40000000000000013,1.0
001000001010000001000101101010001001,5744,0.10330883298465521,-0.37604113557937613,1.0,0.8
100010001100000000000100001110000101,2550,0.12463214936077924,-0.7209140255920441,0.8,1.0
110110001011000000001100001010010101,9362,11.927201686533355,11.22528955655752,1.3877787807814457E-16,1.0
100100001000000100000100001000010101,3144,0.13282397878689994,-0.7926386301053575,0.8,1.0
101010001000000001000100001010010101,5898,0.03718127421479807,-0.7239677883528388,1.0,1.0
100110001000000000000100001010010101,3566,0.05194963960473694,-0.7935965353480863,1.0,1.0
101000001000000001010101111010101111,2878,11.918862519591272,11.26358795811256,1.3877787807814457E-16,1.0
101010001000000001000100001010000101,1750,0.11163278112385498,-0.7053878259312648,1.0,0.8
101100001000000001000101101010011101,9654,0.009441987724196273,-0.5449619390846638,1.0,1.0
000110001110000000000100001111010001,548,0.555173562447928,-0.02905927424501431,0.20000000000000015,1.0
100100001010000010000100000001000101,396,0.11668211691242823,-0.6234454376349707,1.0,0.8
100100001000000000000100101010010101,4630,0.0472099386209814,-0.7388530201040999,1.0,1.0
111010011000000011000100011010000101,2268,11.93622100181383,11.181770371974817,1.3877787807814457E-16,1.0
101000001000000001000100001010010101,6156,0.10416095775273485,-0.6450643128962421,1.0,0.8
100010001000000000000100001010000101,1372,0.1295754315102834,-0.8738730162920946,1.0,0.8
100000001001000100000100001110000101,1800,0.12463214936077924,-0.720914025592044,0.8,1.0
100010001000000000000100001011010101,1078,0.12463214936077924,-0.7209140255920441,0.8,1.0
101000001110000001000100101010010101,4556,0.018883975448392546,-0.5832246426841103,1.0,1.0
100100001000010000010100001010010101,5754,11.909526495691196,11.324740256364128,1.3877787807814457E-16,1.0
101100101110000001000100001000010101,4564,0.3139173407651235,-0.2449938002561876,0.40000000000000013,1.0
101010101000001001000110101010010101,7490,11.91689932783504,11.302231225456003,1.3877787807814457E-16,1.0
100100001000000000000100001010010101,8476,0.049698527876182653,-0.8028460464800199,1.0,1.0
100010001010011000000100001000010101,5126,11.918659611865868,11.270970043889587,1.3877787807814457E-16,1.0
101010101000001001000110101010010101,7426,11.91689932783504,11.302231225456003,1.3877787807814457E-16,1.0
100100001000000000000100001010010101,1222,0.049698527876182653,-0.8028460464800199,1.0,1.0
100100001000000000000101101010001101,3248,0.02981911672570959,-0.6670974743304074,1.0,1.0
101010001000000001000100001100010101,8310,0.043757810178616234,-0.7328520114198976,1.0,1.0
101100011000000001000100001000010101,3160,0.5601944557039895,-0.11447040123440089,0.20000000000000015,1.0
101100001000000001000101101010001101,2260,0.009939705575236527,-0.5706154278456519,1.0,1.0
100100001000000000000100001000010101,8348,0.059638233451419186,-0.8937847873379051,1.0,1.0
100100001000000000000101101010001101,4090,0.02981911672570959,-0.6670974743304074,1.0,1.0
101101001000000001000101101010001101,7756,0.5341672088272503,0.025712155009792736,0.20000000000000015,1.0
101010001010000001000100001100010101,2896,0.10824849050853781,-0.6080629734101061,0.8,1.0
101010001000000001000100001010010101,6162,0.03718127421479807,-0.7239677883528388,1.0,1.0
100100001000000000000100001000010101,6594,0.059638233451419186,-0.8937847873379051,1.0,1.0
101100001010001001000101101010101101,1144,0.5242275032520138,0.022710101804947147,0.20000000000000015,1.0
101100001000001001000101101010001101,8752,0.07603362967834472,-0.42505741531975316,0.8,1.0
101010001000000001000100001001010101,6600,0.11644031993465853,-0.6601695016638554,0.8,1.0
101100001000000001000100001000010101,7626,0.03975882230094612,-0.7287036029625051,1.0,1.0
001000001010110111001010000011010011,438,11.908797684934129,11.448812858681652,1.3877787807814457E-16,1.0
101010001110001001000010001011010101,1302,11.914134059523244,11.321506751622342,1.3877787807814457E-16,1.0
100101001000000000000100001000010101,4052,0.11244133205698842,-0.6560210932064626,0.8,1.0
110110001000000000000100001010010101,8234,0.2212394866529795,-0.6816554473748576,0.6000000000000001,1.0
100100001000000000000100001010010101,6058,0.049698527876182653,-0.8028460464800199,1.0,1.0
100111001010100010000100100001000101,462,11.91006356153997,11.378339357370953,1.3877787807814457E-16,1.0
101000001110000001000100001010010101,2982,0.01987941115047306,-0.6150959726776001,1.0,1.0
101100001000000001000100001110000101,2360,0.02981911672570959,-0.6670974743304074,1.0,1.0
101000001000000001000100001010010101,4432,0.10416095775273485,-0.6450643128962421,1.0,0.8
100100001000000000000100011010010101,6228,0.21833620181700417,-0.6272099731358192,0.6000000000000001,1.0
100100001000000000000101101010001101,9672,0.02981911672570959,-0.6670974743304074,1.0,1.0
101000001000000001000101101010001101,5776,0.0831753257549398,-0.5294312413293499,1.0,0.8
101100001000000001000100001000010101,9622,0.03975882230094612,-0.7287036029625051,1.0,1.0
101000001101000001000110011010010101,9280,11.933555889296658,11.187073331655172,1.3877787807814457E-16,1.0
001111001010000101001111010011111011,0,11.904704935250159,11.356019045871514,1.3877787807814457E-16,1.0
100100001001000000001100001010010101,1848,0.3267809696766169,-0.3288110518209519,0.40000000000000013,1.0
101000001110000001000101001110101101,1584,0.0836730022301757,-0.4883854536673946,0.8,1.0
100100101000000100100110001110000101,1624,11.935937254731053,11.220751775801606,1.3877787807814457E-16,1.0
111100001010010011001111001110011101,630,11.893259817887209,11.369871938243545,1.3877787807814457E-16,1.0
000110001110010010101111101001011011,394,11.90599355502189,11.388073597090008,1.3877787807814457E-16,1.0
100010001010000000000100001000010101,2720,0.1269915363774473,-0.7872380767725862,0.8,1.0
101100001000000001000100001110000101,8534,0.02981911672570959,-0.6670974743304074,1.0,1.0
001010001010000001000100001010010001,8684,0.08814462444103725,-0.5114626157244345,0.8,1.0
101100001110000001000100001010010101,8182,0.09156648520443485,-0.5105421329280682,0.8,1.0
101010101001000001000100001010110101,2260,0.3284220025076671,-0.3145579978964978,0.40000000000000013,1.0
100100001000000000000100001000010101,3628,0.059638233451419186,-0.8937847873379051,1.0,1.0
110011111110010100010011011010101101,178,11.908641549052897,11.351380117024071,1.3877787807814457E-16,1.0
100010101010000000000100001010110101,7044,0.562497588487498,-0.15478051362535483,0.20000000000000015,1.0
100110011010001000101100001010010101,4854,11.907088427623881,11.399155941080997,1.3877787807814457E-16,1.0
101000001010001011000100101110110101,754,11.908182841557831,11.371054855480239,1.3877787807814457E-16,1.0
101100001000000011001101101010001101,6620,0.30789699422822436,-0.18329597215138266,0.40000000000000013,1.0
101100001000000001000101101010001101,3092,0.009939705575236527,-0.5706154278456519,1.0,1.0
101100001010000001000100101000010101,4196,0.02832596317258884,-0.62726605832498,1.0,1.0
101010001000000001000100001110000101,2102,0.03718127421479806,-0.7239677883528386,1.0,1.0
100010011000000000000100001110000101,1046,0.5740142217983492,-0.2169626899520437,0.20000000000000015,1.0
101000001110000001000100001010010101,3226,0.01987941115047306,-0.6150959726776001,1.0,1.0
100100001000000000000110001010010101,9438,0.5778235689020864,-0.34179254562323824,0.20000000000000015,1.0
101100001000000001000100001010010111,3982,0.56251040728778,-0.21654040507784056,0.20000000000000015,1.0
100100001111000000000100001000010101,4520,0.11764120032101195,-0.6164780050991399,0.8,1.0
100010011000000000100101001010011101,9012,11.924724914575508,11.302114532540902,1.3877787807814457E-16,1.0
101100011000001001000101101010001101,3362,11.896295145143544,11.42600383634467,1.3877787807814457E-16,1.0
101010001000000001000100001010010111,7970,0.5674356526109147,-0.2615142242092171,0.20000000000000015,1.0
101100001000000001000100101101000101,8096,0.10864946220801802,-0.5660153947303725,0.8,1.0
101100001000000001000100001110000101,1750,0.02981911672570959,-0.6670974743304074,1.0,1.0
100100001000000000000000001110000101,9766,0.11940787812407987,-0.6878429130754004,1.0,0.8
101100001000000001100100001000010101,5582,0.3344219589560038,-0.34024289798238655,0.40000000000000013,1.0
111010011000000011000100001110000101,2326,11.93224224960702,11.217918392783806,1.3877787807814457E-16,1.0
111001010111000011000010011011100110,298,11.920355021579086,11.304823432648227,1.3877787807814457E-16,1.0
100100001001000000000100011110000101,2676,0.21617328075860254,-0.5748036309917903,0.6000000000000001,1.0
101100001100000001000100001000010101,4652,0.1104504606528274,-0.6058197217407059,0.8,1.0
101000001110000001000100101000010101,8088,0.02832596317258884,-0.62726605832498,1.0,1.0
100100001010000000110101101010001101,1036,11.899109048260636,11.399889824579857,1.3877787807814457E-16,1.0
101010001000000011000100001010010101,2060,0.10824849050853781,-0.6080629734101061,0.8,1.0
101000001000000001110100101010110101,5454,11.91564435339314,11.343755716486255,1.3877787807814457E-16,1.0
100100000000010000010101101000011100,7072,0.5415946745484133,0.1057547845964052,0.20000000000000015,1.0
101101001000000001000100001000110101,7766,0.19376071353864202,-0.4691701855501532,0.6000000000000001,1.0
101010001000000001100111101010001101,5444,11.920847483770054,11.25958188428985,1.3877787807814457E-16,1.0
101010001000100001000100001100010101,2610,0.19879766592531345,-0.4662416745245034,0.6000000000000001,1.0
101100001000000011000111100110001101,2796,11.909106020547144,11.33262344181546,1.3877787807814457E-16,1.0
101100001000000001000100000011010101,8294,0.09468231333423527,-0.5097235756312247,0.8,1.0
110110010010001010010111001011001110,128,11.916474305248638,11.326703827343016,1.3877787807814457E-16,1.0
100010001000000000000100101010010101,2424,0.05194963960473695,-0.7935965353480864,1.0,1.0
101100011001000001000100100010010101,8350,0.5429506229686991,0.016015132264409315,0.20000000000000015,1.0
001100001000000001000101101010001001,7434,0.014162981586294417,-0.46817489978556276,1.0,1.0
101100001000000001000100001010010101,2730,0.02981911672570959,-0.6670974743304074,1.0,1.0
100010001000000000000100001110000101,1744,0.05430902662140502,-0.8599205865286285,1.0,1.0
100000001000000000000100001010010101,2096,0.35091908649851566,-0.5898952403023388,1.0,0.40000000000000013
100010001000000000000100001010010101,1286,0.05430902662140502,-0.8599205865286285,1.0,1.0
101010001000000001000110001010010101,2392,0.3416631558629289,-0.487286720957203,0.40000000000000013,1.0
101100001000000001000101101010011101,9752,0.009441987724196273,-0.5449619390846638,1.0,1.0
101010001010000001000100001010010101,4094,0.10129990776753688,-0.5982484393024486,0.8,1.0
100010011000000000000100001110000101,6378,0.5740142217983492,-0.2169626899520437,0.20000000000000015,1.0
101101001000000001000100101010000101,6630,0.3083947120792646,-0.2721604213416237,0.40000000000000013,1.0
101100001110000001000100001110000111,2794,0.5536587656115958,-0.1320451070598776,0.20000000000000015,1.0
100000001000000000000100001010010101,5666,0.35091908649851566,-0.5898952403023388,1.0,0.40000000000000013
100000001000000000000100001000110101,5324,0.1355554125807508,-0.8763464186355279,1.0,0.8
100010001000001000000100001010010101,1554,0.34078799646845886,-0.4204160022581302,0.40000000000000013,1.0
100100001000000000000100001000010101,7030,0.059638233451419186,-0.8937847873379051,1.0,1.0
000100001001000000000100001010000001,4000,0.3409439512629113,-0.4089377552224756,1.0,0.40000000000000013
101100001000000001000100001010010101,5136,0.02981911672570959,-0.6670974743304074,1.0,1.0
100110001000000000000100001010000101,1814,0.1269915363774473,-0.7872380767725861,1.0,0.8
100100001000000000000100001010010101,9310,0.049698527876182653,-0.8028460464800199,1.0,1.0
101100001000100001000110101110010101,9782,11.918922637228519,11.30146295546871,1.3877787807814457E-16,1.0
011011110111000001011101110001111000,0,11.924480987927756,11.539498549053727,1.3877787807814457E-16,1.0
101100001000000011011100011010010101,7936,11.901028751410669,11.381181309929124,1.3877787807814457E-16,1.0
101100001000000001100100001010010101,2126,0.5512027175909956,-0.07089366276007658,0.20000000000000015,1.0
101100001010100001000100001110100101,1926,0.3146605583605512,-0.26103939825042916,0.40000000000000013,1.0
111011101010001011000100001110110101,536,11.904277542196741,11.369577369016476,1.3877787807814457E-16,1.0
101100001100001001000100001010010101,2446,0.3139173407651235,-0.2449938002561876,0.40000000000000013,1.0
011010110010100011101010010001000000,162,11.900535953466182,11.485410998293554,1.3877787807814457E-16,1.0
100110001010100010000100001110000101,1244,11.924335551981047,11.289272482382893,1.3877787807814457E-16,1.0
101110000000000001000100001010010100,2464,0.05975059532393784,-0.5642481939056231,1.0,0.9
101100001000000001000100001000110101,4664,0.04375781017861623,-0.7328520114198975,1.0,1.0
000100001000000000000100001000010001,7024,0.35510693284920575,-0.5125330266961821,1.0,0.40000000000000013
100010001100000000010100001110000101,994,0.3389688861453359,-0.3784112251430812,0.40000000000000013,1.0
101100001100000001000100001000010101,5860,0.1104504606528274,-0.6058197217407059,0.8,1.0
101010001000100011000100001010010101,7636,0.32276333428881276,-0.2953630226563649,0.40000000000000013,1.0
100100001010000010000100001111110101,204,0.33716738555298187,-0.32684643804393915,0.40000000000000013,1.0
101100001110000011000100001010010101,6474,0.09066598598203014,-0.4844283920913047,0.8,1.0
100010001000000000000100001011110111,9932,11.949058662002342,11.058263488165565,1.3877787807814457E-16,1.0
101100011000000001000100001000010101,5424,0.5601944557039895,-0.11447040123440089,0.20000000000000015,1.0
101010001010000001000100001000010101,6560,0.10986378397084036,-0.6512852785967965,0.8,1.0
100100001101000000000100001000010101,6132,0.1266329384340059,-0.6755986306216895,0.8,1.0
100000001000000010000100001010010101,6822,0.049698527876182653,-0.8028460464800199,1.0,1.0
100000011110000000000100001110000101,3706,11.929226770339184,11.254561913400794,1.3877787807814457E-16,1.0
100100001000000000000100001010010101,9598,0.049698527876182653,-0.8028460464800199,1.0,1.0
100110001000100000000101001110111111,602,11.928455168631046,11.249453965190769,1.3877787807814457E-16,1.0
101110001001000001000100001010000101,3648,0.10824849050853781,-0.6080629734101058,1.0,0.8
101100011010000001000100011010000111,9372,11.927201686533355,11.22528955655752,1.3877787807814457E-16,1.0
100100001000000000000100000010010101,6040,0.11940787812407987,-0.6878429130754004,1.0,0.8
100100001000000000010100001000010101,7134,0.11837588414946287,-0.6499840479750288,0.8,1.0
110010001000010000000100001010010101,8802,11.93646796724611,11.107518090425978,1.3877787807814457E-16,1.0
101010011000000001000101101110001101,6430,11.910908675191493,11.342459273659765,1.3877787807814457E-16,1.0
101000001111000001000100001000010101,4190,0.02832596317258884,-0.62726605832498,1.0,1.0
100100001000000000000100001010010111,8732,0.5778235689020864,-0.34179254562323835,0.20000000000000015,1.0
101010001000000001100100001010010101,4140,0.5583126958928385,-0.12119369406697278,0.20000000000000015,1.0
100111100010010010000101001110111110,114,11.897493983663928,11.430712527359947,1.3877787807814457E-16,1.0
101100001010001011100100001110110101,582,11.907088427623881,11.399155941080997,1.3877787807814457E-16,1.0
101100001001000011000100101000010101,4928,0.10701241026429989,-0.5336812509614449,0.8,1.0
100100001000000000000100001000010101,8144,0.059638233451419186,-0.8937847873379051,1.0,1.0
001000001110010001000100001001010001,7266,11.90643332972237,11.443672912237513,1.3877787807814457E-16,1.0
100010001100100100000110001110000111,4790,11.94373620917333,11.110800503892861,1.3877787807814457E-16,1.0
110100001000000000000100001010010101,6552,0.21998262786233982,-0.6996334866629849,0.6000000000000001,1.0
110100001000100000100101101010111101,7640,11.922788935184839,11.304153448968101,1.3877787807814457E-16,1.0
100100010000000000000100001110010100,8146,11.927935282695499,11.331121630469324,1.3877787807814457E-16,1.0
100010001000000000001100001110000101,2536,0.20356783642706527,-0.5575812261405714,0.6000000000000001,1.0
111110101100000111001111101101011101,0,11.916344105799437,11.33667947933965,1.3877787807814457E-16,1.0
110110111000111110110110010010110111,256,11.920530560640627,11.34266661368293,1.3877787807814457E-16,1.0
100100001000000000000100001000010101,5170,0.059638233451419186,-0.8937847873379051,1.0,1.0
101000001100000001000100001010010101,1142,0.02981911672570959,-0.6670974743304072,1.0,1.0
100100001000000000001101001010011101,3434,0.3083947120792646,-0.2721604213416238,0.40000000000000013,1.0
101010001000000001000101101010001101,8930,0.020053521808191095,-0.6251344947560631,1.0,1.0
101000101110000001000100000100010111,5678,11.915004813004387,11.311396485185757,1.3877787807814457E-16,1.0
101100001000000001000100001110010101,8168,0.028325963172588828,-0.62726605832498,1.0,1.0
100100001000000000100111101110011101,3534,11.92619359747511,11.282160831446692,1.3877787807814457E-16,1.0
101100001000000001000100001000010101,2590,0.03975882230094612,-0.7287036029625051,1.0,1.0
101010001000000001000100101001010101,6924,0.11461846534962229,-0.6173159500985306,0.8,1.0
100100001010000000000100001000010101,9650,0.049698527876182653,-0.8028460464800199,1.0,1.0
101100001110000001000100001110000101,2318,0.09156648520443485,-0.510542132928068,0.8,1.0
101000101000000011000100001000010101,4872,0.09875808642317367,-0.5393534339213968,0.8,1.0
100100001000000000000100001000010101,7200,0.059638233451419186,-0.8937847873379051,1.0,1.0
100100001010010000010101111010001101,7294,11.893259817887209,11.391742416440142,1.3877787807814457E-16,1.0
100100001011000000000100001010010101,4984,0.03776795089678512,-0.6785022314967482,1.0,1.0
100100001100001000000101001011011101,8086,0.5389612912552011,0.0016517877683630555,0.20000000000000015,1.0
100010001000010000000100001001010101,5782,11.937017628065826,11.160407806467312,1.3877787807814457E-16,1.0
100100001000100000000100001010010111,9660,11.93614299015315,11.157443729943152,1.3877787807814457E-16,1.0
101100001000000011000100001000010101,7590,0.03776795089678512,-0.6785022314967482,1.0,1.0
101100001000000001000100011010010101,4172,0.20195254296476273,-0.5143589209538811,0.6000000000000001,1.0
101010001000000001000100001010010101,9336,0.03718127421479807,-0.7239677883528388,1.0,1.0
101000001011000011000100001110110101,670,0.19157238137937604,-0.41519713399225,0.6000000000000001,1.0
101000001110000001000100001010010101,6302,0.01987941115047306,-0.6150959726776001,1.0,1.0
100100001000000000000100101010010101,9648,0.0472099386209814,-0.7388530201040999,1.0,1.0
101100001000000101000100001110000101,7424,0.10824849050853781,-0.608062973410106,0.8,1.0
001000001010000101100111001001011011,576,11.919948134240917,11.282566259440861,1.3877787807814457E-16,1.0
100010001000000000010101101100111101,3988,11.92882711573769,11.271696964214934,1.3877787807814457E-16,1.0
101111001000000001000101101010001101,5948,0.5270261663000265,-0.005781304615302352,0.20000000000000015,1.0
101000001110100001010101101010001101,6882,0.3244331709428952,-0.1212823495229981,0.40000000000000013,1.0
101100011000000001100100001010010101,4108,11.917886355388418,11.346829118984548,1.3877787807814457E-16,1.0
110100011000001000000100101110000101,9538,11.931528654618527,11.259806426014126,1.3877787807814457E-16,1.0
100100000000000000000100001010010100,8584,0.20887550697115048,-0.5410061995142365,1.0,0.6000000000000001
101000001110001101100100001010010101,5348,11.908182841557831,11.371054855480239,1.3877787807814457E-16,1.0
100000001010000010100101011100001101,1242,11.925982598917143,11.277248466811042,1.3877787807814457E-16,1.0
011010110010111101111101101100011010,278,11.925657555486953,11.534176489505711,1.3877787807814457E-16,1.0
100100000010000000000100001100110110,508,0.21617328075860254,-0.5748036309917904,0.6000000000000001,1.0
101000001110000101001100001010010101,8154,0.5352179957261473,-0.03684046017142306,0.20000000000000015,1.0
000100001000000010000100111010000001,7582,0.11726879249985228,-0.5926663309493837,0.8,1.0
100100001000000000000100001010010101,7484,0.049698527876182653,-0.8028460464800199,1.0,1.0
100100001100000000000100001000010101,4730,0.12933443610121997,-0.7383055234441679,0.8,1.0
000000001011000110100111001011011001,558,11.916581282929009,11.350914723235398,1.3877787807814457E-16,1.0
100000001110000010000100000110110101,774,0.10957629677165326,-0.5470589429798491,0.8,1.0
001000001100000001000100000110010001,826,1.4802973661668754E-17,-0.466407775772619,1.0,1.0
100100001000000000000100001010110101,5162,0.12463214936077924,-0.7209140255920441,0.8,1.0
100100101000000000000101101010001101,7748,0.08894918756002906,-0.4958370517670381,0.8,1.0
100100001000000000000100001010010101,6742,0.049698527876182653,-0.8028460464800199,1.0,1.0
101000001010000011000101001110001101,944,0.0,-0.5321342441674862,1.0,1.0
101100100000001101000100001010010110,5970,11.906552624704858,11.365397179829925,1.3877787807814457E-16,1.0
100010001000000000000000001000010101,6628,0.09663185097680957,-0.8884178327459636,1.0,0.9
100010001000000000000101001010011101,5538,0.03718127421479806,-0.7239677883528386,1.0,1.0
101000001110000001000100000111000101,5876,0.01099990178909646,-0.5384264819873381,1.0,1.0
100010001000000000000101101010001101,4932,0.03718127421479806,-0.7239677883528386,1.0,1.0
101100001000000001000100001110000101,5292,0.02981911672570959,-0.6670974743304074,1.0,1.0
101101011000000001000100001000010101,8404,11.911243294113197,11.336148916039862,1.3877787807814457E-16,1.0
100100001000000000000000001010010101,4612,0.11940787812407987,-0.6878429130754004,1.0,0.8
100010001000000000101100001010010101,7314,11.927345010528034,11.247838620568222,1.3877787807814457E-16,1.0
001000001110000011000100001110110001,550,0.08574881180427137,-0.43403932233887355,0.8,1.0
000101001010000000000100001010110001,9278,0.18095807513726297,-0.38636348904339257,0.6000000000000001,1.0
101100001000000001000100001000010101,4742,0.03975882230094612,-0.7287036029625051,1.0,1.0
100100001000000000000100001100010101,9684,0.056651926345177676,-0.8109880332002101,1.0,1.0
100100001000000000000100001010000101,8678,0.2188506422067548,-0.7219636845940995,1.0,0.6000000000000001
101100001000000011000101101010001101,7528,0.00944198772419628,-0.5449619390846637,1.0,1.0
100100011001100000000101001000011101,8214,11.91581540122575,11.35915780370737,1.3877787807814457E-16,1.0
101000001000000001000100101010010101,4158,0.10250162648175187,-0.594414964574365,1.0,0.8
100010001000000000000000001110000101,7848,0.12517012128415095,-0.7544359247940405,1.0,0.8
101000001000000001000100001010010101,9038,0.10416095775273485,-0.6450643128962421,1.0,0.8
101100001000000001000100001010010101,6466,0.02981911672570959,-0.6670974743304074,1.0,1.0
001100001000000001000000001110010001,742,1.4802973661668754E-17,-0.466407775772619,1.0,1.0
101010001000000001000100001110000101,2618,0.03718127421479806,-0.7239677883528386,1.0,1.0
101100001000000001000101001011011101,3910,0.08212449748023858,-0.47227942932862144,0.8,1.0
100000001000000000000100001110000101,8598,0.2188506422067548,-0.7219636845940995,1.0,0.6000000000000001
101100001000000001000100101000010101,7594,0.03776795089678512,-0.6785022314967482,1.0,1.0
100100001000000000000100001010000101,1072,0.2188506422067548,-0.7219636845940995,1.0,0.6000000000000001
100100101000000000000100001000010101,5940,0.11837588414946287,-0.6499840479750288,0.8,1.0
100010001010001000000100001110000101,844,0.3323213984755727,-0.3686478246054789,0.40000000000000013,1.0
101000001000000001000100000010010101,3030,0.14108204645513905,-0.5528436308243686,1.0,0.7000000000000001
100010001000000000000101101010001101,7428,0.03718127421479806,-0.7239677883528386,1.0,1.0
100100001110000000001100001110000101,2022,0.18527053766065976,-0.4168380804718431,0.6000000000000001,1.0
101100001110000001000111001000011101,5676,11.915333264656896,11.27504823443428,1.3877787807814457E-16,1.0
100010000001000000000101001011011100,6824,0.09672988339320812,-0.493940428155456,0.8,1.0
100010001000000000000110001110010101,3744,0.5790804276927262,-0.323814506335111,0.20000000000000015,1.0
100100001000000000000100011010010111,8918,11.948112742327922,11.045217808300084,1.3877787807814457E-16,1.0
100110001000000000100100001110000101,2354,11.941056522642791,11.194523083345372,1.3877787807814457E-16,1.0
101100001000000001100100001010110101,6682,11.925982598917143,11.277248466811042,1.3877787807814457E-16,1.0
101000001110000001000101101010011101,1158,0.0,-0.5114106250106643,1.0,1.0
101000001010000001000100001010010101,8436,0.09366814175383732,-0.5821824666148361,1.0,0.8
101100001000000001000100101110100101,4572,0.3325401991448527,-0.34696619081495866,0.40000000000000013,1.0
000100001001000000000100001010010001,7190,0.20590709771774862,-0.47777110340486995,1.0,0.6000000000000001
100100001001100000000100001000010101,6660,0.20982052192439027,-0.507712495635481,0.6000000000000001,1.0
101010001000000001000100001010010101,4936,0.03718127421479807,-0.7239677883528388,1.0,1.0
100100001001100000000100101010010111,4716,11.932952325317434,11.231398480599713,1.3877787807814457E-16,1.0
000010001000000000000100001000010001,7558,0.45372029299397654,-0.49741018584756713,1.0,0.30000000000000016
101010001000000001000100101010000101,9752,0.03718127421479806,-0.7239677883528386,1.0,1.0
101100001000000001000100001010010101,8576,0.02981911672570959,-0.6670974743304074,1.0,1.0
100100101000000000000100001000010101,9638,0.11837588414946287,-0.6499840479750288,0.8,1.0
101000101110000001000100001100000101,9916,0.31472168430801484,-0.2700645550190524,0.40000000000000013,1.0
100010001000000000000100001010110101,4390,0.12826348977727423,-0.7686747720321624,0.8,1.0
101100001110000001100000001010010101,2156,11.903110432887692,11.3978304623893,1.3877787807814457E-16,1.0
101000001000000001000100001110000101,1030,0.10416095775273485,-0.6450643128962421,1.0,0.8
101110001001000001000100001000010101,3850,0.041935955593579995,-0.6899984598545726,1.0,1.0
101001001110000001000100001110000101,1484,0.29845500650402806,-0.23367923766345816,0.40000000000000013,1.0
101100001000000011000100001000000101,8636,0.20614538451321335,-0.5623170407502379,1.0,0.6000000000000001
100100001000000000010100001010010101,8050,0.10856698528631828,-0.5900837743534219,0.8,1.0
101110001000100001000100001010010111,9988,11.925851262373092,11.23576587268686,1.3877787807814457E-16,1.0
101010001000000001000100001010010101,9858,0.03718127421479807,-0.7239677883528388,1.0,1.0
101000001110000001010100001010010111,2828,11.913406802515773,11.28680286132124,1.3877787807814457E-16,1.0
101100011000000001100101101010001101,4294,11.901468663720946,11.402915627401624,1.3877787807814457E-16,1.0
100100001110000000000100001010010101,5254,0.1104504606528274,-0.605819721740706,0.8,1.0
100100001000000000000100001000110101,9976,0.060141469030857646,-0.8653211398613998,1.0,1.0
101010001000100011000100001000010101,2746,0.3308661102170743,-0.3341732302327424,0.40000000000000013,1.0
100000001000000010000101001010011101,3916,0.02981911672570959,-0.6670974743304074,1.0,1.0
100010001000000000000100001111100101,1598,0.21991400668154967,-0.6208530104349245,0.6000000000000001,1.0
001000101010100111000100001101010001,838,11.896502337911896,11.466525023328519,1.3877787807814457E-16,1.0
101000001100000001100101101010001101,1534,0.5332192413650078,5.629468851963138E-4,0.20000000000000015,1.0
100100001000000000000000001010010101,3788,0.11940787812407987,-0.6878429130754004,1.0,0.8
101101101000000001100100001010010101,8962,11.896295145143544,11.42600383634467,1.3877787807814457E-16,1.0
100001001100000010000100001010010101,9750,0.19471252538485606,-0.4608794961127127,0.6000000000000001,1.0
101100001000000001000100001110010101,6226,0.028325963172588828,-0.62726605832498,1.0,1.0
111000001001000001001100001110000101,7550,11.916229560308668,11.246091596057063,1.3877787807814457E-16,1.0
100010001000000000000100001111010101,5840,0.12246922830237761,-0.6685076834480154,0.8,1.0
100100011011000000000110001000010101,9030,11.941036005516763,11.178217689546658,1.3877787807814457E-16,1.0
101000001000000011000100001010010101,4754,0.02981911672570959,-0.6670974743304072,1.0,1.0
100100001000000000000100001000010101,2856,0.059638233451419186,-0.8937847873379051,1.0,1.0
100000001010000000000100001111000101,920,0.20614538451321335,-0.5623170407502377,1.0,0.6000000000000001
100010001000001000000100001110000101,2264,0.20871955217669802,-0.552484446549891,0.6000000000000001,1.0
101100001000000001000100001010010101,9286,0.02981911672570959,-0.6670974743304074,1.0,1.0
100100001000000000000100001010010101,1128,0.049698527876182653,-0.8028460464800199,1.0,1.0
101101001000000011000100001000010101,6076,0.18527053766065976,-0.4168380804718431,0.6000000000000001,1.0
100101001001000000000000001010000101,6656,0.189749246396286,-0.45367055177431737,1.0,0.6000000000000001
100010000000000000000000001000010100,9682,0.3589491934987161,-0.547973005604498,1.0,0.40000000000000013
101100001000000001000101101010011101,5326,0.009441987724196273,-0.5449619390846638,1.0,1.0
101000001110010001000100001000010101,7052,0.30839471207926455,-0.2721604213416238,0.40000000000000013,1.0
101000001100000001000100001110000101,1524,0.029819116725709582,-0.6670974743304072,1.0,1.0
100100001100000000000100001010010101,9428,0.11989244837702369,-0.6661705103480576,0.8,1.0
100100001000000000000101100010001101,1486,0.02336268418401878,-0.6200571139865847,1.0,1.0
000100001000000000000100001010010001,6316,0.20887550697115048,-0.5410061995142365,1.0,0.6000000000000001
101100001110000001000001101001001101,7618,0.0726825097560423,-0.4092874621517266,0.8,1.0
100010001000000000000101100010001101,8630,0.06715348639222582,-0.650809167021855,1.0,0.9
101010001000000001000100001010000101,9910,0.11163278112385498,-0.7053878259312648,1.0,0.8
101000001010001011000100001110000101,788,0.17284434115310937,-0.3643939607526395,0.6000000000000001,1.0
101000001110000001000000001110000101,7880,0.011681342092009394,-0.5676361870579848,1.0,1.0
100010001000100100000100001110010101,3876,0.5679989559010852,-0.16292551216749573,0.20000000000000015,1.0
110010001000000000100100001010010101,5374,11.946264294823262,11.095827155823176,1.3877787807814457E-16,1.0
100100011000000000000100001010010101,8960,11.938218508452179,11.204099303032027,1.3877787807814457E-16,1.0
101010001000010001000101101010011101,9312,0.5270261663000265,-0.005781304615302463,0.20000000000000015,1.0
100100001011000110000100001010010101,9764,0.564487246144772,-0.13054395388129825,0.20000000000000015,1.0
101000001111100001101100001000010111,5438,11.904475697895657,11.373394005854847,1.3877787807814457E-16,1.0
101000001110000001010100101010010101,7458,0.07882096886679518,-0.4377874503104979,0.8,1.0
101100001000000001000100101100000101,5038,0.1104504606528274,-0.6058197217407059,0.8,1.0
100010001000000100000100001010010101,5490,0.12826348977727423,-0.7686747720321623,0.8,1.0
101100001000000001000101011110011101,3816,0.3168386732393421,-0.2731139160613359,0.40000000000000013,1.0
001100001000000001000101101000001001,5554,0.07268250975604229,-0.4387281152546221,1.0,0.8
101010001000000001000100001100000101,1306,0.11842766017414383,-0.7134269346482035,1.0,0.8
100100001010000000000100001000010101,4346,0.049698527876182653,-0.8028460464800199,1.0,1.0
101010001000000001000100001010010101,2182,0.03718127421479807,-0.7239677883528388,1.0,1.0
101100001000000001010100001110000101,5570,0.08894918756002906,-0.4958370517670382,0.8,1.0
010110101010100000000100000100110001,666,11.922558333206858,11.3351764291613,1.3877787807814457E-16,1.0
100100001100000000000100001110000101,5862,0.11989244837702369,-0.6661705103480576,0.8,1.0
100100001000000000100100001110010101,7758,11.93617219352253,11.243803111501009,1.3877787807814457E-16,1.0
100010001111001000000100001110000101,6806,0.5553032373458523,-0.07975983225230199,0.20000000000000015,1.0
101011001000000001000000001110000101,8028,0.0858656351713726,-0.5120618954719212,0.8,1.0
101100001000000001100100001010010111,8606,11.928667271852945,11.228335625023163,1.3877787807814457E-16,1.0
101100001000000001000101101010001101,5232,0.009939705575236527,-0.5706154278456519,1.0,1.0
110110001000110110000101000100111101,706,11.922867397607265,11.305192544019476,1.3877787807814457E-16,1.0
100010001000000000000100001010010101,3758,0.05430902662140502,-0.8599205865286285,1.0,1.0
100100001100000000000100001010010101,4980,0.11989244837702369,-0.6661705103480576,0.8,1.0
101100001000100001011100101010010101,2476,11.908760621056212,11.461243131269866,1.3877787807814457E-16,1.0
101100001100000001000100001000010101,5828,0.1104504606528274,-0.6058197217407059,0.8,1.0
101100001000000101000100001110010101,3054,0.10676770239686698,-0.5727386875629445,0.8,1.0
100100001000000000100101101000111101,4772,11.931972196936163,11.267958373339242,1.3877787807814457E-16,1.0
101100001000000001000100001110000101,5692,0.02981911672570959,-0.6670974743304074,1.0,1.0
100010001000100000000100001110000101,1134,0.20871955217669802,-0.552484446549891,0.6000000000000001,1.0
101010001000000001000101100010001101,8384,0.04750124333583665,-0.5504262873074571,1.0,0.9
000100001000000000000000001010010001,8874,0.3344219589560038,-0.34024289798238666,1.0,0.40000000000000013
110100001100000000000110001000010101,3292,11.953533495616464,10.97962718020277,1.3877787807814457E-16,1.0
101010001010001001000100101010010101,3032,0.540433055108537,-0.03526690150244338,0.20000000000000015,1.0
101100001000100001000101101010001101,8206,0.3018061264263305,-0.1992849185717674,0.40000000000000013,1.0
000100001000000000000100001010010001,3108,0.20887550697115048,-0.5410061995142365,1.0,0.6000000000000001
100100001000000000000100001110010101,8038,0.0472099386209814,-0.7388530201040998,1.0,1.0
101100001000000001000100101010000101,2314,0.02981911672570959,-0.6670974743304074,1.0,1.0
110100000000000000000101101010001100,8992,0.10250162648175187,-0.594414964574365,0.8,1.0
100100101000000000000101101010001101,4926,0.08894918756002906,-0.4958370517670381,0.8,1.0
000001111011001100110110010010000001,0,11.895560833171896,11.465941919706856,1.3877787807814457E-16,1.0
100100001000000100100100001000010101,2600,0.5795611698704212,-0.22480367065437223,0.20000000000000015,1.0
100000001010000000000100001010010101,2308,0.34042627049961816,-0.4955325788945985,1.0,0.40000000000000013
101100001000000001000101101010001101,4704,0.009939705575236527,-0.5706154278456519,1.0,1.0
100100001000000000000101101010001101,6702,0.02981911672570959,-0.6670974743304074,1.0,1.0
101000001100001011000100001110000101,916,0.18184889647336264,-0.37706224454794834,0.6000000000000001,1.0
100000001110000000100100001000010101,5056,0.3434136970689977,-0.3907055083511541,0.40000000000000013,1.0
101000001110100001000100001010010101,7230,0.07914028869688446,-0.45809801320886445,0.8,1.0
100100001010000000000100001000010101,6258,0.049698527876182653,-0.8028460464800199,1.0,1.0
101000001100000001000100001000010101,7910,0.07407694022145245,-0.6943854850419986,1.0,0.9
000100001001001000000100101010010001,4588,0.1864745319628813,-0.3358184173038513,0.6000000000000001,1.0
101010001000000001000100001010010111,8592,0.5674356526109147,-0.2615142242092171,0.20000000000000015,1.0
101100001000000001000100001110010101,9274,0.028325963172588828,-0.62726605832498,1.0,1.0
100010001000000000000110001001010111,9908,11.955551590210943,10.945320722027402,1.3877787807814457E-16,1.0
100100001000000000000100001000010101,5398,0.059638233451419186,-0.8937847873379051,1.0,1.0
101000001110001001000100001100010111,1380,11.919914230098948,11.277377538652399,1.3877787807814457E-16,1.0
100100001000000000010100001000110101,8698,0.2150032177818366,-0.5613697127802887,0.6000000000000001,1.0
101100001001100011000100001110100101,4212,0.5466120387579461,-0.025276598148939677,0.20000000000000015,1.0
100010011000000000000100001110000101,8268,0.5740142217983492,-0.2169626899520437,0.20000000000000015,1.0
101100001000000001000101001110001101,8670,0.009939705575236527,-0.5706154278456519,1.0,1.0
000110001010111000010111000001111001,142,11.902991208097536,11.467931092248477,1.3877787807814457E-16,1.0
100101001000000000000100101010010111,2890,11.930048895836686,11.193932160632798,1.3877787807814457E-16,1.0
100010001010000000000100001110000101,810,0.11842766017414383,-0.7134269346482035,0.8,1.0
101100001000000001001100001000010101,7730,0.3183344176545011,-0.3166409661735719,0.40000000000000013,1.0
101100001000000001000100001010010101,3774,0.02981911672570959,-0.6670974743304074,1.0,1.0
101000001110000001001100001110000111,2088,11.908572979501516,11.284548441550275,1.3877787807814457E-16,1.0
101101001000000001100100001000010111,3498,11.921585781059798,11.26599375956223,1.3877787807814457E-16,1.0
110110000000000000000100001110110100,574,0.21800680733876868,-0.5764756876798887,0.6000000000000001,1.0
111000001110000001000100001010010101,3730,0.5548538264806268,-0.16658447232124773,0.20000000000000015,1.0
101000001000000001000101101010001101,4768,0.0831753257549398,-0.5294312413293499,1.0,0.8
100010000000001000000101101010001100,7772,0.17773585793735416,-0.36989269135199887,0.6000000000000001,1.0
100100001000000000000101001001001101,6254,0.11244133205698842,-0.6560210932064628,1.0,0.8
001010001001000001000100001010010001,8538,0.025432477403431502,-0.5985663118261294,1.0,1.0
101000001110000001000100001010010101,8710,0.01987941115047306,-0.6150959726776001,1.0,1.0
001000101010100011000100001110000001,878,0.5608393990897119,0.14854027458629254,0.20000000000000015,1.0
100010001000000000000110001110000101,1736,0.5810624570337961,-0.3857394005398186,0.20000000000000015,1.0
100010001000000000000100001010010101,4976,0.05430902662140502,-0.8599205865286285,1.0,1.0
101000001110000001000100001000010101,8818,0.02981911672570959,-0.6670974743304072,1.0,1.0
101100011000000001000100001100010101,4380,11.927589718395467,11.286896057169722,1.3877787807814457E-16,1.0
101000011000000001001100001010010101,6658,11.902701805611406,11.348297878802546,1.3877787807814457E-16,1.0
101000001000001011100101001010011101,8182,11.896295145143544,11.42600383634467,1.3877787807814457E-16,1.0
101100001000000001000101001110111101,8766,0.09106617649135632,-0.4988864128093218,0.8,1.0
101100001000100011000100011111100101,1528,11.921182609056588,11.322463982800135,1.3877787807814457E-16,1.0
100100001100000000000100101000010101,1934,0.1266329384340059,-0.6755986306216896,0.8,1.0
101010001000000001010101101010001101,2300,0.17485316020515337,-0.3821999198622055,0.6000000000000001,1.0
101010001010000101000100001000010101,6282,0.33956795499650483,-0.4298648538792413,0.40000000000000013,1.0
101000101110000011100100001000010101,2724,11.907330624893042,11.388332329986358,1.3877787807814457E-16,1.0
101100001000010001000100001010010101,3056,0.5341672088272503,-0.04638792459363816,0.20000000000000015,1.0
101010011000000001000100001010010101,6808,0.5583126958928385,-0.12119369406697278,0.20000000000000015,1.0
101100001000000001000100001110000101,4404,0.02981911672570959,-0.6670974743304074,1.0,1.0
100100011000000000000100001010010101,4508,11.938218508452179,11.204099303032027,1.3877787807814457E-16,1.0
100100011000000000000101101010001101,2098,0.5512027175909956,-0.07089366276007647,0.20000000000000015,1.0
100010001000000000000100001010010101,9380,0.05430902662140502,-0.8599205865286285,1.0,1.0
001000001010000011010100011111110001,810,11.903951260435168,11.409973938600773,1.3877787807814457E-16,1.0
101100001000000001100100001110010111,4052,11.927385666194033,11.257354366558191,1.3877787807814457E-16,1.0
101100001000000001000101001010001101,1940,0.0831753257549398,-0.5294312413293498,1.0,0.8
101100001110000001000100101010010101,8344,0.09066598598203014,-0.48442839209130495,0.8,1.0
100100001001000000001100001110000101,7578,0.19471252538485606,-0.4608794961127127,0.6000000000000001,1.0
101100001000010001000100001010010111,3354,11.916229560308668,11.246091596057063,1.3877787807814457E-16,1.0
101100001000000001000100001110010101,2924,0.028325963172588828,-0.62726605832498,1.0,1.0
101010001000100001100100001110000101,6212,11.916566618457589,11.323367596744554,1.3877787807814457E-16,1.0
101100001000100001000101100010001101,5016,0.3138853446898005,-0.15422992943653202,0.40000000000000013,1.0
100010011000001000000100000110010111,3240,11.93352257348756,11.248550486069805,1.3877787807814457E-16,1.0
100010001000000000000100001000010101,7126,0.09719102074521484,-0.914710810471064,1.0,0.9
101100001000000001000100001010010101,9934,0.02981911672570959,-0.6670974743304074,1.0,1.0
101000001110010001000100001010010101,4306,0.5242275032520138,-0.007906740915472388,0.20000000000000015,1.0
101100001000000001000100001010000101,5692,0.10416095775273483,-0.6450643128962421,1.0,0.8
101100001000000001000100001110010101,2860,0.028325963172588828,-0.62726605832498,1.0,1.0
101000001110000001000101101010001101,6386,0.0,-0.5321342441674861,1.0,1.0
101110001000000001000100001010000101,2766,0.10986378397084035,-0.6512852785967962,1.0,0.8
110010001000000000010100011110000101,1538,11.942450561958731,11.11648913635723,1.3877787807814457E-16,1.0
101000101000000101000110001010010101,924,11.927018238552266,11.20533349957105,1.3877787807814457E-16,1.0
110100001000000000000100001010010101,7484,0.21998262786233982,-0.6996334866629849,0.6000000000000001,1.0
100100001000000000000100001000010101,7898,0.059638233451419186,-0.8937847873379051,1.0,1.0
100010001000000000000100001010000101,1934,0.1295754315102834,-0.8738730162920946,1.0,0.8
101000001110100001000100001010010101,4096,0.07914028869688446,-0.45809801320886445,0.8,1.0
101110001000000001000100001000010101,5342,0.04375781017861623,-0.7328520114198975,1.0,1.0
101010001000000001000100001010010101,8638,0.03718127421479807,-0.7239677883528388,1.0,1.0
100010001000000000000100001110000101,1426,0.05430902662140502,-0.8599205865286285,1.0,1.0
101100001000000001000110101010010101,1384,0.5610165812014912,-0.17510015400239798,0.20000000000000015,1.0
101000001000000001000100101010000101,4144,0.10416095775273485,-0.6450643128962421,1.0,0.8
100100001000000000000100001100000101,2786,0.2260247956636864,-0.7273982251256379,1.0,0.6000000000000001
101010001000000001000100001000010101,6660,0.08006326833860787,-0.7517913264837395,1.0,0.9
101010101000000001000100001010010101,4766,0.09808230373470077,-0.5496072642415794,0.8,1.0
100010001110000000000100001110000101,1752,0.21014437239088346,-0.5664654492076303,0.6000000000000001,1.0
101000001110000001000100100010000101,1554,0.011681342092009394,-0.5676361870579848,1.0,1.0
101100001000000001000100001110000101,8736,0.02981911672570959,-0.6670974743304074,1.0,1.0
100100001000101000000100001010010101,8848,0.5466567901597922,-0.042265387395012954,0.20000000000000015,1.0
100010001000000000000100001010010101,3720,0.05430902662140502,-0.8599205865286285,1.0,1.0
101000101111000001100110001000010101,2956,11.918002176257092,11.322193697015171,1.3877787807814457E-16,1.0
101100011000000001000101101010001101,4122,0.5332192413650078,5.629468851962027E-4,0.20000000000000015,1.0
100010101000000010000101101010001101,5572,0.19069488999705192,-0.4274314669481257,0.6000000000000001,1.0
011100001000100001000100001000010001,9210,0.5503030799191452,-0.08780844042542513,0.20000000000000015,1.0
100000001010000010010100001110110101,602,0.3295307405978666,-0.30553232900028787,0.40000000000000013,1.0
101100001110100011000100001111010101,7364,0.529573000850519,0.05805509882906412,0.20000000000000015,1.0
100100001000000000000100011110000101,6870,0.21833620181700417,-0.627209973135819,0.6000000000000001,1.0
100010001110001000000100011010010101,6878,11.930129042213565,11.245290669264943,1.3877787807814457E-16,1.0
101010101000000011000101001000011101,4028,0.18259211406879033,-0.3931078425421899,0.6000000000000001,1.0
100100001101000000000100101010010101,5100,0.11559488539136428,-0.5767741966301572,0.8,1.0
101010001000000011000100001110010101,3064,0.10676770239686698,-0.5727386875629445,0.8,1.0
100100001000001000010100001110010101,8496,0.5455614243920978,-0.017753631847389983,0.20000000000000015,1.0
100100001000100000100100001010010101,9614,11.925762721149919,11.30050637535728,1.3877787807814457E-16,1.0
100101001000000000000100001010010101,7820,0.10250162648175187,-0.5944149645743649,0.8,1.0
101100001000000001000100001110000101,4454,0.02981911672570959,-0.6670974743304074,1.0,1.0
101010001000000001000100001000010101,4666,0.08006326833860787,-0.7517913264837395,1.0,0.9
100110001001000000000100001010010101,2642,0.049786718546335325,-0.7411901932040577,1.0,1.0
101110000001001001000101000011011100,6906,0.32092159107505847,-0.08667658271108003,0.40000000000000013,1.0
101100001000001001000100001010010111,9488,11.920985531728233,11.249051475254884,1.3877787807814457E-16,1.0
101100000000000001000101110010001100,2480,0.08122454727968415,-0.39001656141749824,0.8,1.0
101000001110100001010100001110010101,7794,0.17267868430399846,-0.28871437995772076,0.6000000000000001,1.0
101010001110000001000100001010010101,3892,0.19376071353864202,-0.46917018555015333,0.6000000000000001,1.0
101010001000001001000100001010010101,3106,0.32385480048268656,-0.3238347674935936,0.40000000000000013,1.0
101000001110000001000100001001010101,2970,0.10100847292863113,-0.5545835485689377,0.8,1.0
100011001000000000000101101010001101,3632,0.31850852831221915,-0.326679488252035,0.40000000000000013,1.0
100010001000000000000100001011110101,4062,0.35198245097331055,-0.4887845661431635,0.40000000000000013,1.0
101100001000000001000100001110010101,4954,0.028325963172588828,-0.62726605832498,1.0,1.0
100100001000000000000101101010011101,6348,0.02832596317258884,-0.62726605832498,1.0,1.0
110100001000000000001100011110000101,8900,11.934961151209425,11.150797473790917,1.3877787807814457E-16,1.0
100100001000000100000100001000010101,6904,0.13282397878689994,-0.7926386301053575,0.8,1.0
100100001000000000000101101010001101,3592,0.02981911672570959,-0.6670974743304074,1.0,1.0
000100011010000000000100001010010001,2454,11.917886355388418,11.346829118984548,1.3877787807814457E-16,1.0
101010001100000111010100000110000101,4056,0.5489466977339634,-0.035255236744622276,0.20000000000000015,1.0
101000001110000001000100001100010101,4598,0.028325963172588835,-0.62726605832498,1.0,1.0
101010001010000001000000001010010111,2234,11.92620855811635,11.187821706778562,1.3877787807814457E-16,1.0
101000001001000001000100001010010101,2690,0.02981911672570959,-0.6670974743304072,1.0,1.0
100100001000000000000100001010010101,5854,0.049698527876182653,-0.8028460464800199,1.0,1.0
100100001000000100000100001000010101,4776,0.13282397878689994,-0.7926386301053575,0.8,1.0
101110001000000001000101001100001101,5346,0.1000566610824171,-0.5628742380063781,1.0,0.8
100100001001100000000100001000010101,5572,0.20982052192439027,-0.507712495635481,0.6000000000000001,1.0
101100001000000001000100001110000101,9470,0.02981911672570959,-0.6670974743304074,1.0,1.0
100100001000000000000100101010010101,9740,0.0472099386209814,-0.7388530201040999,1.0,1.0
100100001010000000000100001000010101,8300,0.049698527876182653,-0.8028460464800199,1.0,1.0
101100001000000001000101101011001101,1396,0.009441987724196273,-0.5449619390846638,1.0,1.0
101000000110000001000100001000010100,3920,0.13033945157560178,-0.44726797676309066,1.0,0.7000000000000001
100010001000000000000100001000010101,9946,0.09719102074521484,-0.914710810471064,1.0,0.9
110101001000000000000100101010010111,3622,11.935451392297688,11.138587629636763,1.3877787807814457E-16,1.0
101010001000100001000101101011001101,7470,0.30655778243228965,-0.2304668742075116,0.40000000000000013,1.0
000100001000000000010101101010011001,3264,0.07710495585389762,-0.37683715331153944,0.8,1.0
101100001000000101100101101000001101,3510,11.918445637054319,11.311676121682693,1.3877787807814457E-16,1.0
101100001000000001000100001010010101,5876,0.02981911672570959,-0.6670974743304074,1.0,1.0
000100001000000000000101101010001001,7512,0.014162981586294417,-0.563444446752398,1.0,1.0
101010001000000001000100001110000101,9924,0.03718127421479806,-0.7239677883528386,1.0,1.0
101010001010000001000100001010010101,3154,0.10129990776753688,-0.5982484393024486,0.8,1.0
101000001000000011000100001110000101,4718,0.029819116725709582,-0.6670974743304072,1.0,1.0
100010001000000000000101101010001101,2884,0.03718127421479806,-0.7239677883528386,1.0,1.0
100100101000000000000100001010010101,9866,0.10856698528631828,-0.5900837743534219,0.8,1.0
101100001010000001011100001010010101,4446,0.5373875220374609,0.055655738270816324,0.20000000000000015,1.0
101000001101000001000100001010010101,8684,0.02832596317258884,-0.62726605832498,1.0,1.0
100100001000000010000100001110000101,3316,0.11989244837702369,-0.6661705103480576,1.0,0.8
111100001000000011000100001110010101,7796,0.20179401617800327,-0.4985376306517778,0.6000000000000001,1.0
101000001010000011000100010010000101,1112,0.0956917566995672,-0.5582857208772994,0.8,1.0
101100001000000001000101101010001101,4276,0.009939705575236527,-0.5706154278456519,1.0,1.0
100101001000100100000101101010001101,9176,11.90136259381547,11.36433793717567,1.3877787807814457E-16,1.0
101000001000000011000101101010011101,3324,0.009441987724196289,-0.5449619390846637,1.0,1.0
101000001000000001000100000000010101,3958,0.1535348346880549,-0.6323543415823434,1.0,0.7000000000000001
100000001000000000000100001010010101,7904,0.35091908649851566,-0.5898952403023388,1.0,0.40000000000000013
001010001100010001001011110001101011,0,11.93946765624584,11.392223634572515,1.3877787807814457E-16,0.9
111100001000010001000101001010011101,9898,11.900916398694362,11.318691182919311,1.3877787807814457E-16,1.0
100100001000000000000110001010010101,8702,0.5778235689020864,-0.34179254562323824,0.20000000000000015,1.0
100110001000000000000100001010010101,4428,0.05194963960473694,-0.7935965353480863,1.0,1.0
101100001000000001000101111110001101,6916,0.3168386732393421,-0.2731139160613359,0.40000000000000013,1.0
100100000010000010000100001111000100,674,0.09730904725725091,-0.4737481891466191,1.0,0.8
101100001000000001000100001010010101,9972,0.02981911672570959,-0.6670974743304074,1.0,1.0
101010001000000001000100001000010101,6828,0.08006326833860787,-0.7517913264837395,1.0,0.9
100010001000000010000100001111000101,904,0.12246922830237761,-0.6685076834480154,0.8,1.0
001100101100000001000100011000010001,9220,11.913519589499916,11.367083143958595,1.3877787807814457E-16,1.0
101100001000000001000101101110001101,8374,0.08212449748023858,-0.47227942932862144,0.8,1.0
101101001000000001000100001000010101,2658,0.18626597336274028,-0.44870941046533286,0.6000000000000001,1.0
101010001000000001000100001010010101,5248,0.03718127421479807,-0.7239677883528388,1.0,1.0
101000001000000001000100000100110101,696,0.11323098317454759,-0.6233989138310656,1.0,0.8
100010001000100000000100001010010101,5474,0.20871955217669802,-0.552484446549891,0.6000000000000001,1.0
101101001000000001000100001010010101,1994,0.17632626778750374,-0.40422886563338467,0.6000000000000001,1.0
101100000000000001000101101010001100,7098,0.014162981586294417,-0.46817489978556276,1.0,1.0
101100001000000011000100001011010101,9494,0.09965772409502409,-0.5224386562560482,0.8,1.0
101100001000000001000110001000010101,5214,0.34439449134694744,-0.5000571522414445,0.40000000000000013,1.0
101100001000000001000101001010011101,8510,0.009939705575236527,-0.5706154278456519,1.0,1.0
101010001000000001010100001100000101,1480,0.20025295418381187,-0.5007162688972397,0.6000000000000001,1.0
101000001000000001000100001010010101,6664,0.10416095775273485,-0.6450643128962421,1.0,0.8
101000011000000001000100001010010101,7826,0.5525534664246027,-0.10303855507296611,0.20000000000000015,1.0
101000001110000001000101011010011101,1698,0.1773770546864006,-0.3946814012111697,0.6000000000000001,1.0
100010001000000000000100001000000101,7472,0.2916367436954412,-0.8357111149636064,1.0,0.5000000000000001
100100001000000000000100001010010101,6246,0.049698527876182653,-0.8028460464800199,1.0,1.0
101000001000000001000100101010010101,1806,0.10250162648175187,-0.594414964574365,1.0,0.8
101010001000000001000101001000011101,6802,0.0629355159320009,-0.6366128311379846,1.0,0.9
100010011000000000000100001110000101,6368,0.5740142217983492,-0.2169626899520437,0.20000000000000015,1.0
000010001000000000000100001010010001,7624,0.21642301640880865,-0.6203456546089594,1.0,0.6000000000000001
101100001000000001000100001000010101,8804,0.03975882230094612,-0.7287036029625051,1.0,1.0
101100001000010001000100001010010101,3092,0.5341672088272503,-0.04638792459363816,0.20000000000000015,1.0
101100011000000001000100001010010101,1702,11.920235032226191,11.298138651875119,1.3877787807814457E-16,1.0
101100001000000001000100001011010101,5760,0.10100847292863113,-0.5545835485689377,0.8,1.0
100010001000000000000100001110010101,4310,0.05194963960473695,-0.7935965353480864,1.0,1.0
100100000000000000001101101010001100,7990,0.18054954379856164,-0.3017883375732953,0.6000000000000001,1.0
101010001000000001000100001110000101,2274,0.03718127421479806,-0.7239677883528386,1.0,1.0
001100001000000001000100001010010001,8484,0.014162981586294431,-0.563444446752398,1.0,1.0
100100001000000000000100001010010101,6834,0.049698527876182653,-0.8028460464800199,1.0,1.0
101100001010000001000100011010010101,7114,0.19376071353864205,-0.4691701855501532,0.6000000000000001,1.0
101100001000000001000101101010011101,3094,0.009441987724196273,-0.5449619390846638,1.0,1.0
101010001110000001001100101010110101,8032,11.911287486302802,11.329704895977946,1.3877787807814457E-16,1.0
101000001110100001000100001000010101,7286,0.08894918756002906,-0.4958370517670382,0.8,1.0
101000001100000001000100001010010101,9558,0.02981911672570959,-0.6670974743304072,1.0,1.0
111100001000000001000100001010010101,4746,0.2046694662480334,-0.5743813461175871,0.6000000000000001,1.0
111100001000000001000101101010001101,9432,0.1893563046337269,-0.48078165961787944,0.6000000000000001,1.0
101100001110000001000100001010010101,1794,0.09156648520443485,-0.5105421329280682,0.8,1.0
101100001000000001001100001010010101,4994,0.30839471207926455,-0.2721604213416238,0.40000000000000013,1.0
100100001000000000000000001010000101,4204,0.2161977151439306,-0.6831031447667698,1.0,0.6000000000000001
100100001000101000100100001110010101,8860,11.912695410075063,11.389085731754225,1.3877787807814457E-16,1.0
100010001010000000000100001010010101,8922,0.11842766017414383,-0.7134269346482035,0.8,1.0
001000001010000011001100001110110001,284,11.900020807910009,11.429792342477711,1.3877787807814457E-16,1.0
101000001110000001000100001011010101,3294,0.09156648520443485,-0.5105421329280682,0.8,1.0
101100001000000001000101001110001101,3682,0.009939705575236527,-0.5706154278456519,1.0,1.0
111011001001100111100011000011011101,252,11.905201240726976,11.383881136436345,1.3877787807814457E-16,1.0
100000001010000110001100001001000101,446,0.20195254296476273,-0.5143589209538811,0.6000000000000001,1.0
101011001000000001000100001011000101,2062,0.1864400840204583,-0.458747932543796,0.6000000000000001,1.0
101010001000000001000100001010010101,6832,0.03718127421479807,-0.7239677883528388,1.0,1.0
100010001000000000000100001110110101,2618,0.12620995422532474,-0.7145570628911493,0.8,1.0
101100001000000001000111101000011101,5002,0.32788626886361,-0.35781760380786337,0.40000000000000013,1.0
101000001100010001000100011100000101,1872,11.920633969213585,11.257703070124789,1.3877787807814457E-16,1.0
101100001000000001000110101010010101,2920,0.5610165812014912,-0.17510015400239798,0.20000000000000015,1.0
101100011000000001000110001010010101,3904,11.928667271852945,11.228335625023163,1.3877787807814457E-16,1.0
101100001000000001000100001011010101,3434,0.10100847292863113,-0.5545835485689377,0.8,1.0
101110001000000001000100011110000101,9884,0.20598052163073852,-0.52426253453592,0.6000000000000001,1.0
001000001110000001000100001110000001,1520,0.0,-0.5114106250106644,1.0,1.0
101100001000000001000100101000010111,6910,0.5683743967913868,-0.22420113693226074,0.20000000000000015,1.0
101110001000000001001100001010010101,2874,0.543409825152268,-0.07176642328774863,0.20000000000000015,1.0
101000101110000011100100001010010101,2784,11.898845848560335,11.414484706672857,1.3877787807814457E-16,1.0
101010001000000001000101101010001101,5258,0.020053521808191095,-0.6251344947560631,1.0,1.0
100110001000000000000101001000011101,9194,0.04375781017861623,-0.7328520114198973,1.0,1.0
100100001100000000000100001000010101,2906,0.12933443610121997,-0.7383055234441679,0.8,1.0
101100101110000001000100001110000101,9736,0.5303659623627667,0.01375754318547362,0.20000000000000015,1.0
101100001000000011000100001010010101,1200,0.028325963172588835,-0.62726605832498,1.0,1.0
100100001000000000000100001000000101,3740,0.3614119024974132,-0.7097124318807841,1.0,0.40000000000000013
100110101000000010000100001010010101,5968,0.20523122982956535,-0.4760351302835125,0.6000000000000001,1.0
000100001000000000000100001000110001,6520,0.1306978805947811,-0.7239862793976392,1.0,0.8
101100001010001001010100001110000101,1956,0.305070190404237,-0.16980532002890314,0.40000000000000013,1.0
101100101000000001000100001010010101,6708,0.08894918756002906,-0.4958370517670382,0.8,1.0
100010101000000100000100001010010101,8094,0.34388957298508854,-0.42545376893972714,0.40000000000000013,1.0
101100000000000001000100001110010100,2244,0.08585602159120276,-0.45688327597380995,1.0,0.8
101000001110000001000100001010010101,3172,0.01987941115047306,-0.6150959726776001,1.0,1.0
100010001000000000000100101110010111,8150,11.946264294823262,11.095827155823176,1.3877787807814457E-16,1.0
101000001000000001000100001010010101,1878,0.10416095775273485,-0.6450643128962421,1.0,0.8
100100011000100010000100101110000111,8988,11.930203574710454,11.284140116572273,1.3877787807814457E-16,1.0
101000000110000001000100001000010100,5400,0.13033945157560178,-0.44726797676309066,1.0,0.7000000000000001
101010001000000001000100001000010101,8470,0.08006326833860787,-0.7517913264837395,1.0,0.9
101100001000000001000101101010001101,9464,0.009939705575236527,-0.5706154278456519,1.0,1.0
001100001100000001000100001110000001,7528,0.08585602159120277,-0.45688327597381007,0.8,1.0
110011111110010100010011011010101101,208,11.908641549052897,11.351380117024071,1.3877787807814457E-16,1.0
101100001000000001110100101010010101,3794,11.907330624893042,11.388332329986358,1.3877787807814457E-16,1.0
101010001011000001000100001010010101,9340,0.1000566610824171,-0.5628742380063783,0.8,1.0
101000001110000001000100000010010101,5774,0.011681342092009394,-0.5676361870579848,1.0,1.0
100110001000000000010110001010010101,5728,11.938887840167446,11.15509455575336,1.3877787807814457E-16,1.0
101100001111000001010100000010010101,6984,0.16988860036551448,-0.2865463423694613,0.6000000000000001,1.0
101100001000000001000101101110001101,7122,0.08212449748023858,-0.47227942932862144,0.8,1.0
111010001011010001000101001000011101,7300,11.908657968972431,11.298812629978562,1.3877787807814457E-16,1.0
100100001000000000000100001010010101,9316,0.049698527876182653,-0.8028460464800199,1.0,1.0
101000001110000011000100001000010101,5150,0.02832596317258884,-0.62726605832498,1.0,1.0
101010001110000001000100001010010101,1344,0.19376071353864202,-0.46917018555015333,0.6000000000000001,1.0
100010001000000000000100001010010101,2708,0.05430902662140502,-0.8599205865286285,1.0,1.0
100010000000000000000100001000010100,8468,0.36001624053775166,-0.591114238303792,1.0,0.40000000000000013
101000001010000001000101001010011101,8774,0.07268250975604229,-0.48454499076492463,1.0,0.8
100100001010000010010101001111001111,408,11.91190779318406,11.331212072047244,1.3877787807814457E-16,1.0
101100001000000001000101101010001101,9714,0.009939705575236527,-0.5706154278456519,1.0,1.0
101000001000000001000100001010010101,3862,0.10416095775273485,-0.6450643128962421,1.0,0.8
101100001000000011000100011010010111,7310,11.933555889296658,11.187073331655172,1.3877787807814457E-16,1.0
101000001110001101000110001000010101,2450,11.925851262373092,11.23576587268686,1.3877787807814457E-16,1.0
101101001111000001000100001010010101,7702,0.5242275032520138,0.030220809433496643,0.20000000000000015,1.0
101000001100100001000101101010001101,1514,0.16973768213456966,-0.3313533628635281,0.6000000000000001,1.0
101000001100100001001100001010010111,8114,11.905828073303313,11.320374624779525,1.3877787807814457E-16,1.0
101100000000000001000100001000010100,8222,0.1445024331618962,-0.5110895883356728,1.0,0.7000000000000001
100010001001000000000100001110000101,2068,0.05194963960473695,-0.7935965353480864,1.0,1.0
101100001000000001000100101010010101,5282,0.028325963172588835,-0.62726605832498,1.0,1.0
100100001000001000000100011110010111,6270,11.937363252906739,11.190543953296732,1.3877787807814457E-16,1.0
001100001000000001000100001010000001,1376,0.18169972382657368,-0.4423248141246674,1.0,0.6000000000000001
111010010010000011000100011110110110,344,11.931307905453915,11.251567001352997,1.3877787807814457E-16,1.0
101000001110000001000100001011010101,9108,0.09156648520443485,-0.5105421329280682,0.8,1.0
101010001000000011000100001010010101,3964,0.10824849050853781,-0.6080629734101061,0.8,1.0
101000001110100001000100001110000101,6850,0.07914028869688446,-0.45809801320886445,0.8,1.0
101100000000000001000000001100010100,7148,0.13259416165677976,-0.4006939161520792,1.0,0.7000000000000001
100100001000001000000100001000110101,9818,0.3470716620735974,-0.42930126848852784,0.40000000000000013,1.0
110100001000000000000100001010010101,6586,0.21998262786233982,-0.6996334866629849,0.6000000000000001,1.0
100100001000000000000101101010001101,9722,0.02981911672570959,-0.6670974743304074,1.0,1.0
101100001000100001000100101110000101,3802,0.5396898375131093,-0.019221303508201948,0.20000000000000015,1.0
100100001000000000000101101010001101,4032,0.02981911672570959,-0.6670974743304074,1.0,1.0
100100001000000000000100001110010101,9560,0.0472099386209814,-0.7388530201040998,1.0,1.0
100010001000000000000100001010000101,1870,0.1295754315102834,-0.8738730162920946,1.0,0.8
100100001000000000001100001011010101,9174,0.3267809696766169,-0.3288110518209519,0.40000000000000013,1.0
101100001010000001000101101010001101,1520,0.0,-0.5321342441674862,1.0,1.0
100010001001000000000100001011000101,2070,0.05194963960473695,-0.7935965353480864,1.0,1.0
100010001000010000000100001010010101,8130,0.561408777466812,-0.19974028510082475,0.20000000000000015,1.0
101100001000000001000100001000000101,3704,0.20835782620785728,-0.6276010231863594,1.0,0.6000000000000001
100100001100000000010100001010010101,4006,0.20049664677404774,-0.45770035614787374,0.6000000000000001,1.0
110100001000010000000100001000010101,7176,11.93919930273013,11.094747659141737,1.3877787807814457E-16,1.0
101100001000000001001101101010001101,8992,0.3083947120792646,-0.20006034173819304,0.40000000000000013,1.0
101100001010000001000100001010000101,5956,0.09366814175383732,-0.5821824666148362,1.0,0.8
101011001111011111000110011010110111,180,11.916574289485386,11.31146141566206,1.3877787807814457E-16,1.0
101000011110000001101100001010110101,9148,11.902623190763018,11.398653533660433,1.3877787807814457E-16,1.0
101100001000000001000101101010111101,3286,0.18477022894758124,-0.40518236035309685,0.6000000000000001,1.0
001100001000010001000100001000010001,7498,0.29845500650402806,-0.2129556185066363,0.40000000000000013,1.0
101000001110000001010100011110000101,990,0.540433055108537,-0.03526690150244327,0.20000000000000015,1.0
100000010110000100000110001010010100,1470,11.933519560779967,11.238488360753896,1.3877787807814457E-16,1.0
100100001000000010000001011000111101,746,0.2088490497658437,-0.5016117163344667,0.6000000000000001,1.0
100100001110000000000100011010010101,4102,0.34039096209760805,-0.3915434533505446,0.40000000000000013,1.0
100100001000000000000100000110000101,5424,0.11940787812407987,-0.6878429130754004,1.0,0.8
001110001000001001000100101000000001,7086,0.18779651575437634,-0.38446433198075913,0.6000000000000001,1.0
001000000000011011001100001110010000,900,12.027470053894849,11.653833940617087,1.3877787807814457E-16,1.0
100010001000000000000100001000010101,7850,0.09719102074521484,-0.914710810471064,1.0,0.9
111010001010000001000100001010010101,9330,0.560622250399474,-0.21130798827286268,0.20000000000000015,1.0
111011001010000011000100101011000111,304,11.921767398170937,11.239478088185681,1.3877787807814457E-16,1.0
101000001000000001000100001010010101,5190,0.10416095775273485,-0.6450643128962421,1.0,0.8
100100001000000000000100001110000101,7040,0.12238103763222494,-0.7301635367239776,1.0,0.8
100010001000000010000100001010010101,7784,0.12463214936077924,-0.7209140255920441,0.8,1.0
101010001000000001001100001010010101,9446,0.5442810250602049,-0.10090699150404936,0.20000000000000015,1.0
100100101010000000000100001010010101,3006,0.09875808642317367,-0.5393534339213968,0.8,1.0
100010001000000000000100001111000101,974,0.05194963960473695,-0.7935965353480864,1.0,1.0
100100001100000000100100001110000101,5684,11.93617219352253,11.243803111501009,1.3877787807814457E-16,1.0
101000011000010001000100001011010101,7890,11.902251556000204,11.369595261520391,1.3877787807814457E-16,1.0
001100001100000001000100001000010001,1666,0.09902953342636323,-0.5085853518257738,0.8,1.0
100010001100000000000100001010010101,2452,0.12463214936077924,-0.7209140255920441,0.8,1.0
101010001000000001000100101010010101,4956,0.03556598075249552,-0.6807454831661484,1.0,1.0
100100001110000000000100001011010101,8536,0.20235351466424295,-0.4723113422741475,0.6000000000000001,1.0
101000001010000011000100001111000101,710,0.018883975448392546,-0.5832246426841102,1.0,1.0
100100001000000000000100001010010111,8306,0.5778235689020864,-0.34179254562323835,0.20000000000000015,1.0
100010001000000000000100001110000101,8286,0.05430902662140502,-0.8599205865286285,1.0,1.0
101100001010010101000100000111010101,1092,11.896162965114904,11.404729714097744,1.3877787807814457E-16,1.0
101000001110000001000000001010000101,2104,0.08513529798895814,-0.5320965327379856,1.0,0.8
101100001000000011000100001010010101,2842,0.028325963172588835,-0.62726605832498,1.0,1.0
100100001000000000000100001010010101,3246,0.049698527876182653,-0.8028460464800199,1.0,1.0
100100001000000000010100101010010101,3784,0.10679259431782281,-0.5514044086040987,0.8,1.0
101100001000000001000100001110000101,4966,0.02981911672570959,-0.6670974743304074,1.0,1.0
101100001000000001000100001011010101,5312,0.10100847292863113,-0.5545835485689377,0.8,1.0
101000001110000001000100001010010101,3262,0.01987941115047306,-0.6150959726776001,1.0,1.0
001010001111000001000100001010010001,6336,0.18016448129611096,-0.3611014672597701,0.6000000000000001,1.0
101010001001000001000100101110010101,7924,0.10540529078597574,-0.5433288413201254,0.8,1.0
101000001010000011000100100110110101,752,0.3183534736256808,-0.24791353367021746,0.40000000000000013,1.0
101100001000000001000101101000011101,7968,0.01888397544839256,-0.5832246426841103,1.0,1.0
100101001100000100000000001110000101,6088,0.5539637118073022,-0.08451574141129115,0.20000000000000015,1.0
100110000000000000000100001000010100,7536,0.17419184082804615,-0.6804923191643739,1.0,0.7000000000000001
101100001000000001000101001110011101,6854,0.009441987724196266,-0.5449619390846637,1.0,1.0
101000011110000001001100001000100101,4578,11.911643484622523,11.321690895321845,1.3877787807814457E-16,1.0
100010001010100000010111001010011101,5764,11.911047096483948,11.310735825199657,1.3877787807814457E-16,1.0
101100001001000111010100001110000101,1332,11.91564435339314,11.343755716486255,1.3877787807814457E-16,1.0
100010001000000000100100001010010101,9002,0.5740142217983492,-0.21696268995204382,0.20000000000000015,1.0
001100001010000001000100001010010001,4720,1.4802973661668754E-17,-0.5114106250106644,1.0,1.0
101110011001000001000101101010001101,9710,0.5411980352190038,-0.008697332743096586,0.20000000000000015,1.0
101000001110000001000100001010010101,9184,0.01987941115047306,-0.6150959726776001,1.0,1.0
101010001000100001000100001010010101,7508,0.1917863561909257,-0.4559032117853544,0.6000000000000001,1.0
100100001000000000000100001010010101,5120,0.049698527876182653,-0.8028460464800199,1.0,1.0
100101011001000000000001101010001101,8516,11.893259817887209,11.42685204211459,1.3877787807814457E-16,1.0
101110001000000001000100001000010101,8598,0.04375781017861623,-0.7328520114198975,1.0,1.0
101100001000000001000101101010011101,4502,0.009441987724196273,-0.5449619390846638,1.0,1.0
101000001000000001000101001010001101,1690,0.17749767332337832,-0.47532466773425697,1.0,0.6000000000000001
100010001000000000000100001011010101,2216,0.12463214936077924,-0.7209140255920441,0.8,1.0
101100001000000001000100001010010101,7656,0.02981911672570959,-0.6670974743304074,1.0,1.0
100010001000000010000101001110011101,1370,0.10676770239686698,-0.5727386875629445,0.8,1.0
100110001000000000000101001010001101,1862,0.10986378397084035,-0.6512852785967962,1.0,0.8
101000001000000001000100001010010101,1280,0.10416095775273485,-0.6450643128962421,1.0,0.8
101000011110000001000100001010010101,7248,11.911243294113197,11.336148916039862,1.3877787807814457E-16,1.0
101000001010010011000100001111000101,908,11.893259817887209,11.381849192876544,1.3877787807814457E-16,1.0
100000001010000010000100001010010101,4336,0.03975882230094612,-0.7287036029625049,1.0,1.0
100000001000000000000100001010010101,7970,0.35091908649851566,-0.5898952403023388,1.0,0.40000000000000013
010111001010000010000101001001111001,190,11.91715462239631,11.321066855454452,1.3877787807814457E-16,1.0
101100001110000101000101101010011101,3242,0.30856690194548764,-0.22465727061301272,0.40000000000000013,1.0
100100000000000000000100001010010100,3536,0.20887550697115048,-0.5410061995142365,1.0,0.6000000000000001
000100001000000000000000001000010001,8842,0.8039504286779632,0.0017188596222674768,1.0,0.10000000000000014
100110001000000000000100001000000101,3432,0.2292594650369757,-0.7826423661793029,1.0,0.6000000000000001
101000001110000001000100001010010101,5238,0.01987941115047306,-0.6150959726776001,1.0,1.0
100100001000000000000100001010010101,2742,0.049698527876182653,-0.8028460464800199,1.0,1.0
100000001000000000000100001000010101,9912,0.45511595495363805,-0.6160083794245591,1.0,0.30000000000000016
111010011000000001010100001010010101,1920,11.924762271472588,11.261832193315561,1.3877787807814457E-16,1.0
101100001000000101000100001010010101,4002,0.10824849050853781,-0.6080629734101061,0.8,1.0
101010001000000001000101101010011101,9788,0.019182321900254106,-0.5959939265397625,1.0,1.0
101100001000000001100100001010010101,6066,0.5512027175909956,-0.07089366276007658,0.20000000000000015,1.0
100010001000000000000101101010011101,2348,0.03556598075249552,-0.6807454831661484,1.0,1.0
101001001110000001000100001010010101,2670,0.29845500650402806,-0.23367923766345816,0.40000000000000013,1.0
101000001000000001000101001010011101,1670,0.0831753257549398,-0.5294312413293499,1.0,0.8
110100001010001000000100001000010101,9348,11.93614299015315,11.157443729943152,1.3877787807814457E-16,1.0
100100001000000000000000001100000101,1462,0.2247932726723142,-0.6912880593933927,1.0,0.6000000000000001
100100001000001000010100011110000101,4252,11.922583900328906,11.301555562244099,1.3877787807814457E-16,1.0
100100001000000000000100001000010101,6956,0.059638233451419186,-0.8937847873379051,1.0,1.0
101100001110000001000101001000011101,1910,0.08212449748023856,-0.47227942932862155,0.8,1.0
101010001000000001000100001110000101,3708,0.03718127421479806,-0.7239677883528386,1.0,1.0
100100001000000000000100001010010101,9096,0.049698527876182653,-0.8028460464800199,1.0,1.0
100000001100000000010100111010010101,4658,0.5630721708693119,-0.1181941892437659,0.20000000000000015,1.0
101110001000000001000000000010010101,2926,0.05975059532393784,-0.5642481939056231,1.0,0.9
101000001100000001000100001110000111,966,0.33673791053979424,-0.4423129018258262,0.40000000000000013,1.0
100010001000000000100101101010001101,5184,11.927345010528034,11.247838620568222,1.3877787807814457E-16,1.0
101000001110000001000100001000010101,4084,0.02981911672570959,-0.6670974743304072,1.0,1.0
100010001000000000000100001110000101,1526,0.05430902662140502,-0.8599205865286285,1.0,1.0
100100001000000000000100001000010101,7620,0.059638233451419186,-0.8937847873379051,1.0,1.0
101101001010000001000100001000010101,2528,0.17632626778750374,-0.40422886563338467,0.6000000000000001,1.0
100100011000100000000100001000010101,4640,11.93464727877968,11.25784051767485,1.3877787807814457E-16,1.0
101100001000000001000110001110000101,9938,11.931542721922975,11.152491909557355,1.3877787807814457E-16,1.0
101010001000001001000101101010001101,3530,0.17485316020515337,-0.3821999198622055,0.6000000000000001,1.0
000110001000000000001111001110011001,518,11.911643484622523,11.321690895321845,1.3877787807814457E-16,1.0
101010001110000001000100001010010101,9598,0.19376071353864202,-0.46917018555015333,0.6000000000000001,1.0
000110001110000000010100001111010001,594,11.911553995972952,11.40449717932313,1.3877787807814457E-16,1.0
001000001010000111000101000101111001,736,0.304715276209009,-0.17374160439678205,0.40000000000000013,1.0
100100011111000000000100001000010101,6666,11.93430404705589,11.276254915559132,1.3877787807814457E-16,1.0
101100001010000001000101101010011111,8232,11.907975449067001,11.308936507193467,1.3877787807814457E-16,1.0
100100001000100000000100001010010101,9636,0.2022710377425432,-0.4963797218971969,0.6000000000000001,1.0
100100001110000000000100001110000101,6558,0.1104504606528274,-0.6058197217407059,0.8,1.0
101100001000000001100100011110000101,6786,11.925982598917143,11.277248466811042,1.3877787807814457E-16,1.0
101010001000000001000100001010000101,1380,0.11163278112385498,-0.7053878259312648,1.0,0.8
100100001000100000000100001010010101,2040,0.2022710377425432,-0.4963797218971969,0.6000000000000001,1.0
100011001000001000000100011010010101,9950,11.924365421877116,11.253907884450202,1.3877787807814457E-16,1.0
100010101000000000000101101010001101,5362,0.09808230373470078,-0.5496072642415792,0.8,1.0
101100011000000001000100001110000101,4078,11.920235032226191,11.298138651875119,1.3877787807814457E-16,1.0
000100001000100000000100101010000001,9406,0.3215043424680172,-0.2622287987712634,0.40000000000000013,1.0
100010001100000000000100101001010101,3940,0.22172022883067455,-0.582644611694119,0.6000000000000001,1.0
101000001000000001000100001110000101,846,0.10416095775273485,-0.6450643128962421,1.0,0.8
100010001000000010000100001000010101,9802,0.13282397878689994,-0.7926386301053575,0.8,1.0
101000001101000101000100001010010101,1486,0.10676770239686698,-0.5727386875629443,0.8,1.0
100110000000000000000100001000000100,5052,0.28733373078170943,-0.6637967480598341,1.0,0.5000000000000001
100100001000000000000110001010010101,5512,0.5778235689020864,-0.34179254562323824,0.20000000000000015,1.0
101100001000000001000101100010001101,6860,0.0,-0.523387879643664,1.0,1.0
110100001000000000100101101000011101,7692,11.934210835855398,11.220103887658036,1.3877787807814457E-16,1.0
100100001001000000000100001000010101,3666,0.056651926345177676,-0.8109880332002102,1.0,1.0
101000100110000001000101011010001100,5018,0.5469260947021877,0.08921995839171637,0.20000000000000015,1.0
101100000000000001000100001110010100,5592,0.08585602159120276,-0.45688327597380995,1.0,0.8
110110000000010110001011011111111100,180,11.917947120094675,11.325232578574166,1.3877787807814457E-16,1.0
001010011110000001000100001000010001,6656,11.9160651664669,11.352513646957265,1.3877787807814457E-16,1.0
100100001000000000000100001000110101,5356,0.060141469030857646,-0.8653211398613998,1.0,1.0
100000001110000000000100001010000101,2342,0.34042627049961816,-0.4955325788945985,1.0,0.40000000000000013
101100001000000011000100011110010101,5388,0.33117778753396154,-0.3175563445721396,0.40000000000000013,1.0
100100011000100000000100001011010101,6004,11.924300177558456,11.326405147380799,1.3877787807814457E-16,1.0
101100001000000001000100001000010101,6376,0.03975882230094612,-0.7287036029625051,1.0,1.0
101000001110100001000100001110010101,7914,0.07882096886679518,-0.4377874503104979,0.8,1.0
100010001000000000000000001000010101,9188,0.09663185097680957,-0.8884178327459636,1.0,0.9
101000001000000001000101100010001101,1578,0.11617646998930735,-0.435617840863841,1.0,0.7000000000000001
100010001000000000000100001001010111,9798,0.5856562232519746,-0.3887264683321221,0.20000000000000015,1.0
101000001110000001010100101010010111,1230,11.912628337529028,11.310706830780589,1.3877787807814457E-16,1.0
101010001000000001000100001010010101,9114,0.03718127421479807,-0.7239677883528388,1.0,1.0
100110001010001000000110001011010101,5076,11.931062762189663,11.228092670977336,1.3877787807814457E-16,1.0
101000011110010001000101001000011101,8134,11.902251556000204,11.425731687239756,1.3877787807814457E-16,1.0
100100001000000000001100001000010101,2388,0.20614538451321335,-0.5623170407502377,0.6000000000000001,1.0
101010001000000001000101101010011101,9016,0.019182321900254106,-0.5959939265397625,1.0,1.0
101000001010000011000100001100000101,1198,0.02981911672570959,-0.6670974743304073,1.0,1.0
101100001000000001010101101010111111,3626,11.912161290038435,11.319988686009747,1.3877787807814457E-16,1.0
100100001000000000000101101010001101,4370,0.02981911672570959,-0.6670974743304074,1.0,1.0
100010001000000000000100001010010101,9032,0.05430902662140502,-0.8599205865286285,1.0,1.0
100010001000000000000100001010010101,1616,0.05430902662140502,-0.8599205865286285,1.0,1.0
100000001100000000000100001000010101,5742,0.285410730199405,-0.6680122905899193,1.0,0.5000000000000001
101000001000000101000100001110110101,824,0.11227646917451359,-0.617966586992145,0.8,1.0
100100001000000000000100001000010101,7644,0.059638233451419186,-0.8937847873379051,1.0,1.0
101000001000000001000100001010010101,1886,0.10416095775273485,-0.6450643128962421,1.0,0.8
111011100001010111010101100011001110,394,11.904899297336774,11.452858262956786,1.3877787807814457E-16,1.0
101000001000000001000101101010001101,6984,0.0831753257549398,-0.5294312413293499,1.0,0.8
100100001000000010000100001100000101,4858,0.2230384885574449,-0.644601470987943,1.0,0.6000000000000001
100010001000000000000100001110010101,1726,0.05194963960473695,-0.7935965353480864,1.0,1.0
101010001000000001100100011010010101,7788,11.931443032329346,11.234266788013997,1.3877787807814457E-16,1.0
100100001000000000000100001001010101,2890,0.12933443610121997,-0.7383055234441678,0.8,1.0
101100001001000001000100001001010101,9748,0.10864946220801802,-0.5660153947303725,0.8,1.0
101000001110000001000100001010000101,1566,0.09366814175383731,-0.582182466614836,1.0,0.8
111000001110000001000100001011010101,7014,11.922691080246791,11.236987207575318,1.3877787807814457E-16,1.0
101000001111000001001110001110010101,9500,11.907422799473503,11.329815371134812,1.3877787807814457E-16,1.0
100000001000000000000100001010010101,5512,0.35091908649851566,-0.5898952403023388,1.0,0.40000000000000013
100010001000000000000100001000000101,4424,0.2916367436954412,-0.8357111149636064,1.0,0.5000000000000001
100100011000100000000110001010010101,4488,11.932952325317434,11.231398480599713,1.3877787807814457E-16,1.0
101010100000000001000101101010001100,1352,0.08403180548112923,-0.3915469436959239,0.8,1.0
100100001000000000000100001110000101,5216,0.12238103763222494,-0.7301635367239776,1.0,0.8
100100001010000000000100001110010101,5458,0.03776795089678511,-0.6785022314967482,1.0,1.0
100101001000001000000101101000001101,9232,0.530685282192856,-0.006553019712892794,0.20000000000000015,1.0
100100001000010000100101101011001111,2004,11.913735326871302,11.320719749734575,1.3877787807814457E-16,1.0
100010001000000000000100001010010101,1884,0.05430902662140502,-0.8599205865286285,1.0,1.0
101000001000000001000101101010001101,1102,0.0831753257549398,-0.5294312413293499,1.0,0.8
101100001100000001000100001110010101,2832,0.09965772409502409,-0.5224386562560482,0.8,1.0
101100001000000001000110001110000101,2920,11.931542721922975,11.152491909557355,1.3877787807814457E-16,1.0
101010001000000001000000001000010101,9926,0.0769796079204204,-0.7151386668925728,1.0,0.9
101000001110001001000100001000010101,3264,0.182653240016254,-0.40213299931081326,0.6000000000000001,1.0
101100001000000001100101101010001101,5172,11.902251556000204,11.369595261520391,1.3877787807814457E-16,1.0
101000001110000001000100001010010101,8312,0.01987941115047306,-0.6150959726776001,1.0,1.0
111101001000000001000101101010001101,2788,11.900916398694362,11.318691182919311,1.3877787807814457E-16,1.0
101100001000000001100100001110000101,5734,11.920235032226191,11.298138651875119,1.3877787807814457E-16,1.0
101010101000000001000100001110000101,2148,0.1917863561909257,-0.4559032117853544,0.6000000000000001,1.0
010111000011010110010011101110011000,102,11.904235500244711,11.47293200668133,1.3877787807814457E-16,1.0
100100001000000000000101101110001101,7554,0.10100847292863113,-0.5545835485689377,0.8,1.0
101000001110000001000100001010010101,7046,0.01987941115047306,-0.6150959726776001,1.0,1.0
101100001001000001000001101011001111,5720,0.5400737059119484,-0.03640887281973482,0.20000000000000015,1.0
100100001000100000000100001010010101,7064,0.2022710377425432,-0.4963797218971969,0.6000000000000001,1.0
101100001000000001000100001010010101,5584,0.02981911672570959,-0.6670974743304074,1.0,1.0
101100001000000101010100001010010101,7206,0.1906948899970519,-0.4274314669481256,0.6000000000000001,1.0
000100001001000000000100001111000001,2780,0.03693980625181292,-0.597705745563705,1.0,1.0
101100001000000001000100001010010101,3874,0.02981911672570959,-0.6670974743304074,1.0,1.0
101100011100000001010100001010010101,1224,11.907330624893042,11.388332329986358,1.3877787807814457E-16,1.0
100010001000011000000100101010000101,1810,11.918659611865868,11.270970043889587,1.3877787807814457E-16,1.0
100000101110000000000110001010010101,5838,11.928564260940691,11.206288120873609,1.3877787807814457E-16,1.0
100010001001000000000101100000011101,2964,0.07295301141985616,-0.6195884476372716,1.0,0.9
110010010011110110001101011110111110,208,11.910098633230955,11.36762273719073,1.3877787807814457E-16,1.0
100000001110100000000100001010010101,2866,0.09875808642317367,-0.5393534339213968,0.8,1.0
101100001001000001000100001100010101,9176,0.03596695245197574,-0.6386979044864148,1.0,1.0
111000001110000001000111011000011101,3268,11.928090055545747,11.181543734624837,1.3877787807814457E-16,1.0
000100001000000000000100001010000001,7534,11.93919930273013,11.094747659141737,1.0,1.3877787807814457E-16
100100001000000000000100001010110101,3746,0.12463214936077924,-0.7209140255920441,0.8,1.0
001000001010000011000100000001000001,882,0.16638656221226722,-0.3276201316062502,1.0,0.6000000000000001
100010001000000000000101100010011101,8696,0.06552715599360284,-0.608482913417272,1.0,0.9
101100001000000001000100001010000101,8026,0.10416095775273483,-0.6450643128962421,1.0,0.8
001010001111000001000100001010010001,6514,0.18016448129611096,-0.3611014672597701,0.6000000000000001,1.0
100100001100000000000100101010010101,1980,0.11764120032101195,-0.61647800509914,0.8,1.0
101100001000000001010110001010010101,8626,11.920985531728233,11.249051475254884,1.3877787807814457E-16,1.0
101101001000000001000101101000011101,8318,0.5242275032520138,0.012816878241349583,0.20000000000000015,1.0
100100001001000000000101101010001101,5496,0.02832596317258884,-0.62726605832498,1.0,1.0
100110001001000000000100000010000101,1080,0.12257041851995637,-0.6863101824569435,1.0,0.8
101100001000000001000101101010001101,5846,0.009939705575236527,-0.5706154278456519,1.0,1.0
101100001001100001000100000010010101,3346,0.17352312805711326,-0.333341371634609,0.6000000000000001,1.0
111000001110000001000100001010010101,3580,0.5548538264806268,-0.16658447232124773,0.20000000000000015,1.0
100100001000000000000100001110000101,1564,0.12238103763222494,-0.7301635367239776,1.0,0.8
101100001001000001010101101010011101,5126,0.16942188946860226,-0.300869419330273,0.6000000000000001,1.0
101001001110000101000101101010001101,6404,11.898652984265317,11.391051841094873,1.3877787807814457E-16,1.0
101100001001000001000110101000010111,5144,11.939985186255246,11.132734395055767,1.3877787807814457E-16,1.0
101101001100000001000100001110100101,8330,11.911643484622523,11.321690895321845,1.3877787807814457E-16,1.0
111000001110000001000100001010010111,2430,11.930618182585956,11.144729006315558,1.3877787807814457E-16,1.0
100100011000000000000100001010010101,8996,11.938218508452179,11.204099303032027,1.3877787807814457E-16,1.0
110110000000011010101111100000111100,392,11.906190347991469,11.389475096303942,1.3877787807814457E-16,1.0
101100001000000001000000001000010101,9630,0.06936214419653453,-0.6488271286957026,1.0,0.9
101100001000000001000110001010010101,1186,0.56251040728778,-0.21654040507784034,0.20000000000000015,1.0
101010001000000001000100001010010101,7916,0.03718127421479807,-0.7239677883528388,1.0,1.0
101010001000000001000100001110000101,1984,0.03718127421479806,-0.7239677883528386,1.0,1.0
100010001100000000000100001010010101,7978,0.12463214936077924,-0.7209140255920441,0.8,1.0
100000001110000000000101001100011101,5582,0.028325963172588835,-0.62726605832498,1.0,1.0
100100001000000000000100011010010101,7050,0.21833620181700417,-0.6272099731358192,0.6000000000000001,1.0
100100001000000000000100001000010101,6730,0.059638233451419186,-0.8937847873379051,1.0,1.0
101000001000001001100100001010100101,9768,11.917568145671995,11.299441788726817,1.3877787807814457E-16,1.0
100010011010000000000101001011001101,7018,11.919494247575278,11.287005597207887,1.3877787807814457E-16,1.0
110100001110100000100110001000010101,4514,11.936318623037868,11.206325994111308,1.3877787807814457E-16,1.0
101000001110000001000100001010010101,3306,0.01987941115047306,-0.6150959726776001,1.0,1.0
101100011110000001001100101010010101,3524,11.893259817887209,11.42685204211459,1.3877787807814457E-16,1.0
101010001010001001000101101010001101,6698,0.29845500650402806,-0.21946079670768165,0.40000000000000013,1.0
101000001010000011000100001100000101,1176,0.02981911672570959,-0.6670974743304073,1.0,1.0
101101001000000001000100001010010101,3322,0.17632626778750374,-0.40422886563338467,0.6000000000000001,1.0
100100000011000000000101101110001100,3460,0.07268250975604229,-0.39372526601657665,0.8,1.0
101110001000100001000100001000110101,7586,0.33532423083038326,-0.3495141421182381,0.40000000000000013,1.0
100100001000000000000101101011101101,8100,0.3325401991448527,-0.34696619081495866,0.40000000000000013,1.0
101010001000000001000100001000010101,2742,0.08006326833860787,-0.7517913264837395,1.0,0.9
100100001000000000000100001010010101,4168,0.049698527876182653,-0.8028460464800199,1.0,1.0
100100001000000010000100001010000101,5702,0.21608509008844987,-0.6364594842677527,1.0,0.6000000000000001
101100001000000001000100001010010101,4618,0.02981911672570959,-0.6670974743304074,1.0,1.0
100000001100000000000100101110000101,1040,0.11989244837702369,-0.6661705103480576,0.8,1.0
101100001000000001000100001110000101,5744,0.02981911672570959,-0.6670974743304074,1.0,1.0
100010001000000000000100001010010101,1900,0.05430902662140502,-0.8599205865286285,1.0,1.0
100110001000000000000110001111010101,2398,11.944536364973125,11.137962845007197,1.3877787807814457E-16,1.0
101100001000000001000100001011010101,9902,0.10100847292863113,-0.5545835485689377,0.8,1.0
100010001000000000000100001000010101,6256,0.09719102074521484,-0.914710810471064,1.0,0.9
101100101001000001000100001011010101,5816,0.18112035021545442,-0.35618915327138356,0.6000000000000001,1.0
100111100000010010001011001101011100,458,11.917390238434944,11.495963146970922,1.3877787807814457E-16,1.0
101100001000001001000100001010010101,6996,0.182653240016254,-0.40213299931081337,0.6000000000000001,1.0
100100001000000000100100001010010101,9146,0.5691861938169835,-0.1649330116031683,0.20000000000000015,1.0
100100000000000000010111000010011100,7706,0.5317993551323734,0.002242539656693854,0.20000000000000015,1.0
101000001110000001000100001000000101,1148,0.10416095775273485,-0.645064312896242,1.0,0.8
100100001110000010100100001000010101,2804,11.93430404705589,11.276254915559132,1.3877787807814457E-16,1.0
101000000110000001100100011110000100,8526,11.906326119935438,11.386537985792293,1.3877787807814457E-16,1.0
101100001010001001000101101010001101,1826,0.08584252854148933,-0.3958892552251551,0.8,1.0
100010001000000000000000101010000101,3254,0.08680572944861498,-0.7928003166295765,1.0,0.9
101100101000000001000100001000010101,8152,0.09875808642317367,-0.5393534339213968,0.8,1.0
100010001100100100000100001010100101,3450,11.940969114194669,11.165611175716638,1.3877787807814457E-16,1.0
100100001000000010000000001010000101,3010,0.2131119305803048,-0.5941388606191754,1.0,0.6000000000000001
101010001000000001001101101010001101,7636,0.527153272653598,-0.02581703062152174,0.20000000000000015,1.0
000100001000000000000100001010000001,3606,11.93919930273013,11.094747659141737,1.0,1.3877787807814457E-16
101100001000000001000100001110000101,4284,0.02981911672570959,-0.6670974743304074,1.0,1.0
101110001000000001000100001000010101,5316,0.04375781017861623,-0.7328520114198975,1.0,1.0
001010001000000001000100001010010001,4830,0.026986894522177122,-0.6389929830975298,1.0,1.0
101001101010010011000110101110110101,532,11.893259817887209,11.400917800502778,1.3877787807814457E-16,1.0
101100001000000001000100001110010101,2688,0.028325963172588828,-0.62726605832498,1.0,1.0
111111110010010101001010000011010110,132,11.896710506967837,11.422387713299042,1.3877787807814457E-16,1.0
001100001110100001000101101110001001,8026,11.933737645905513,11.531391048729878,1.3877787807814457E-16,1.0
111100001000000001000100001010010101,8514,0.2046694662480334,-0.5743813461175871,0.6000000000000001,1.0
101000001000000001000100001110000101,2778,0.10416095775273485,-0.6450643128962421,1.0,0.8
000000001000000000000101101010001001,1182,0.2410856583622923,-0.3829388795889487,1.0,0.5000000000000001
101000001001000011000100001100010101,4026,0.10864946220801801,-0.5660153947303722,0.8,1.0
101100001000000001000101001000011101,9764,0.019879411150473054,-0.6150959726776,1.0,1.0
101100001000000001000100000000010101,9478,0.06936214419653453,-0.6488271286957026,1.0,0.9
101000001100000001000100001110000101,4388,0.029819116725709582,-0.6670974743304072,1.0,1.0
101000001000000001000100001000010101,9366,0.1581477339848974,-0.6778111154093193,1.0,0.7000000000000001
100010001000000000000100001110000101,1312,0.05430902662140502,-0.8599205865286285,1.0,1.0
101010001000000001000100001110000101,4584,0.03718127421479806,-0.7239677883528386,1.0,1.0
101100001010000001100100101010010101,1154,11.910424768141338,11.357935990629072,1.3877787807814457E-16,1.0
101100101010000001000100001110000101,10000,0.1728443411531094,-0.3643939607526395,0.6000000000000001,1.0
000001111011110110001010111101000011,0,11.893259817887209,11.444936727900558,1.3877787807814457E-16,1.0
100110000000000000000100001110000100,7586,0.16333087634961038,-0.6013359599967992,1.0,0.7000000000000001
110110000010111000000011000001111100,258,11.899859358892453,11.4019045139846,1.3877787807814457E-16,1.0
100100000000000000000100001110000100,5656,0.2682614415068691,-0.48162026497851784,1.0,0.5000000000000001
100011001000100000000100001011010101,4266,0.5485358310367985,-0.06959052590837911,0.20000000000000015,1.0
100010001000000000000110001010010101,3244,0.3552899602858103,-0.6115118972878044,0.40000000000000013,1.0
101000000100000001000100001010010100,8192,0.18054954379856164,-0.3970578845401308,1.0,0.6000000000000001
101100001000000001000100011000010101,7204,0.11644031993465852,-0.6601695016638552,0.8,1.0
101010001001000001000100001110000101,3816,0.03556598075249552,-0.6807454831661484,1.0,1.0
001100001110000001000000001010010001,5106,0.08910020142351474,-0.35223965878668606,0.8,1.0
101110001000100001000100001010010101,5668,0.32276333428881276,-0.29536302265636477,0.40000000000000013,1.0
100010001000000000010100001010010101,2274,0.20871955217669802,-0.552484446549891,0.6000000000000001,1.0
101000001110001001000000001100010101,4280,0.17352312805711326,-0.3333413716346091,0.6000000000000001,1.0
101100001000000001000100011010010101,6876,0.20195254296476273,-0.5143589209538811,0.6000000000000001,1.0
101000001110010001010101111010011101,7292,11.908797684934129,11.448812858681652,1.3877787807814457E-16,1.0
100000001110000000000001101011001101,7476,0.010999901789096482,-0.5384264819873382,1.0,1.0
100010001000000010000101100010011101,3156,0.1024187183113306,-0.5360607349072629,0.8,1.0
101100001110000001000100001010010101,9168,0.09156648520443485,-0.5105421329280682,0.8,1.0
100010001000000000000101001010011101,9830,0.03718127421479806,-0.7239677883528386,1.0,1.0
101100001000000001000100001010010101,5442,0.02981911672570959,-0.6670974743304074,1.0,1.0
001100011010000011000100001111000001,712,11.893259817887209,11.456412354875866,1.3877787807814457E-16,1.0
100110001000001010010100001110000101,4938,11.921388182159545,11.32500019823524,1.3877787807814457E-16,1.0
100100001010000100000111101000011101,4714,11.933555889296658,11.187073331655172,1.3877787807814457E-16,1.0
101100000000000101000101101010011100,8054,0.07619097428656395,-0.42072722281789793,0.8,1.0
101000001010000011000111001111011101,968,11.907422799473503,11.329815371134812,1.3877787807814457E-16,1.0
010111110111011100110111010000101010,0,11.899042427321456,11.433179050313134,1.3877787807814457E-16,1.0
101100011000000001001100001110110101,6498,11.9102303498542,11.360334981892098,1.3877787807814457E-16,1.0
101100001001000001000100001010010101,5328,0.028325963172588835,-0.62726605832498,1.0,1.0
101110001100010001000100001000010101,8940,11.919494247575278,11.287005597207887,1.3877787807814457E-16,1.0
101010001000000001000100001010000101,2478,0.11163278112385498,-0.7053878259312648,1.0,0.8
101000001010000001000100001110000101,6230,0.09366814175383731,-0.5821824666148361,1.0,0.8
101100001000001011000111100110001101,2844,11.898421199389537,11.390352231286341,1.3877787807814457E-16,1.0
100100011001000000000100001011010101,4046,11.93430404705589,11.27625491555913,1.3877787807814457E-16,1.0
100010001100001000000100001010010101,3546,0.5647413828933217,-0.1526387283950954,0.20000000000000015,1.0
101110001000000011001100001000010101,7858,11.919494247575278,11.287005597207887,1.3877787807814457E-16,1.0
100010001000000000000100000011000101,1688,0.12517012128415095,-0.7544359247940405,1.0,0.8
100010001010000000100100011000000101,3278,11.94678726235649,11.106020245240018,1.3877787807814457E-16,1.0
101010001000000101000100001110000101,3980,0.11379545824851907,-0.6556373506272271,0.8,1.0
101100001000000001000101101010001101,7092,0.009939705575236527,-0.5706154278456519,1.0,1.0
101000001110000001001101101011001101,2630,0.3173389819524206,-0.15688800924086138,0.40000000000000013,1.0
101010001000010001100100001010010101,5416,11.911643484622523,11.321690895321845,1.3877787807814457E-16,1.0
101100001000000001000100001110000101,7654,0.02981911672570959,-0.6670974743304074,1.0,1.0
101100001000000001000101101010111101,7698,0.18477022894758124,-0.40518236035309685,0.6000000000000001,1.0
101010001000000001011101101010001101,9102,11.901726415880095,11.402766773252285,1.3877787807814457E-16,1.0
101000001010000011000100001110110101,700,0.09891693944411165,-0.533571710923279,0.8,1.0
100101001000000000000101101010001101,3340,0.3083947120792646,-0.2721604213416237,0.40000000000000013,1.0
101000001110000001000100001010010101,1988,0.01987941115047306,-0.6150959726776001,1.0,1.0
101100001000000001010100001010010101,6408,0.08894918756002906,-0.4958370517670382,0.8,1.0
101100011000000001000101101010001101,7712,0.5332192413650078,5.629468851962027E-4,0.20000000000000015,1.0
101000001110000001000100001010010101,2372,0.01987941115047306,-0.6150959726776001,1.0,1.0
100100001010000000000100011110010111,5984,11.93991009205996,11.144218851938065,1.3877787807814457E-16,1.0
100010001000000000000100001011010101,1544,0.12463214936077924,-0.7209140255920441,0.8,1.0
001000001011000011100100001111010001,562,11.893259817887209,11.467689234038652,1.3877787807814457E-16,1.0
101010101000000001000100001100000101,1640,0.20025295418381187,-0.5007162688972397,0.6000000000000001,1.0
000010001000001000000101001010011001,1836,0.309804302229115,-0.23782424706023803,0.40000000000000013,1.0
101010001000000001000100001000010101,3778,0.08006326833860787,-0.7517913264837395,1.0,0.9
001010001000001001000100001100010001,6516,0.3198649600461372,-0.2523958876889983,0.40000000000000013,1.0
101100001000001001000100001110000101,7228,0.08894918756002906,-0.4958370517670382,0.8,1.0
101000001010000001000100001010010101,1638,0.09366814175383732,-0.5821824666148361,1.0,0.8
100100001000000000000101001000011101,9810,0.03975882230094612,-0.7287036029625051,1.0,1.0
101110001000000001000101101010001101,7672,0.019182321900254106,-0.5959939265397625,1.0,1.0
100000001000000010000100001010100101,6444,0.1269915363774473,-0.7872380767725862,0.8,1.0
101110001000000001000100001000010101,5006,0.04375781017861623,-0.7328520114198975,1.0,1.0
100110001000000000010100001110110101,746,0.5664532978588407,-0.13196117816504382,0.20000000000000015,1.0
100100001001000000000100001000010101,5122,0.056651926345177676,-0.8109880332002102,1.0,1.0
001100000000000001000101101010001000,7400,0.14656212225966814,-0.2513603372687339,1.0,0.8
101100001000000001010110001110010101,8548,11.919914230098948,11.277377538652399,1.3877787807814457E-16,1.0
100010001000000000000100000000000101,1254,0.45789853381937934,-0.6534337434221223,1.0,0.30000000000000016
001100001110000001000101000011011011,8168,11.90365340176439,11.440225079769005,1.3877787807814457E-16,1.0
101000001110000001000100001010000101,8938,0.09366814175383731,-0.582182466614836,1.0,0.8
101010001000000001000100101010000101,8200,0.03718127421479806,-0.7239677883528386,1.0,1.0
101100001000000001000100101000010101,3812,0.03776795089678512,-0.6785022314967482,1.0,1.0
101100001000000001000101101010001101,4584,0.009939705575236527,-0.5706154278456519,1.0,1.0
101000001110000001000100001110000101,4880,0.019879411150473054,-0.6150959726775999,1.0,1.0
001100101000000001000101101010001001,8666,0.10522869441593843,-0.3285405253460617,0.8,1.0
100100001000000000000101101010011101,9382,0.02832596317258884,-0.62726605832498,1.0,1.0
100100001000000000000100011010010101,7716,0.21833620181700417,-0.6272099731358192,0.6000000000000001,1.0
000101000011010010111001001011011010,150,11.993201902497,11.632821860987082,1.3877787807814457E-16,1.0
101010001000010001000100001011010111,8942,11.921809560090928,11.232998757568174,1.3877787807814457E-16,1.0
101100001110000011100100001000010101,2760,11.917886355388418,11.346829118984548,1.3877787807814457E-16,1.0
100110001010010100000100001110100101,654,11.929773312835854,11.230832566062718,1.3877787807814457E-16,1.0
101100001000000001000101101010001101,7818,0.009939705575236527,-0.5706154278456519,1.0,1.0
101100001000000001000100001011000101,8304,0.02981911672570959,-0.6670974743304074,1.0,1.0
101101101000000001000100001001100101,3518,11.909465369743732,11.333765413132753,1.3877787807814457E-16,1.0
101100001010000001000100001000010101,2236,0.02981911672570959,-0.6670974743304074,1.0,1.0
101100001000000001000100101100000101,9146,0.1104504606528274,-0.6058197217407059,0.8,1.0
001010001000000001010101101010001001,3668,0.17773585793735416,-0.29784289123969904,0.6000000000000001,1.0
110100101000000000000101101010001101,9972,0.32618072034505147,-0.3457533361282968,0.40000000000000013,1.0
101000001110000001000101001010011101,4756,0.0,-0.5321342441674862,1.0,1.0
101100001000000001000100000010000101,7414,0.1912921386780989,-0.5026335386014086,1.0,0.6000000000000001
101010001000000001010100001010010101,8382,0.1917863561909257,-0.4559032117853544,0.6000000000000001,1.0
101100011100000001000101100010001101,1144,11.893259817887209,11.42685204211459,1.3877787807814457E-16,1.0
101100001001000001000100001010000101,5110,0.10250162648175187,-0.5944149645743652,1.0,0.8
101100001000000001000100001000010101,7226,0.03975882230094612,-0.7287036029625051,1.0,1.0
100010001000000000000100001110000101,1704,0.05430902662140502,-0.8599205865286285,1.0,1.0
101010001000001001010100001010010101,4322,11.90714278025708,11.346091183085845,1.3877787807814457E-16,1.0
101000001110000001000100001010010101,2390,0.01987941115047306,-0.6150959726776001,1.0,1.0
100010001000000000000100001110000101,1172,0.05430902662140502,-0.8599205865286285,1.0,1.0
001010001000000011000100001010010001,7842,0.0981149871594738,-0.5258838020700871,0.8,1.0
110110001000000000000100001110000101,1324,0.2212394866529795,-0.6816554473748574,0.6000000000000001,1.0
101100001000000001000100001010010101,5746,0.02981911672570959,-0.6670974743304074,1.0,1.0
101100001110000001000100011010010101,7116,0.32468943619209745,-0.30779921417529327,0.40000000000000013,1.0
111010001000100001000101001110011101,7370,11.91281468457874,11.300541804528509,1.3877787807814457E-16,1.0
101100001000000001000101101010001101,7550,0.009939705575236527,-0.5706154278456519,1.0,1.0
101100001001000001000101101110001101,7080,0.08167424786903624,-0.45098204661077546,0.8,1.0
101000001110000001000100001010010101,4550,0.01987941115047306,-0.6150959726776001,1.0,1.0
101000001110000001000100001010010101,2084,0.01987941115047306,-0.6150959726776001,1.0,1.0
100100001000000000000100000010010101,8890,0.11940787812407987,-0.6878429130754004,1.0,0.8
101100001000000001000100001010110101,3400,0.10824849050853781,-0.6080629734101061,0.8,1.0
001100001000000001000100001000000001,4894,0.19701288544088014,-0.5244254133609945,1.0,0.6000000000000001
101100001010000001000110001110010101,6956,11.922691080246791,11.236987207575318,1.3877787807814457E-16,1.0
010011111011011010010010011011100001,358,11.898261313724431,11.42497778785352,1.3877787807814457E-16,1.0
100100010100000000000100011000010100,6176,11.942727352713261,11.256816636750083,1.3877787807814457E-16,1.0
100010001000000000000100001110110101,766,0.12620995422532474,-0.7145570628911493,0.8,1.0
101100001000000001100100001010010101,4540,0.5512027175909956,-0.07089366276007658,0.20000000000000015,1.0
100100001000000000000100001000000101,4592,0.3614119024974132,-0.7097124318807841,1.0,0.40000000000000013
100100001000000000000101001000011101,3856,0.03975882230094612,-0.7287036029625051,1.0,1.0
100100001000000000000100001000010111,7708,0.3597076529612539,-0.6475415744103177,0.40000000000000013,1.0
100011001000000000000100011110000101,1724,0.5653404517444907,-0.2040923571312555,0.20000000000000015,1.0
100000001110000000000100001010010101,4406,0.20614538451321335,-0.5623170407502379,1.0,0.6000000000000001
101010001000000001010100001010010101,4206,0.1917863561909257,-0.4559032117853544,0.6000000000000001,1.0
110100001000000000000100001010010101,7430,0.21998262786233982,-0.6996334866629849,0.6000000000000001,1.0
100010001000000000010110101010000101,8502,11.94052160681829,11.112909723343932,1.3877787807814457E-16,1.0
100100001000000000000100001010010101,1362,0.049698527876182653,-0.8028460464800199,1.0,1.0
100100001000000000000101001010011101,6634,0.02981911672570959,-0.6670974743304074,1.0,1.0
101000011000000001000101001010011101,4628,0.5336694909762101,-0.02073443583265,0.20000000000000015,1.0
101000001110000001000100011010010101,8556,0.19376071353864205,-0.4691701855501531,0.6000000000000001,1.0
100000011111000000000100001110010101,6530,11.926095201222154,11.313682538923345,1.3877787807814457E-16,1.0
101010001000000001000100011010010111,6046,11.938929534426455,11.11186149582802,1.3877787807814457E-16,1.0
101100001000010001010100011010010101,7534,11.90136259381547,11.36433793717567,1.3877787807814457E-16,1.0
101100001000000001000110001010010101,5262,0.56251040728778,-0.21654040507784034,0.20000000000000015,1.0
101010001000000001000100001011010101,7838,0.10824849050853781,-0.6080629734101061,0.8,1.0
101000001110000001000100001110000101,7826,0.019879411150473054,-0.6150959726775999,1.0,1.0
111110001000000011000100001110000101,7384,0.33875107791347686,-0.4077314797280091,0.40000000000000013,1.0
101100001000000001000100001000010101,2640,0.03975882230094612,-0.7287036029625051,1.0,1.0
101000001110000001000111001000011101,5568,0.3214247489254878,-0.3487132153261186,0.40000000000000013,1.0
101000001110000001000100001010010101,2078,0.01987941115047306,-0.6150959726776001,1.0,1.0
100100001000000000000100001000010101,9096,0.059638233451419186,-0.8937847873379051,1.0,1.0
001010001000000001001100001110010001,9718,0.5279380516985738,0.010778546506841846,0.20000000000000015,1.0
100010001000000000000100001110010101,1324,0.05194963960473695,-0.7935965353480864,1.0,1.0
101100001000000101000100001010010101,1272,0.10824849050853781,-0.6080629734101061,0.8,1.0
100000001000000000000100001010010101,2964,0.35091908649851566,-0.5898952403023388,1.0,0.40000000000000013
101010001000000001000100001010010101,2032,0.03718127421479807,-0.7239677883528388,1.0,1.0
101100001000000001000101100010001101,2288,0.0,-0.523387879643664,1.0,1.0
100100001010000000000100101010010101,3894,0.03776795089678512,-0.6785022314967482,1.0,1.0
001000000110000001000100001010010000,3582,0.2750255717504031,-0.13497483256406895,1.0,0.5000000000000001
101000001010000001000000001110000101,892,0.17883935044518307,-0.4383924802817609,1.0,0.6000000000000001
101100101111000001010100001010010101,5708,11.899258963277413,11.449469167835646,1.3877787807814457E-16,1.0
101000001110000001000100001010000101,7576,0.09366814175383731,-0.582182466614836,1.0,0.8
101010001000000011000100001010010101,2486,0.10824849050853781,-0.6080629734101061,0.8,1.0
101100001000001001100100001000010101,9442,11.916878163520158,11.33780306844266,1.3877787807814457E-16,1.0
101100101000000001010111101010001101,5452,11.895635980422435,11.378293388023687,1.3877787807814457E-16,1.0
100100001100000000001100001110000101,2086,0.19471252538485606,-0.4608794961127127,0.6000000000000001,1.0
100000001110000000010100000010010101,3098,0.01907294691342553,-0.5652511723484858,1.0,1.0
101110111000000001100101001010011101,9158,11.900174122755546,11.419780195774894,1.3877787807814457E-16,1.0
100100001000000000000110001010010111,2106,11.94929736493533,10.982339429073152,1.3877787807814457E-16,1.0
101100001000000011000100101000010101,4542,0.03596695245197574,-0.6386979044864146,1.0,1.0
101000001110100001100100001000010101,4782,0.5389612912552011,0.0016517877683629445,0.20000000000000015,1.0
100100001000000000000100001010000101,3658,0.2188506422067548,-0.7219636845940995,1.0,0.6000000000000001
100010001000000110000101001010011101,1768,0.20598052163073852,-0.5242625345359201,0.6000000000000001,1.0
101110001000000001000100001000010101,5528,0.04375781017861623,-0.7328520114198975,1.0,1.0
100100001100010000000100001010010101,2728,11.921585781059798,11.26599375956223,1.3877787807814457E-16,1.0
100100001000000000000101111010011111,9528,11.933555889296658,11.187073331655172,1.3877787807814457E-16,1.0
101100001010000001000000001110010101,3800,0.010999901789096473,-0.5384264819873382,1.0,1.0
001100001000000001000100001010010001,7682,0.014162981586294431,-0.563444446752398,1.0,1.0
101010001000000001000101100010001101,2476,0.04750124333583665,-0.5504262873074571,1.0,0.9
101010001010000011000100001001010101,6188,0.3325401991448527,-0.3469661908149588,0.40000000000000013,1.0
101100001000000001000101101010011111,3576,11.915333264656896,11.27504823443428,1.3877787807814457E-16,1.0
101110001000000001000100101000110101,5950,0.11758423954036197,-0.6257362955243412,0.8,1.0
100100001000000000000100001110000101,8644,0.12238103763222494,-0.7301635367239776,1.0,0.8
101010001010000001000101001010011111,9020,11.916027760611788,11.241069794802964,1.3877787807814457E-16,1.0
101010001000000001000100001000110101,6862,0.08266508217736068,-0.7464503618405265,1.0,0.9
100100001000000000000100001110010101,8228,0.0472099386209814,-0.7388530201040998,1.0,1.0
100100001000000000000000001000010101,3814,0.17458318044935434,-0.7414981516163526,1.0,0.7000000000000001
100010001000000000000100001000010101,4106,0.09719102074521484,-0.914710810471064,1.0,0.9
101100001000000001000100001010010101,2886,0.02981911672570959,-0.6670974743304074,1.0,1.0
100100011000000000000100001010010101,4632,11.938218508452179,11.204099303032027,1.3877787807814457E-16,1.0
110010011110000000000000001110000101,6406,11.936201747370335,11.20760565590912,1.3877787807814457E-16,1.0
101100001000000001000100001010010101,1650,0.02981911672570959,-0.6670974743304074,1.0,1.0
100010001000000000000100001110000101,1186,0.05430902662140502,-0.8599205865286285,1.0,1.0
111100001000000101010100001010010101,7188,0.556818947737897,-0.1332664419483346,0.20000000000000015,1.0
100100001010000000000101111011001101,2246,0.09891693944411165,-0.5335717109232789,0.8,1.0
101100001000000001000101101010101101,4638,0.18556888411252132,-0.42960736432749524,0.6000000000000001,1.0
101100001100000001010000101001010101,7026,0.5403502829520974,0.02951735913156267,0.20000000000000015,1.0
101100001000001001000101101010001101,4000,0.07603362967834472,-0.42505741531975316,0.8,1.0
101000001000000001000100001010010101,1378,0.10416095775273485,-0.6450643128962421,1.0,0.8
111100001000000001000100001000110101,5276,0.21466369109373096,-0.6253613595988464,0.6000000000000001,1.0
101100001000000001000101001010011101,8128,0.009939705575236527,-0.5706154278456519,1.0,1.0
101100001000000001000100001110000101,8570,0.02981911672570959,-0.6670974743304074,1.0,1.0
100100001000000000000100001000010101,7734,0.059638233451419186,-0.8937847873379051,1.0,1.0
101100001000000001000100001100010101,5318,0.03776795089678511,-0.6785022314967482,1.0,1.0
101010001001000001000101011100001101,1994,0.10530972664910798,-0.5780459732199408,0.8,1.0
101101001110000001000100001010010101,6296,0.5242275032520138,0.012816878241349583,0.20000000000000015,1.0
101010001000000001000100001010010101,7194,0.03718127421479807,-0.7239677883528388,1.0,1.0
100100001000001000001101000010011111,7824,11.898889310040337,11.355745457113626,1.3877787807814457E-16,1.0
111001010111010011100111010100101110,238,11.905436686742519,11.381712683163926,1.3877787807814457E-16,1.0
101000001111000001000100001000010101,4654,0.02832596317258884,-0.62726605832498,1.0,1.0
100010001110000000000100001010010101,6874,0.21014437239088346,-0.5664654492076304,0.6000000000000001,1.0
001000001001000011000100001100010001,4124,0.09730904725725091,-0.4737481891466191,0.8,1.0
101101001010000001000100001010010101,8446,0.16638656221226722,-0.365747681955219,0.6000000000000001,1.0
101010001000000001000100001010000101,4274,0.11163278112385498,-0.7053878259312648,1.0,0.8
010001111110110100001001010110011011,0,11.917931029121277,11.496067152405475,1.3877787807814457E-16,1.0
100010001100001000010100001110100101,8532,11.927454307887686,11.282350187737977,1.3877787807814457E-16,1.0
100100001000000000000100001000010101,9022,0.059638233451419186,-0.8937847873379051,1.0,1.0
101010001110000001001100101010010101,3652,11.903792721669769,11.352622110967868,1.3877787807814457E-16,1.0
111000001000011111011011100101101111,252,11.902483676737315,11.371615405213545,1.3877787807814457E-16,1.0
101100001110000001000100001110000101,6272,0.09156648520443485,-0.510542132928068,0.8,1.0
101100001000000001000111101010011101,9880,0.5463009500217003,-0.09398408020091475,0.20000000000000015,1.0
110010001000101000000100001110100101,1094,11.934214869182512,11.200776996624274,1.3877787807814457E-16,1.0
101010001010000011000101001110011101,1202,0.17691946599482594,-0.374251144707074,0.6000000000000001,1.0
100000101100001000100100001010010101,3556,11.913600379115463,11.371742930955346,1.3877787807814457E-16,1.0
100100001000000000000100001000010101,7202,0.059638233451419186,-0.8937847873379051,1.0,1.0
101110010110000011001100000101110100,864,11.898501358816873,11.463414730191875,1.3877787807814457E-16,1.0
100100011010000000100101101010001101,1044,11.909677509554681,11.376389431745823,1.3877787807814457E-16,1.0
101110011000000001000100001000010101,9834,0.564487246144772,-0.13054395388129825,0.20000000000000015,1.0
101000010010100001100111001001001110,450,11.904475697895657,11.373394005854847,1.3877787807814457E-16,1.0
101100001110000011000100001110000101,2160,0.09066598598203014,-0.4844283920913047,0.8,1.0
100010001010000000000101011110111101,9368,11.929773312835854,11.230832566062718,1.3877787807814457E-16,1.0
101000011110000001000100001010010101,8658,11.911243294113197,11.336148916039862,1.3877787807814457E-16,1.0
101100001000000001000100001110000101,10000,0.02981911672570959,-0.6670974743304074,1.0,1.0
001000001110000001000100001010010001,5448,0.16638656221226725,-0.34502406279839715,1.0,0.6000000000000001
100100001000000000000100001100010101,5936,0.056651926345177676,-0.8109880332002101,1.0,1.0
101100001000000001000100001010010101,4490,0.02981911672570959,-0.6670974743304074,1.0,1.0
101000001010000001000100001110000101,1064,0.09366814175383731,-0.5821824666148361,1.0,0.8
101100001000000001000100001110000101,2522,0.02981911672570959,-0.6670974743304074,1.0,1.0
100100001000100100010100001000110101,3504,11.93429320588778,11.247976701248676,1.3877787807814457E-16,1.0
101010001000000001000100001010010101,2974,0.03718127421479807,-0.7239677883528388,1.0,1.0
100100001100000000000100101010010101,2202,0.11764120032101195,-0.61647800509914,0.8,1.0
100100001000001000000110001010010101,8698,11.93614299015315,11.157443729943152,1.3877787807814457E-16,1.0
101010001000000001000100001000010101,3372,0.08006326833860787,-0.7517913264837395,1.0,0.9
101000001110000001000100001011010101,9390,0.09156648520443485,-0.5105421329280682,0.8,1.0
100010001000000000000100001110000101,1742,0.05430902662140502,-0.8599205865286285,1.0,1.0
101100001000000001000100001010010101,6138,0.02981911672570959,-0.6670974743304074,1.0,1.0
101000100111010001010100001010110100,726,11.92665637592894,11.51867831045926,1.3877787807814457E-16,1.0
101000001010000011000100001111010101,786,0.09066598598203013,-0.48442839209130484,0.8,1.0
101100001000000001000101101010111101,9846,0.18477022894758124,-0.40518236035309685,0.6000000000000001,1.0
101010011000100001000100101110000101,8790,11.91564435339314,11.343755716486255,1.3877787807814457E-16,1.0
101100001000000001000100001010010101,3608,0.02981911672570959,-0.6670974743304074,1.0,1.0
100010001000000000000100001111010101,8324,0.12246922830237761,-0.6685076834480154,0.8,1.0
100100001000000000000100001000010101,6550,0.059638233451419186,-0.8937847873379051,1.0,1.0
101000001110000001000100001010010101,7506,0.01987941115047306,-0.6150959726776001,1.0,1.0
101100001000000001001100001110000101,1550,0.17632626778750374,-0.40422886563338467,0.6000000000000001,1.0
101000001110000001000101001100001101,5598,0.009939705575236527,-0.5706154278456519,1.0,1.0
101000101110010001000100001010010101,6388,11.906419836672656,11.424688052906012,1.3877787807814457E-16,1.0
101100001000000001000101101110001101,5112,0.08212449748023858,-0.47227942932862144,0.8,1.0
101100001000000001000100001010010101,2118,0.02981911672570959,-0.6670974743304074,1.0,1.0
101000001110000011000100001010110101,6788,0.09891693944411165,-0.533571710923279,0.8,1.0
101110001000000001010101101010001101,9874,0.17448933814052878,-0.36253531849927223,0.6000000000000001,1.0
101011001100000001110100001101010101,6062,11.907088427623881,11.399155941080997,1.3877787807814457E-16,1.0
101100001000001001000100001000100101,9584,0.20025295418381187,-0.5007162688972397,0.6000000000000001,1.0
000100110010110110001010000011010010,316,11.922074682284737,11.532228609026067,1.3877787807814457E-16,1.0
101000001110100001000100001010010101,8180,0.07914028869688446,-0.45809801320886445,0.8,1.0
000100001100000000010100001010010001,4268,0.18785356651150006,-0.36145544114662975,0.6000000000000001,1.0
110011111100010100001111010011001101,270,11.9053491985016,11.359286679663011,1.3877787807814457E-16,1.0
101000001110010001000100001010010101,4436,0.5242275032520138,-0.007906740915472388,0.20000000000000015,1.0
101100001001000001000111101010001101,1712,0.5463009500217003,-0.09398408020091475,0.20000000000000015,1.0
101010001010000001000100001010010101,1514,0.10129990776753688,-0.5982484393024486,0.8,1.0
101100001010000001000101101010001101,1124,0.0,-0.5321342441674862,1.0,1.0
111100001001001001000100001010010101,5218,11.919914230098948,11.277377538652399,1.3877787807814457E-16,1.0
101100001000000001100100101000010101,6224,0.5585574037602714,-0.08213625746547337,0.20000000000000015,1.0
101100000000000001000100101011010100,7396,0.0849957785066466,-0.4305754790773241,0.8,1.0
101100001000000001000100101110000101,8736,0.10100847292863113,-0.5545835485689377,0.8,1.0
101000001000000001000101101010001101,8676,0.0831753257549398,-0.5294312413293499,1.0,0.8
101010001000100001100100001111000101,6726,11.91564435339314,11.343755716486255,1.3877787807814457E-16,1.0
101100001000000001000100011110000101,9264,0.20195254296476273,-0.514358920953881,0.6000000000000001,1.0
101100001000000001000100001000010101,9848,0.03975882230094612,-0.7287036029625051,1.0,1.0
100000001000000000000100001110010101,6482,0.12238103763222494,-0.7301635367239775,1.0,0.8
100100001000000000000100001010010101,6538,0.049698527876182653,-0.8028460464800199,1.0,1.0
101100001000010001000100001010010101,3962,0.5341672088272503,-0.04638792459363816,0.20000000000000015,1.0
100100001000100000000100011010010101,9812,11.933773697528517,11.2163935862401,1.3877787807814457E-16,1.0
101010001000000001000100001010010101,3130,0.03718127421479807,-0.7239677883528388,1.0,1.0
101100001000000001000100001000010101,8262,0.03975882230094612,-0.7287036029625051,1.0,1.0
100100001000000000100100001000010101,4256,0.35240543518199163,-0.4498261338737038,0.40000000000000013,1.0
101100001000101001000100001010010101,9150,0.527293809621134,0.027240541679415364,0.20000000000000015,1.0
100010001000000000000000001000010101,6592,0.09663185097680957,-0.8884178327459636,1.0,0.9
100010001000000000000100001110000101,2018,0.05430902662140502,-0.8599205865286285,1.0,1.0
101000001000000001000100101010000101,3592,0.10416095775273485,-0.6450643128962421,1.0,0.8
101100001000000001000100001110000101,8730,0.02981911672570959,-0.6670974743304074,1.0,1.0
101100001010000001000101101010001101,2394,0.0,-0.5321342441674862,1.0,1.0
100100001000000000000100001100000101,6232,0.2260247956636864,-0.7273982251256379,1.0,0.6000000000000001
101101001000000001000100001010010101,7476,0.17632626778750374,-0.40422886563338467,0.6000000000000001,1.0
101000101110000001000101100010001101,2270,0.19331799543110567,-0.2581191540852634,0.6000000000000001,1.0
100100001000000000001100001010010101,9390,0.1962056789379768,-0.5007109121181401,0.6000000000000001,1.0
101100001000001001000101101010001101,4080,0.07603362967834472,-0.42505741531975316,0.8,1.0
101000000000000001000100001010010100,6296,0.3137681681183345,-0.31025636983290666,1.0,0.40000000000000013
101100001000000001000100001010010101,4578,0.02981911672570959,-0.6670974743304074,1.0,1.0
101100001000000001000101101010001111,8968,0.5471972456734735,-0.12294071857813305,0.20000000000000015,1.0
100100001000000000000110001010010101,3406,0.5778235689020864,-0.34179254562323824,0.20000000000000015,1.0
110010001000000000000100011010010101,3804,0.5817852955061297,-0.36215267767691084,0.20000000000000015,1.0
100100001000000000000100001010010101,6420,0.049698527876182653,-0.8028460464800199,1.0,1.0
101100001000000001000101101010001101,1210,0.009939705575236527,-0.5706154278456519,1.0,1.0
100100001000000000000100001010010101,3014,0.049698527876182653,-0.8028460464800199,1.0,1.0
100010001000000000000100001000000101,9250,0.2916367436954412,-0.8357111149636064,1.0,0.5000000000000001
100101001000000000000100001000010101,6988,0.11244133205698842,-0.6560210932064626,0.8,1.0
100010001000000000000100001010010101,8864,0.05430902662140502,-0.8599205865286285,1.0,1.0
100100001000000000000100001110000101,8428,0.12238103763222494,-0.7301635367239776,1.0,0.8
101000001110000001000100101111110101,1130,11.917477632214853,11.33273250155482,1.3877787807814457E-16,1.0
100100001001000000000100001010010101,3574,0.0472099386209814,-0.7388530201040999,1.0,1.0
101100001000000001000100001000110101,2824,0.04375781017861623,-0.7328520114198975,1.0,1.0
101100001000000001000100011010010101,3054,0.20195254296476273,-0.5143589209538811,0.6000000000000001,1.0
101100101110000001000101001000011101,3042,0.3016404225436177,-0.18280970906410993,0.40000000000000013,1.0
101100001000000001000100001000010101,5566,0.03975882230094612,-0.7287036029625051,1.0,1.0
101000001000000001000100101010010101,1628,0.10250162648175187,-0.594414964574365,1.0,0.8
000100001001000000001100001010010001,1948,0.31162851833918853,-0.23111077922582418,0.40000000000000013,1.0
101100001000000001000101101010011101,2364,0.009441987724196273,-0.5449619390846638,1.0,1.0
011100001000000001000101101010001001,7954,0.08262221533127882,-0.4979329180896095,0.8,1.0
101100000000000001000100001010010100,4750,0.08684549134233673,-0.49076193699635573,1.0,0.8
101100001110100001100100001000010101,5344,11.907330624893042,11.388332329986358,1.3877787807814457E-16,1.0
101100001000000001001100001010010111,6118,11.916229560308668,11.246091596057063,1.3877787807814457E-16,1.0
101100101000000001000110001010010101,3398,11.920985531728233,11.249051475254884,1.3877787807814457E-16,1.0
101100111000000001101101101011001101,2172,11.91148770409608,11.492406793428582,1.3877787807814457E-16,1.0
100000001110000000000100001010010101,4402,0.20614538451321335,-0.5623170407502379,1.0,0.6000000000000001
100100001000000000000100001010010101,1716,0.049698527876182653,-0.8028460464800199,1.0,1.0
100100000000000000000100001000000100,5414,0.8112526464572254,-0.19599658091434635,1.0,0.10000000000000014
100000101110000000010100001011000101,6800,0.5369752998904631,-0.005241070858785224,0.20000000000000015,1.0
100100001000000000000100001110010101,7004,0.0472099386209814,-0.7388530201040998,1.0,1.0
100010001000000000000100001010010101,4110,0.05430902662140502,-0.8599205865286285,1.0,1.0
101100001100000001000110001000010101,4672,0.5683743967913868,-0.22420113693226051,0.20000000000000015,1.0
101110001000000001000101101010001101,5578,0.019182321900254106,-0.5959939265397625,1.0,1.0
101100001000000001000101101010001101,1682,0.009939705575236527,-0.5706154278456519,1.0,1.0
100100001000000000100100001010010101,3364,0.5691861938169835,-0.1649330116031683,0.20000000000000015,1.0
101100001000000011000100001100010101,4288,0.03596695245197574,-0.6386979044864148,1.0,1.0
100100001000000000000100001001110111,9774,11.952618497586565,11.040750927650102,1.3877787807814457E-16,1.0
101000001110000001000100001010010101,9132,0.01987941115047306,-0.6150959726776001,1.0,1.0
101100001000000001000100001010010101,8794,0.02981911672570959,-0.6670974743304074,1.0,1.0
110111000010111010000110000011010110,200,11.902454395634448,11.376319675753873,1.3877787807814457E-16,1.0
100010001000000000000100001000010101,4610,0.09719102074521484,-0.914710810471064,1.0,0.9
100010101000000000001101101010011101,5702,11.90136259381547,11.36433793717567,1.3877787807814457E-16,1.0
101100001010001001000101101100001101,1258,0.16957197825185685,-0.3148781533558708,0.6000000000000001,1.0
110011111110010110000110011011100101,220,11.923689160910998,11.289367293706471,1.3877787807814457E-16,1.0
001000001010000011000100001111000001,668,2.960594732333751E-17,-0.4863099392777857,1.0,1.0
100100001100000000000100001010010101,4164,0.11989244837702369,-0.6661705103480576,0.8,1.0
101100001000000001000100001000010101,7196,0.03975882230094612,-0.7287036029625051,1.0,1.0
101000001110000001000100001010010101,9522,0.01987941115047306,-0.6150959726776001,1.0,1.0
101100001000000001000100001010010101,4824,0.02981911672570959,-0.6670974743304074,1.0,1.0
101110001010000001000100001000010101,7132,0.10824849050853781,-0.608062973410106,0.8,1.0
101100001000000001000100001000010101,5624,0.03975882230094612,-0.7287036029625051,1.0,1.0
100100001011001000000100001010010111,6518,11.92720012266887,11.240003112550847,1.3877787807814457E-16,1.0
000001010010111100111101101100011010,0,11.955922025854402,11.591260170804082,1.3877787807814457E-16,1.0
101000001110000001000101001010001101,4972,0.07268250975604229,-0.4845449907649244,1.0,0.8
100110001000000000000100001000010111,6120,0.35988372650398887,-0.6144989650801076,0.40000000000000013,1.0
100100001000000000000100001010010101,6948,0.049698527876182653,-0.8028460464800199,1.0,1.0
101100001110000001000100001111010101,7186,0.183551512466396,-0.3689372650458701,0.6000000000000001,1.0
100010001000000000100100001111100101,6814,11.943104096022505,11.187447078549516,1.3877787807814457E-16,1.0
101000001000000011000100001010010101,9042,0.02981911672570959,-0.6670974743304072,1.0,1.0
110100001000100000100101101010001101,7362,11.918922637228519,11.30146295546871,1.3877787807814457E-16,1.0
100100000000100000000100101001010110,6914,11.93464727877968,11.25784051767485,1.3877787807814457E-16,1.0
101100001000000011111100001000010101,8880,11.898845848560335,11.414484706672857,1.3877787807814457E-16,1.0
101100001000000001000100001010010101,3850,0.02981911672570959,-0.6670974743304074,1.0,1.0
111011001110001001000100001110000101,4908,11.906296395681562,11.328368205696387,1.3877787807814457E-16,1.0
101000001110000001000100001010010101,2378,0.01987941115047306,-0.6150959726776001,1.0,1.0
100100000010000010000100001111010100,796,0.0957994862949019,-0.4464493834930071,0.8,1.0
101000001110000001000100111010010101,5768,0.19262099190033657,-0.4398676584670541,0.6000000000000001,1.0
100000001000000000000100001010010101,5648,0.35091908649851566,-0.5898952403023388,1.0,0.40000000000000013
101010001000000001000100001000010101,7690,0.08006326833860787,-0.7517913264837395,1.0,0.9
101100001000000001000100001110000101,6964,0.02981911672570959,-0.6670974743304074,1.0,1.0
101100001000000001000101001110011101,1248,0.009441987724196266,-0.5449619390846637,1.0,1.0
101000001110000001000100001010010101,7836,0.01987941115047306,-0.6150959726776001,1.0,1.0
101100000000000001000100011110010100,9324,0.32250238014119387,-0.26816793140747025,0.40000000000000013,1.0
101100000000000001000100001010010100,6972,0.08684549134233673,-0.49076193699635573,1.0,0.8
100010001000100000000100001110010101,9576,0.20690044185357503,-0.510479669434842,0.6000000000000001,1.0
000110001000111000010111000001001011,140,11.895504491293797,11.407305462179272,1.3877787807814457E-16,1.0
101110001000000001000100001010010101,3808,0.03556598075249552,-0.6807454831661482,1.0,1.0
101110000010101111001010001001010100,0,11.893259817887209,11.441091803517681,1.3877787807814457E-16,1.0
100100000110001000000110011010010100,5986,11.924335551981047,11.289272482382893,1.3877787807814457E-16,1.0
100010001000000010000100001000010101,3152,0.13282397878689994,-0.7926386301053575,0.8,1.0
100100001110100000000101101010001101,5894,0.5303659623627667,0.01375754318547362,0.20000000000000015,1.0
100010000000000000000100001000010100,3220,0.36001624053775166,-0.591114238303792,1.0,0.40000000000000013
101100000010000001000100001010010100,6844,0.0726825097560423,-0.4387281152546221,1.0,0.8
100100001000100000000101101000011101,7094,0.32324121591546606,-0.2825281425341158,0.40000000000000013,1.0
101000001010000001000100001010010101,8726,0.09366814175383732,-0.5821824666148361,1.0,0.8
100100001000000000000100001000010101,3762,0.059638233451419186,-0.8937847873379051,1.0,1.0
110110001000100000000100001110000101,1274,11.938887840167446,11.15509455575336,1.3877787807814457E-16,1.0
100100001000000000010100100010010101,4602,0.02881641993819099,-0.5798208260327089,1.0,1.0
101100001000000101000100001110000101,8366,0.10824849050853781,-0.608062973410106,0.8,1.0
100010001100001000000100001010010101,8580,0.5647413828933217,-0.1526387283950954,0.20000000000000015,1.0
100010001000000000000100001010010101,7318,0.05430902662140502,-0.8599205865286285,1.0,1.0
101100001000000011000100001010010101,9742,0.028325963172588835,-0.62726605832498,1.0,1.0
101000001000000001000100001000010101,7738,0.1581477339848974,-0.6778111154093193,1.0,0.7000000000000001
101000001110000001000100001111100101,1358,0.19262099190033657,-0.4398676584670541,0.6000000000000001,1.0
000100001000000000000100001010010001,3078,0.20887550697115048,-0.5410061995142365,1.0,0.6000000000000001
100101001000000000000101101010001101,3572,0.3083947120792646,-0.2721604213416237,0.40000000000000013,1.0
100110001000000000000100011000010101,8814,0.13317669675073035,-0.7737455023524835,0.8,1.0
101100001010000001000100001010010101,6816,0.01987941115047306,-0.6150959726776001,1.0,1.0
110010011000100100000100001010010101,2496,11.939554930326398,11.18491475745584,1.3877787807814457E-16,1.0
100100001000000010100100001000010101,3084,0.5757223540144002,-0.17491578694921617,0.20000000000000015,1.0
101110001110000001000000001010010101,8046,0.3192925301152549,-0.2709604584424355,0.40000000000000013,1.0
100100001010001000000111101010001101,1542,11.913406802515773,11.28680286132124,1.3877787807814457E-16,1.0
101100001000000001000100001010010101,6560,0.02981911672570959,-0.6670974743304074,1.0,1.0
100010001000000000100100001010110101,3714,11.944880063013711,11.150397567995054,1.3877787807814457E-16,1.0
101000001110000001000100001010010101,8668,0.01987941115047306,-0.6150959726776001,1.0,1.0
100010001111000000000100001010010101,6758,0.2083225178058472,-0.5236118976423054,0.6000000000000001,1.0
101010011000000001000100001010010101,6766,0.5583126958928385,-0.12119369406697278,0.20000000000000015,1.0
100100001000000000000100001000010101,8932,0.059638233451419186,-0.8937847873379051,1.0,1.0
101000001110000001001110001010010101,3860,11.908572979501516,11.284548441550275,1.3877787807814457E-16,1.0
001000001000000001000100001010010001,4246,0.3137681681183345,-0.31025636983290666,1.0,0.40000000000000013
100010001000000000000100001010010111,5308,0.5810624570337961,-0.3857394005398187,0.20000000000000015,1.0
100100001000010000000100001010010101,5420,0.5540466199777234,-0.1428699710783935,0.20000000000000015,1.0
110100001000000000000100001010010101,4606,0.21998262786233982,-0.6996334866629849,0.6000000000000001,1.0
101110001110000001000100001000110111,9720,11.93622100181383,11.181770371974817,1.3877787807814457E-16,1.0
000110001100000000000100001110010001,478,0.20867000385488124,-0.4582422477981891,0.6000000000000001,1.0
101000001110010001000100001010010101,8302,0.5242275032520138,-0.007906740915472388,0.20000000000000015,1.0
011011100000110111011010000011010010,242,11.921661182544659,11.499163174773326,1.3877787807814457E-16,1.0
100010001000000000000000101110000101,3454,0.12257041851995637,-0.6863101824569436,0.8,1.0
101000001111000001000100001010010101,4842,0.018883975448392546,-0.5832246426841103,1.0,1.0
100100001000000000000100001000010101,5848,0.059638233451419186,-0.8937847873379051,1.0,1.0
101000001010000011000100000111000101,854,0.08368241154513877,-0.46574397223129593,1.0,0.8
101100001001000001000101101010001101,2998,0.00944198772419628,-0.5449619390846637,1.0,1.0
100100001000000000000100001110010101,4122,0.0472099386209814,-0.7388530201040998,1.0,1.0
100110001000000010000100001010010101,8088,0.12246922830237761,-0.6685076834480154,0.8,1.0
100110001000000000000100001010010101,5866,0.05194963960473694,-0.7935965353480863,1.0,1.0
100100101000000000000100001010010101,9646,0.10856698528631828,-0.5900837743534219,0.8,1.0
111000110111010001000100001110110100,504,11.893259817887209,11.438751694943505,1.3877787807814457E-16,1.0
001000011110100001000100001100000001,8108,11.897398167244162,11.458496938969173,1.3877787807814457E-16,1.0
011010110010100011001001110010111000,256,11.930949252382824,11.550126352670377,1.3877787807814457E-16,1.0
100100001001000000000100001010000101,3082,0.12238103763222494,-0.7301635367239776,1.0,0.8
100100001000000000001100011100010101,4366,0.5661634588455938,-0.1657709566025588,0.20000000000000015,1.0
100100001000000000000100001010010101,3584,0.049698527876182653,-0.8028460464800199,1.0,1.0
101010001110100001000100001010010101,5918,0.540433055108537,-0.03526690150244327,0.20000000000000015,1.0
100100001000000010000101101010001101,6298,0.02832596317258884,-0.62726605832498,1.0,1.0
101100001000000001100100001110010101,9984,11.919007243268402,11.324626204775084,1.3877787807814457E-16,1.0
100110001010000010000100001000010101,4148,0.21617328075860254,-0.5748036309917904,0.6000000000000001,1.0
001100011000001001000100000100110001,756,11.903861528841693,11.446067600588728,1.3877787807814457E-16,1.0
101100001000000001000100001010100101,5300,0.10986378397084035,-0.6512852785967964,0.8,1.0
001000001110000001000100001010000001,7986,0.29845500650402806,-0.24559760972469707,1.0,0.40000000000000013
101000001111000001000100001000010101,5030,0.02832596317258884,-0.62726605832498,1.0,1.0
101100001000000001000000101000010101,5858,0.06731782328779579,-0.5998912849964697,1.0,0.9
110101001110000000000100101010010101,1086,11.921585781059798,11.26599375956223,1.3877787807814457E-16,1.0
100000001110000000000100101000010101,4568,0.2135965008332486,-0.5724664578918327,1.0,0.6000000000000001
101100001000010001000101001110001101,7378,11.903199523462446,11.394744469644987,1.3877787807814457E-16,1.0
000110000110010110101111101001001000,444,11.895521194095782,11.460305631182015,1.3877787807814457E-16,1.0
100010001010000000000100001010010101,3260,0.11842766017414383,-0.7134269346482035,0.8,1.0
001100111000000001100100101110000001,8826,11.896729494066827,11.489680091814664,1.3877787807814457E-16,1.0
100100001000000000000100001000110101,6748,0.060141469030857646,-0.8653211398613998,1.0,1.0
000110001000010000000100101110010001,772,11.9160651664669,11.352513646957265,1.3877787807814457E-16,1.0
100100001000000000000100001010010101,2654,0.049698527876182653,-0.8028460464800199,1.0,1.0
101100001000000001100100001000010101,4744,0.3344219589560038,-0.34024289798238655,0.40000000000000013,1.0
101100001000100001000100001110000101,9540,0.182653240016254,-0.40213299931081326,0.6000000000000001,1.0
000000001010000010000100001111110001,842,0.33099940161518043,-0.28121358564838234,0.40000000000000013,1.0
101100001110001011000100001010010101,5256,0.5300767336254399,0.030857509944661743,0.20000000000000015,1.0
101100001100000001000100001111010101,5386,0.19213398759346043,-0.4022470508998569,0.6000000000000001,1.0
101000001110000001000100001110000101,4166,0.019879411150473054,-0.6150959726775999,1.0,1.0
100100001000000000000100001011010101,6896,0.11989244837702369,-0.6661705103480575,0.8,1.0
100100001000000000000100001110000101,1782,0.12238103763222494,-0.7301635367239776,1.0,0.8
100110001000000000000100001110110101,722,0.12430275488254375,-0.6701797401361135,0.8,1.0
100110000000000000000100001010010100,7660,0.11983691611634534,-0.6448299202300642,1.0,0.8
101010001001000001000100001110010101,4872,0.03408519264082468,-0.6454211973189868,1.0,1.0
010010110010100010001001110010111000,268,11.91476783194346,11.523984252471678,1.3877787807814457E-16,1.0
101110001000000001000100001000010101,5688,0.04375781017861623,-0.7328520114198975,1.0,1.0
101110001001000001000001001010011101,3022,0.011938838667165282,-0.5348608480444098,1.0,1.0
101100011000000001000100001110000101,3750,11.920235032226191,11.298138651875119,1.3877787807814457E-16,1.0
100110001000010000000101101010001101,9236,11.912442139787464,11.297265891347447,1.3877787807814457E-16,1.0
101010001000000001000100001000010101,2654,0.08006326833860787,-0.7517913264837395,1.0,0.9
101100001000000001000000001011010101,8164,0.09468231333423527,-0.5097235756312247,0.8,1.0
101100011010000001000100001010010101,4408,11.911243294113197,11.336148916039862,1.3877787807814457E-16,1.0
001000101010100111000100001101010011,600,11.905511041842884,11.396341662507293,1.3877787807814457E-16,1.0
101100001000100001000100001110000101,7268,0.182653240016254,-0.40213299931081326,0.6000000000000001,1.0
110100001000000000000100001010010101,2894,0.21998262786233982,-0.6996334866629849,0.6000000000000001,1.0
101000001110000001000100001110100101,7068,0.1000566610824171,-0.562874238006378,0.8,1.0
101010001000000001000100001010010101,7524,0.03718127421479807,-0.7239677883528388,1.0,1.0
101000001000000001000100001000010101,9668,0.1581477339848974,-0.6778111154093193,1.0,0.7000000000000001
100011001000100000000100001011010101,4342,0.5485358310367985,-0.06959052590837911,0.20000000000000015,1.0
100100001000000000000100001000010101,5428,0.059638233451419186,-0.8937847873379051,1.0,1.0
101000001110000001000100001010010101,9010,0.01987941115047306,-0.6150959726776001,1.0,1.0
100010001000000000000100001010010101,2486,0.05430902662140502,-0.8599205865286285,1.0,1.0
101010001000000001000100001110010101,5086,0.03556598075249552,-0.6807454831661484,1.0,1.0
100010001000000000000101111010001101,5220,0.11379545824851907,-0.6556373506272268,0.8,1.0
101010001000001001000100001110010101,4400,0.32276333428881276,-0.2953630226563649,0.40000000000000013,1.0
100100001000000000000100101010010101,9458,0.0472099386209814,-0.7388530201040999,1.0,1.0
100010001000000000100101001010011101,8686,0.5583126958928385,-0.12119369406697278,0.20000000000000015,1.0
100010001000000000000000001110010101,3582,0.04988790876391407,-0.7589926922129858,1.0,1.0
100010001000000000000100001110000101,2302,0.05430902662140502,-0.8599205865286285,1.0,1.0
101010001010000111010100001100000101,1128,11.923226813890848,11.280246813486682,1.3877787807814457E-16,1.0
100100001000000000000101101010001101,3070,0.02981911672570959,-0.6670974743304074,1.0,1.0
100010001001000000000100001010010101,6244,0.05194963960473695,-0.7935965353480864,1.0,1.0
101000001010000011000100011010010101,1472,0.19376071353864205,-0.4691701855501532,0.6000000000000001,1.0
000001111011001100110110010010110011,346,11.907876603390184,11.403998365716165,1.3877787807814457E-16,1.0
100010001000100000000100101110000101,9656,0.5647413828933217,-0.1526387283950954,0.20000000000000015,1.0
100100001000000000010100001000010101,6238,0.11837588414946287,-0.6499840479750288,0.8,1.0
101100001000000001000100000110000101,2346,0.09604519394006107,-0.5473746042305424,1.0,0.8
100100001000000000000100001010010101,7830,0.049698527876182653,-0.8028460464800199,1.0,1.0
100100001000000000000000001000010101,2592,0.17458318044935434,-0.7414981516163526,1.0,0.7000000000000001
101100001100000001000100001110100101,3770,0.2004717548530919,-0.4790346351067195,0.6000000000000001,1.0
110100001000000000000100001000010101,7574,0.22763920866949305,-0.7796100187020785,0.6000000000000001,1.0
111100001000000001000100011000010101,9592,0.3467321353854918,-0.49329291530708547,0.40000000000000013,1.0
101100001000000001000100001110000101,3952,0.02981911672570959,-0.6670974743304074,1.0,1.0
001100011000000001000100001010010001,8310,11.905573086637814,11.390001829053842,1.3877787807814457E-16,1.0
101000001110000001000100001110010101,5922,0.018883975448392546,-0.5832246426841103,1.0,1.0
101110000000000001000100101010000100,4724,0.05975059532393784,-0.5642481939056231,1.0,0.9
101010001000000001000100001000010101,8456,0.08006326833860787,-0.7517913264837395,1.0,0.9
100010001000000000000100001010010101,2542,0.05430902662140502,-0.8599205865286285,1.0,1.0
100010001010000000000000001110010111,2826,11.93952456387796,11.128866071510572,1.3877787807814457E-16,1.0
101100001000000001000101101010001101,4616,0.009939705575236527,-0.5706154278456519,1.0,1.0
100100001010000100000100001110000101,5798,0.21014437239088346,-0.5664654492076303,0.6000000000000001,1.0
000110001000101000000111001110111011,184,11.920804128661038,11.304622929697116,1.3877787807814457E-16,1.0
101100001000000001000101101010011101,3820,0.009441987724196273,-0.5449619390846638,1.0,1.0
101100001000000001100100001010010101,6122,0.5512027175909956,-0.07089366276007658,0.20000000000000015,1.0
101000001110000001000110001000010101,5794,0.33673791053979424,-0.442312901825826,0.40000000000000013,1.0
100100001000000000000100001001010111,9702,0.5830900279711777,-0.3464670204636968,0.20000000000000015,1.0
001100101100000001000100001001010001,5662,0.5322023134488443,0.058170784793630026,0.20000000000000015,1.0
100010001010000100100111101110011101,1418,11.928537286964307,11.26213306099664,1.3877787807814457E-16,1.0
101000001010000011000100001110000101,1204,0.01987941115047306,-0.6150959726775999,1.0,1.0
101010101000000001000101101010001101,9794,0.08114910774892845,-0.4759039723184304,0.8,1.0
001001010010111101111101101100011010,226,11.972233339548124,11.609106863133094,1.3877787807814457E-16,1.0
010111000011010110010001101110011010,0,11.904235500244711,11.47293200668133,1.3877787807814457E-16,1.0
101100001000000001000100001110010101,3794,0.028325963172588828,-0.62726605832498,1.0,1.0
101100001000000001000101001010011101,7278,0.009939705575236527,-0.5706154278456519,1.0,1.0
101000011110001001000100001100010111,1450,11.918002176257092,11.322193697015171,1.3877787807814457E-16,1.0
101010001000000001000100001010010101,3528,0.03718127421479807,-0.7239677883528388,1.0,1.0
100010001000100000000100001110010101,4988,0.20690044185357503,-0.510479669434842,0.6000000000000001,1.0
101000001010010101000100001110110101,712,11.911953549729464,11.309962371020102,1.3877787807814457E-16,1.0
101000000000000001000100001000010100,9766,0.5548538264806268,-0.16658447232124785,1.0,0.20000000000000015
101000001111100001100100001111000101,2024,11.898605315485714,11.427087413464259,1.3877787807814457E-16,1.0
100010001000000000100101001110001101,1164,11.927345010528034,11.247838620568222,1.3877787807814457E-16,1.0
101010011000000001010100001100010101,2412,11.923105865228452,11.313444921720379,1.3877787807814457E-16,1.0
101101110111101111100011111100011100,0,11.911794243112174,11.528213511887671,1.3877787807814457E-16,1.0
001000001000000001000101001110001001,4404,0.18169972382657368,-0.32542470012350466,1.0,0.6000000000000001
100000001100000000001100001110000101,936,0.10250162648175187,-0.594414964574365,0.8,1.0
101000001110000101000100001010010111,3148,11.928385355650176,11.194306662879,1.3877787807814457E-16,1.0
100110001000000000000100001000000101,9850,0.2292594650369757,-0.7826423661793029,1.0,0.6000000000000001
101100001000000001000100001010010101,6950,0.02981911672570959,-0.6670974743304074,1.0,1.0
101100001000010001000100001010010101,7376,0.5341672088272503,-0.04638792459363816,0.20000000000000015,1.0
100100001000000000000100011010110101,8052,0.5777549477212963,-0.26301206939517796,0.20000000000000015,1.0
110010100101010100000100001110000100,2432,11.922168618981342,11.30285167798886,1.3877787807814457E-16,1.0
100100001000000000000100001000010101,7276,0.059638233451419186,-0.8937847873379051,1.0,1.0
101010001000000001000100001000010101,8630,0.08006326833860787,-0.7517913264837395,1.0,0.9
100100001000000000100100011010010101,6126,11.941056522642791,11.194523083345372,1.3877787807814457E-16,1.0
101100001000000001000110001100010101,4236,0.5683743967913868,-0.22420113693226051,0.20000000000000015,1.0
101010001010100001000100001010110101,4944,0.5481686259963452,-0.0798448140069693,0.20000000000000015,1.0
100100001000000000000000101000010101,5806,0.08931762686598876,-0.7371268271723812,1.0,0.9
101010001000000001000100001110010101,1476,0.03556598075249552,-0.6807454831661484,1.0,1.0
101100001000000001000101101010001101,2320,0.009939705575236527,-0.5706154278456519,1.0,1.0
101000001110000001000100001011010101,3948,0.09156648520443485,-0.5105421329280682,0.8,1.0
100110001000000000001100001010010101,3388,0.33402098725652357,-0.3822904766621202,0.40000000000000013,1.0
101000001110000001000100001010000101,2312,0.09366814175383731,-0.582182466614836,1.0,0.8
100100001000000000000100000010010101,6644,0.11940787812407987,-0.6878429130754004,1.0,0.8
100100001100000000010100101000010101,5342,0.20777402310473778,-0.4690327380000924,0.6000000000000001,1.0
100100001010000010000011111101011111,598,11.932251769148621,11.243318931385334,1.3877787807814457E-16,1.0
101000001000000001000100101010000101,7696,0.10416095775273485,-0.6450643128962421,1.0,0.8
101101001000000001000100001101110101,2484,0.5494133224191227,-0.05735619295250338,0.20000000000000015,1.0
101000001110100001000101101010011101,9592,0.17889585340219943,-0.28883387048400494,0.6000000000000001,1.0
101100001001000001000101101010001101,1394,0.00944198772419628,-0.5449619390846637,1.0,1.0
100100001000000000000100001110010101,3958,0.0472099386209814,-0.7388530201040998,1.0,1.0
100010001000000000000101011001011101,9912,0.2129472641561441,-0.5694013371504748,0.6000000000000001,1.0
101110000000001001000101101010111100,6784,11.896102464566823,11.420788598521879,1.3877787807814457E-16,1.0
100010000000000000000100001000010100,4698,0.36001624053775166,-0.591114238303792,1.0,0.40000000000000013
110010000100011100010101000110101110,0,11.911551271408488,11.342348624774697,1.3877787807814457E-16,1.0
101100001000000001001101101010001101,3834,0.3083947120792646,-0.20006034173819304,0.40000000000000013,1.0
101010101010000001000100001010010101,6286,0.18331975819803953,-0.41673186072593627,0.6000000000000001,1.0
101000001110000001000100001010010101,5728,0.01987941115047306,-0.6150959726776001,1.0,1.0
010111001010000000010111000001111001,174,11.913489621044436,11.328765923905166,1.3877787807814457E-16,1.0
101100001000000001001100001010010101,6930,0.30839471207926455,-0.2721604213416238,0.40000000000000013,1.0
101010001000000001000000001010010101,9092,0.06715348639222582,-0.650809167021855,1.0,0.9
101100001000000001000100101010010111,3662,11.930048895836686,11.193932160632798,1.3877787807814457E-16,1.0
100100001000000000000100001000010101,4700,0.059638233451419186,-0.8937847873379051,1.0,1.0
101010001000000001000000001110000101,9724,0.03283536847171948,-0.6851272849423613,1.0,1.0
100110001101000000000101011010011101,2298,0.5610970445742125,-0.1077901500103089,0.20000000000000015,1.0
101000001101000001000100001010010101,1700,0.02832596317258884,-0.62726605832498,1.0,1.0
100010001000000000010100001110000101,5966,0.20871955217669802,-0.552484446549891,0.6000000000000001,1.0
000101001000100000000100001011010001,4220,0.5286499493498692,0.07470784018443205,0.20000000000000015,1.0
101010001000000001000100001000010101,3598,0.08006326833860787,-0.7517913264837395,1.0,0.9
101000011110000001000100001010010101,1262,11.911243294113197,11.336148916039862,1.3877787807814457E-16,1.0
101010001000000001000100001111010101,5302,0.10676770239686698,-0.5727386875629445,0.8,1.0
101010001000000001000100000010010101,6602,0.06715348639222582,-0.650809167021855,1.0,0.9
101100001000000001100111101010001101,3390,11.91450429026665,11.299614971902571,1.3877787807814457E-16,1.0
100100001011000000000110001010010111,2168,11.941478760070613,11.09212522227409,1.3877787807814457E-16,1.0
100100001000000000000100001010010101,3332,0.049698527876182653,-0.8028460464800199,1.0,1.0
101000001100000001000000011011010101,4858,0.32819121505931637,-0.31028823815927714,0.40000000000000013,1.0
101000001010110111001010000011110111,522,11.900705764392665,11.368894721460759,1.3877787807814457E-16,1.0
100100011000000110000101001010011101,8928,11.924724914575508,11.302114532540902,1.3877787807814457E-16,1.0
100010001000000000000000001111010101,6184,0.12021608819945362,-0.6336258373588132,0.8,1.0
100000001110000000000100001110010101,1004,0.03776795089678511,-0.6785022314967482,1.0,1.0
101100011000000001000100011000010101,7704,11.933519560779967,11.238488360753896,1.3877787807814457E-16,1.0
101000101100110001100101101011001101,1944,11.92415988659282,11.512339588322124,1.3877787807814457E-16,1.0
101000001110000001000100001000010101,2662,0.02981911672570959,-0.6670974743304072,1.0,1.0
100110001000000000001100001010010101,6206,0.33402098725652357,-0.3822904766621202,0.40000000000000013,1.0
100101001000000000000100101000010101,4496,0.20415451310905233,-0.5121156692844809,0.6000000000000001,1.0
101000001110000001000101001010011101,9370,0.0,-0.5321342441674862,1.0,1.0
101100001010000001000100001110000101,2222,0.019879411150473054,-0.6150959726776,1.0,1.0
101100101000000001000100011010010101,5524,0.5485358310367985,-0.06959052590837911,0.20000000000000015,1.0
000100001001000000000100011010010001,9056,0.21097284495607724,-0.4989622784931589,0.6000000000000001,1.0
101100001000010011000100001010010101,3330,11.902701805611406,11.348297878802546,1.3877787807814457E-16,1.0
101100000000001001000100101010010100,7296,0.17080900831012255,-0.2831331008553145,0.6000000000000001,1.0
100100101000000000000100101010000101,9810,0.10856698528631828,-0.5900837743534219,0.8,1.0
101010001000000001000100001010000101,2016,0.11163278112385498,-0.7053878259312648,1.0,0.8
100100001010000000000100001110000101,4072,0.11244133205698842,-0.6560210932064628,1.0,0.8
100011001000001000000101101010001101,7926,11.901726415880095,11.344673335812736,1.3877787807814457E-16,1.0
101010001000000001000100000010010101,4786,0.06715348639222582,-0.650809167021855,1.0,0.9
100110001100001000010110001010010101,2454,11.928611430569156,11.264029248866487,1.3877787807814457E-16,1.0
100100001010000000000100001010000101,1888,0.20835782620785728,-0.6276010231863594,1.0,0.6000000000000001
100100001000001000000100001000010101,6464,0.2120799366056878,-0.5562799955188039,0.6000000000000001,1.0
101000001001000001000101001010011101,6588,0.009939705575236527,-0.5706154278456519,1.0,1.0
101100001110000001000110001010010111,8468,11.929424024524762,11.179956212244614,1.3877787807814457E-16,1.0
100100001001000000000100011010010101,9296,0.21617328075860254,-0.5748036309917904,0.6000000000000001,1.0
010111001010110110000101001110111011,262,11.906225436979627,11.36283309528253,1.3877787807814457E-16,1.0
101010001000000001001100001001010101,9680,11.920633969213585,11.257703070124789,1.3877787807814457E-16,1.0
101100001000000001100100001010010101,2900,0.5512027175909956,-0.07089366276007658,0.20000000000000015,1.0
101000001110000001000100001010000101,9362,0.09366814175383731,-0.582182466614836,1.0,0.8
100100001000000000000100001010010101,3468,0.049698527876182653,-0.8028460464800199,1.0,1.0
100010001000000000000101101010001101,7768,0.03718127421479806,-0.7239677883528386,1.0,1.0
101000000000000001000000001110000100,9746,0.39215905896025294,-0.1399751852072335,1.0,0.30000000000000016
101100011000000001000100001011010101,5916,11.919007243268402,11.324626204775084,1.3877787807814457E-16,1.0
101100001000000001000101100010001101,2442,0.0,-0.523387879643664,1.0,1.0
101010001000000001000100001010010101,8538,0.03718127421479807,-0.7239677883528388,1.0,1.0
100010001000000000001100001110010101,1192,0.33402098725652357,-0.3822904766621203,0.40000000000000013,1.0
101100001010000101000000001110010111,2908,11.923753974592028,11.254382113488509,1.3877787807814457E-16,1.0
101000001110000101000100100110000101,1882,0.187224085823494,-0.40302890273419634,0.6000000000000001,1.0
100010001000000000000101101010001101,1532,0.03718127421479806,-0.7239677883528386,1.0,1.0
101000001110000001000100001010000101,9792,0.09366814175383731,-0.582182466614836,1.0,0.8
100100000000000000000100001110010100,3314,0.11220304526152369,-0.5714751558610947,1.0,0.8
101010001000000001000100000010010101,8010,0.06715348639222582,-0.650809167021855,1.0,0.9
000100110010000110000100001110110000,406,11.90590559808947,11.459722392476552,1.3877787807814457E-16,1.0
100010000000001010000101101010001100,8342,0.5349324800230684,0.011896133858203983,0.20000000000000015,1.0
101100001000000011000101101010001111,1746,0.5463009500217003,-0.09398408020091464,0.20000000000000015,1.0
101100001000100001100100001010010101,3254,11.907993605890397,11.370684102403558,1.3877787807814457E-16,1.0
101010001000000001000100001010010101,3440,0.03718127421479807,-0.7239677883528388,1.0,1.0
100101001000100100000100001011010101,9364,11.916566618457589,11.323367596744554,1.3877787807814457E-16,1.0
100100001010000100000100001000010101,5854,0.21833620181700417,-0.6272099731358192,0.6000000000000001,1.0
100100001000000000010101101010001101,3230,0.08894918756002906,-0.4958370517670381,0.8,1.0
100100001110000000000100001010010101,4416,0.1104504606528274,-0.605819721740706,0.8,1.0
100100001001100000001100000010010101,4604,0.5313640690968598,0.024499569405137644,0.20000000000000015,1.0
101100001000000001000100001010010101,4856,0.02981911672570959,-0.6670974743304074,1.0,1.0
101100001000000001000100111010100101,8522,0.5638214626704852,-0.16642159349617336,0.20000000000000015,1.0
100010001000000010000100001110000101,9982,0.12463214936077924,-0.7209140255920441,0.8,1.0
100100001000000000000100000000010101,5562,0.17458318044935434,-0.7414981516163526,1.0,0.7000000000000001
101100001000000001000100001010000101,2366,0.10416095775273483,-0.6450643128962421,1.0,0.8
101000001010000001000100001000110101,2904,0.0714993921353044,-0.6896496704323324,1.0,0.9
100000100111000000000100011011000100,1256,0.5444872748647209,-0.0019491706765999428,0.20000000000000015,1.0
100100001001000000000100001000000101,8876,0.13232074320746148,-0.8211022775818628,1.0,0.8
110010000001000100000100001100010100,2352,0.5825662637206971,-0.26911884626050764,0.20000000000000015,1.0
100010001000000000010101101110111101,3974,11.922168618981342,11.302851677988858,1.3877787807814457E-16,1.0
101000001000000001000100001010010101,4020,0.10416095775273485,-0.6450643128962421,1.0,0.8
101000011110000001000100001110000101,1252,11.911243294113197,11.336148916039862,1.3877787807814457E-16,1.0
100010001000000000000101101010101101,5324,0.20749951070474398,-0.5619332981710021,0.6000000000000001,1.0
101100001000000101100100001010010101,1320,11.925982598917143,11.277248466811042,1.3877787807814457E-16,1.0
100101011000000000000100001011010101,2904,11.919007243268402,11.324626204775084,1.3877787807814457E-16,1.0
100100011010000000000100001000010101,2806,11.938218508452179,11.204099303032027,1.3877787807814457E-16,1.0
101110001000100001100100000010010101,4248,11.91006356153997,11.378339357370953,1.3877787807814457E-16,1.0
000000001000000000000100001000010001,5008,11.954512464344434,10.947263236972864,1.0,1.3877787807814457E-16
110110000000011010101111100000111100,138,11.906190347991469,11.389475096303942,1.3877787807814457E-16,1.0
100100001010000000000100001001010101,3840,0.11989244837702369,-0.6661705103480575,0.8,1.0
100100001000000000000101101010001101,3014,0.02981911672570959,-0.6670974743304074,1.0,1.0
100100001000000000011100001010010101,7850,0.31472168430801484,-0.2700645550190524,0.40000000000000013,1.0
100100001000000000000100001110010101,5024,0.0472099386209814,-0.7388530201040998,1.0,1.0
101100001000100001000100001000010101,5212,0.19246213887939861,-0.44564938146517186,0.6000000000000001,1.0
101011001000000011000100000010010101,8676,0.31098517388630703,-0.25900615423404577,0.40000000000000013,1.0
101100001000000001000100001110000101,2686,0.02981911672570959,-0.6670974743304074,1.0,1.0
101110011000000001000101001000011101,6856,0.5494133224191227,-0.05735619295250327,0.20000000000000015,1.0
101110001000000001000100011010010101,6064,0.20598052163073852,-0.52426253453592,0.6000000000000001,1.0
100100001010000000000100001110000101,6372,0.11244133205698842,-0.6560210932064628,1.0,0.8
110100001010001000000100001110100101,9430,11.932369551270268,11.197761679287508,1.3877787807814457E-16,1.0
100110001000000010000100001111110111,524,11.944372682506947,11.169967287237162,1.3877787807814457E-16,1.0
101100001000000001000001101010001101,7028,0.0,-0.523387879643664,1.0,1.0
100100001000000000000100001110000101,6292,0.12238103763222494,-0.7301635367239776,1.0,0.8
100100001100000000100100001010110101,5620,11.939219479296817,11.229613108258677,1.3877787807814457E-16,1.0
101100001000000001000101001000011101,5294,0.019879411150473054,-0.6150959726776,1.0,1.0
100010001000000010001100000101110111,758,11.938683858712308,11.19974019428256,1.3877787807814457E-16,1.0
100010001000000000000100001110000101,1010,0.05430902662140502,-0.8599205865286285,1.0,1.0
101010001000000001000100001000010101,5378,0.08006326833860787,-0.7517913264837395,1.0,0.9
100100001000000000100100001110010101,7710,11.93617219352253,11.243803111501009,1.3877787807814457E-16,1.0
101100001000000001000100001110000111,3376,0.33673791053979424,-0.44231290182582633,0.40000000000000013,1.0
100100001000000000000101001010011101,9054,0.02981911672570959,-0.6670974743304074,1.0,1.0
100101001000000000000101101010001101,8044,0.3083947120792646,-0.2721604213416237,0.40000000000000013,1.0
101100001001000001000101001100001101,1656,0.018883975448392553,-0.5832246426841103,1.0,1.0
110010001000000000000110101010010101,3484,11.950059283277904,11.004329056234388,1.3877787807814457E-16,1.0
101000001100000001000100001110000101,1106,0.029819116725709582,-0.6670974743304072,1.0,1.0
101100001000000001000101101010001101,1690,0.009939705575236527,-0.5706154278456519,1.0,1.0
100100001001100000000110001110000101,8426,11.93448601523879,11.197799546381948,1.3877787807814457E-16,1.0
100100001000000000000100001000010101,5020,0.059638233451419186,-0.8937847873379051,1.0,1.0
100000001110000000000100001000010101,4112,0.21608509008844987,-0.6364594842677527,1.0,0.6000000000000001
101110001010000001000100001010010101,1438,0.1000566610824171,-0.5628742380063781,0.8,1.0
100100101110000000000101001000011101,2910,0.3139173407651235,-0.2449938002561876,0.40000000000000013,1.0
101010101000010001000110001110000101,1242,11.913514870286244,11.278182550435366,1.3877787807814457E-16,1.0
101110001001000001000100001010010101,3590,0.03408519264082468,-0.6454211973189866,1.0,1.0
100100001010000000011100001010010101,4134,0.3049127854448702,-0.2323255164608788,0.40000000000000013,1.0
101100001000000001000101100010011101,5208,1.4802973661668754E-17,-0.5006226439340283,1.0,1.0
101100101000000001010111101010011101,5520,11.895545056002947,11.392676558941051,1.3877787807814457E-16,1.0
101100001001000001010100001000010101,6890,0.1911727716237052,-0.41459658682587663,0.6000000000000001,1.0
000100001000000000000100001000010001,9128,0.35510693284920575,-0.5125330266961821,1.0,0.40000000000000013
101100001000000001000100000010010101,6410,0.023362684184018788,-0.6200571139865847,1.0,1.0
101100001000000001000100001001010101,3602,0.1104504606528274,-0.6058197217407059,0.8,1.0
000000011010010010000100001110110001,464,11.905684401452987,11.403910457214172,1.3877787807814457E-16,1.0
101100001000000011000100001010010101,2934,0.028325963172588835,-0.62726605832498,1.0,1.0
100100001000000000000100001010000101,2138,0.2188506422067548,-0.7219636845940995,1.0,0.6000000000000001
010100001000000000000101101010001001,7180,0.10250162648175187,-0.5944149645743652,0.8,1.0
100010001000000000000100001110010101,5490,0.05194963960473695,-0.7935965353480864,1.0,1.0
101000001110000001000100001010010101,5306,0.01987941115047306,-0.6150959726776001,1.0,1.0
100100001000001000010100001000110101,9858,11.93059953814093,11.263471098922356,1.3877787807814457E-16,1.0
101010001000000001000100001010010101,4772,0.03718127421479807,-0.7239677883528388,1.0,1.0
101100001000000001000100001010010101,6432,0.02981911672570959,-0.6670974743304074,1.0,1.0
101000001010000011000100001110000101,776,0.01987941115047306,-0.6150959726775999,1.0,1.0
101010001000000001000100001010000101,2620,0.11163278112385498,-0.7053878259312648,1.0,0.8
100100001000000000000101111010001101,2164,0.10824849050853781,-0.6080629734101058,0.8,1.0
100100000010000000000100001000010100,3416,0.20887550697115048,-0.5410061995142365,1.0,0.6000000000000001
001000001000000001000000001000000001,8000,11.915482040109431,11.187377464946032,1.0,1.3877787807814457E-16
100100001000000000010110001010010101,4170,11.93614299015315,11.157443729943152,1.3877787807814457E-16,1.0
101000001110000101000100001011010101,2754,0.19262099190033657,-0.4398676584670541,0.6000000000000001,1.0
101100001000000001000000001110010101,4184,0.021999803578192964,-0.582406085387267,1.0,1.0
101100001000000001001100001110000101,6180,0.17632626778750374,-0.40422886563338467,0.6000000000000001,1.0
000100001000000000000101111010001001,6734,0.0981149871594738,-0.5258838020700871,0.8,1.0
101010000000000001000100100000010100,7334,0.14655864290495738,-0.4844428047730706,1.0,0.7000000000000001
100010001000000000000000001010010101,6736,0.08680572944861498,-0.7928003166295765,1.0,0.9
111010001000000001000100001110110101,3146,0.3427290707819784,-0.44528770155765945,0.40000000000000013,1.0
011000001110000001100100001010010001,5628,11.911243294113197,11.336148916039862,1.3877787807814457E-16,1.0
100010001000000000000100001110000101,1604,0.05430902662140502,-0.8599205865286285,1.0,1.0
101010101000000001000100001010010101,7222,0.09808230373470077,-0.5496072642415794,0.8,1.0
100110001000011010101111100010011101,520,11.893259817887209,11.428830331220809,1.3877787807814457E-16,1.0
100100001110100000000100001110010101,7972,0.32207335213697635,-0.2570017429405214,0.40000000000000013,1.0
101000001110000001010101101011011101,6872,0.3103748913901242,-0.14531242085774254,0.40000000000000013,1.0
110110001011000000000100011010010101,2218,11.941812516782852,11.143752849269731,1.3877787807814457E-16,1.0
100100001000000010100100001000010101,2822,0.5757223540144002,-0.17491578694921617,0.20000000000000015,1.0
101100011000000001000100101110100101,4518,11.924724914575508,11.302114532540902,1.3877787807814457E-16,1.0
100100001000000000100101101010001101,3532,11.920235032226191,11.298138651875119,1.3877787807814457E-16,1.0
100010001000010000000100011100000101,1748,11.941606782144063,11.112491338126176,1.3877787807814457E-16,1.0
101100001000001001000100001110010101,2062,0.18184889647336264,-0.37706224454794857,0.6000000000000001,1.0
100010001000000000010100001100000101,1582,0.2171861501695842,-0.6129631501006727,0.6000000000000001,1.0
101000001100000001000100001110000101,4200,0.029819116725709582,-0.6670974743304072,1.0,1.0
101100101100000001000100001010010101,5960,0.3139173407651235,-0.2449938002561876,0.40000000000000013,1.0
100100001000000100000101101010001101,6030,0.10824849050853781,-0.6080629734101058,0.8,1.0
100010001000000000000100001000010101,5502,0.09719102074521484,-0.914710810471064,1.0,0.9
100100001000001000000001011110011101,2538,11.910847214682418,11.359657544261061,1.3877787807814457E-16,1.0
101010001000000001000100001000010101,8314,0.08006326833860787,-0.7517913264837395,1.0,0.9
101100001000000001000101101010001101,1458,0.009939705575236527,-0.5706154278456519,1.0,1.0
111100001000000001000100001000010101,4088,0.2123260470551866,-0.6321255965332051,0.6000000000000001,1.0
100100001000000000000100001010100101,7100,0.1269915363774473,-0.7872380767725862,0.8,1.0
101100001000000001000100001000010101,3202,0.03975882230094612,-0.7287036029625051,1.0,1.0
110110001000000010000100011110110111,292,11.94854106207298,11.102362172310118,1.3877787807814457E-16,1.0
101100001000000001000100001110110101,4890,0.10676770239686698,-0.5727386875629445,0.8,1.0
100100001000000000000101101010001101,7496,0.02981911672570959,-0.6670974743304074,1.0,1.0
101100001000100001000100101010000111,4614,11.920985531728233,11.249051475254884,1.3877787807814457E-16,1.0
101010001000000001000100001010010101,6586,0.03718127421479807,-0.7239677883528388,1.0,1.0
101100001100001001000001101010001101,2256,0.18092985046076615,-0.27269002521936136,0.6000000000000001,1.0
100100001000000000000100000000010101,5224,0.17458318044935434,-0.7414981516163526,1.0,0.7000000000000001
001100001000000001000101101010001001,3358,0.014162981586294417,-0.46817489978556276,1.0,1.0
100100001000000100010100001010010101,2424,0.20690044185357503,-0.510479669434842,0.6000000000000001,1.0
100100001000000000000100001010010101,6668,0.049698527876182653,-0.8028460464800199,1.0,1.0
100010001000000000000100001010000101,2002,0.1295754315102834,-0.8738730162920946,1.0,0.8
101100111100000101000100001110000101,8602,11.914792299277966,11.36133676136493,1.3877787807814457E-16,1.0
101110001001000001000100001110000101,3034,0.03408519264082467,-0.6454211973189866,1.0,1.0
100000001111000100000100011110000111,2190,11.941812516782852,11.143752849269731,1.3877787807814457E-16,1.0
100100001010000000000100001001010101,3058,0.11989244837702369,-0.6661705103480575,0.8,1.0
101100001100000001000100001110010101,5714,0.09965772409502409,-0.5224386562560482,0.8,1.0
101100001000000001000100001111000101,4682,0.028325963172588828,-0.62726605832498,1.0,1.0
100100001000100100000100001010010101,5228,0.5647413828933217,-0.1526387283950954,0.20000000000000015,1.0
101100001010000001000101001000011101,3640,0.009939705575236527,-0.5706154278456519,1.0,1.0
100100001000000000000100001000010101,4494,0.059638233451419186,-0.8937847873379051,1.0,1.0
101100001100000001000101101010011101,4932,0.08167424786903621,-0.45098204661077546,0.8,1.0
101100001000000001000100001000010101,5546,0.03975882230094612,-0.7287036029625051,1.0,1.0
101000001000000001000100001010010101,2132,0.10416095775273485,-0.6450643128962421,1.0,0.8
101000001110000001000100001010000101,5392,0.09366814175383731,-0.582182466614836,1.0,0.8
101010011000000001000100001110000101,8552,0.5583126958928385,-0.12119369406697278,0.20000000000000015,1.0
101000001010000011000100001111010101,586,0.09066598598203013,-0.48442839209130484,0.8,1.0
100100001000000000000100001000010101,2972,0.059638233451419186,-0.8937847873379051,1.0,1.0
101101001000000001000100001110000101,7228,0.17632626778750374,-0.40422886563338467,0.6000000000000001,1.0
101100001000000001000101101110111101,3944,0.3161038638083123,-0.25234553772341634,0.40000000000000013,1.0
101100011001000001000001001010011101,8672,0.5242275032520138,0.0578197274793949,0.20000000000000015,1.0
100100001000000000000100001110010101,6858,0.0472099386209814,-0.7388530201040998,1.0,1.0
101110001000000011000100001000010101,7604,0.11461846534962228,-0.6173159500985304,0.8,1.0
101010001000000001000100001000010101,2958,0.08006326833860787,-0.7517913264837395,1.0,0.9
101001001110000001000100001100000101,3308,0.30839471207926455,-0.2721604213416238,0.40000000000000013,1.0
101100001110000001000110011110000101,1282,11.927201686533355,11.225289556557518,1.3877787807814457E-16,1.0
101010001000000001000100001000010101,6652,0.08006326833860787,-0.7517913264837395,1.0,0.9
101100001000000001000100001000000101,4364,0.20835782620785728,-0.6276010231863594,1.0,0.6000000000000001
100100001000000000000100001000010101,5544,0.059638233451419186,-0.8937847873379051,1.0,1.0
101100001100110001000100001000010101,9774,11.899398276997962,11.382789857820669,1.3877787807814457E-16,1.0
100010011000000000000100001110000111,3880,11.946264294823262,11.095827155823176,1.3877787807814457E-16,1.0
101010001000000001000100001110000101,1290,0.03718127421479806,-0.7239677883528386,1.0,1.0
001000001010000011000001011100111001,686,0.30503499234834386,-0.18880861314185132,0.40000000000000013,1.0
001100001000000001000101101010001001,9198,0.014162981586294417,-0.46817489978556276,1.0,1.0
100010001000000000000100001001010101,7464,0.13282397878689994,-0.7926386301053575,0.8,1.0
100100000000000000000100101010010100,2246,0.20590709771774862,-0.47777110340486995,1.0,0.6000000000000001
101100001000001001000101001010011101,7720,0.16973768213456966,-0.33135336286352834,0.6000000000000001,1.0
101100011000000001000100011000010101,3854,11.933519560779967,11.238488360753896,1.3877787807814457E-16,1.0
100100001000000100000100001010010101,4490,0.12463214936077924,-0.720914025592044,0.8,1.0
100100001000000010000000001110000101,6198,0.11668211691242823,-0.6234454376349707,1.0,0.8
101000001110101101000110001000010101,2376,11.91689932783504,11.302231225456003,1.3877787807814457E-16,1.0
100101001000000000000100001000010101,7174,0.11244133205698842,-0.6560210932064626,0.8,1.0
110010001000000000000101101010011101,7546,0.20808789553448245,-0.5760757818840249,0.6000000000000001,1.0
101000001010000011000100011111100101,1270,11.924724516987165,11.26947923230201,1.3877787807814457E-16,1.0
100100001110000000001100001000010101,6300,0.3267809696766169,-0.3288110518209519,0.40000000000000013,1.0
101101001000010001000110001001010101,8922,11.907975449067001,11.308936507193467,1.3877787807814457E-16,1.0
101000001110000011100100101100000101,1318,11.917886355388418,11.346829118984548,1.3877787807814457E-16,1.0
101100011000000011100101101000011101,5404,11.908362545864609,11.405949744507097,1.3877787807814457E-16,1.0
100100001000000000000101101010001101,6020,0.02981911672570959,-0.6670974743304074,1.0,1.0
100010001000000000000100001010010101,6350,0.05430902662140502,-0.8599205865286285,1.0,1.0
100010001000000000000100001010010101,4416,0.05430902662140502,-0.8599205865286285,1.0,1.0
101000001110000001000100001001010101,9638,0.10100847292863113,-0.5545835485689377,0.8,1.0
100100001010000000001100001000010101,9600,0.1962056789379768,-0.5007109121181402,0.6000000000000001,1.0
101100011000000001000101101000111101,4732,11.917477632214853,11.33273250155482,1.3877787807814457E-16,1.0
101000001110000001100100001000010101,7904,0.3254302208430099,-0.29666615950806235,0.40000000000000013,1.0
100010011000000000000100101011010101,2258,11.939219479296817,11.229613108258677,1.3877787807814457E-16,1.0
100010001000000000000110001110000101,9954,0.5810624570337961,-0.3857394005398186,0.20000000000000015,1.0
100101001100000000000100001000010101,8416,0.3362229574008132,-0.3800472249927201,0.40000000000000013,1.0
100100001000000010000101101010001101,8212,0.02832596317258884,-0.62726605832498,1.0,1.0
101101001000000001000100001010010101,9640,0.17632626778750374,-0.40422886563338467,0.6000000000000001,1.0
100010001000000000000100011010000101,1506,0.13048087565074845,-0.8361350703007787,0.8,1.0
101100001110000001100100000110010101,2776,11.902621377745552,11.414112599476237,1.3877787807814457E-16,1.0
101100001000000001000100001110000101,1284,0.02981911672570959,-0.6670974743304074,1.0,1.0
010110101000000000000100001110000001,996,0.3389688861453359,-0.3784112251430812,0.40000000000000013,1.0
101001101110000001000101101010001101,7704,11.926037634398945,11.473844535935662,1.3877787807814457E-16,1.0
101110001110000001000100001010010101,9212,0.3246894361920974,-0.30779921417529316,0.40000000000000013,1.0
101100001100000001000100001010010101,1416,0.10100847292863113,-0.5545835485689377,0.8,1.0
100100001010000010000100000001110111,444,11.94297316992939,11.164463548234698,1.3877787807814457E-16,1.0
100010001000000000000100001010010101,5396,0.05430902662140502,-0.8599205865286285,1.0,1.0
100010001000000000001100001010010101,6738,0.3356362807188261,-0.42551278184881053,0.40000000000000013,1.0
111100001000000001000101111010001101,9996,0.32700474870774626,-0.36180605381500747,0.40000000000000013,1.0
000100001000011010011100001110110001,572,11.915484380764024,11.506472005070734,1.3877787807814457E-16,1.0
100100001010000000000101101010101101,7730,0.19376071353864205,-0.4691701855501532,0.6000000000000001,1.0
100100001110000000000101101010001101,4198,0.09156648520443483,-0.510542132928068,0.8,1.0
101010001000000001000100001000010101,5934,0.08006326833860787,-0.7517913264837395,1.0,0.9
101000001000000001000100001110010101,7956,0.10250162648175187,-0.594414964574365,1.0,0.8
100010011000000000000101001110011101,972,11.925982598917143,11.277248466811042,1.3877787807814457E-16,1.0
110000001100000010000100001010010101,9528,0.3499597156332965,-0.5064902044962354,0.40000000000000013,1.0
101010001100000001000100001110000101,1672,0.10824849050853781,-0.6080629734101061,0.8,1.0
000010000000000000000100001000010000,5724,0.4510223154743479,-0.39585724856369187,1.0,0.30000000000000016
101000001111000001000100001010100101,8170,0.1000566610824171,-0.562874238006378,0.8,1.0
101000001110100001000101001000011101,4062,0.0760336296783447,-0.4250574153197533,0.8,1.0
101100001100000001000100001100000111,2090,0.34260190004340096,-0.4499736336802465,0.40000000000000013,1.0
101000001010000001000100001110000101,890,0.09366814175383731,-0.5821824666148361,1.0,0.8
100010001011000000000101101010001101,1188,0.10005666108241712,-0.5628742380063781,0.8,1.0
100010001000000000000100101000010101,3138,0.09445958695136397,-0.8310030219408935,1.0,0.9
000110001110010110100100000001000001,468,11.915666747371896,11.397815849898125,1.3877787807814457E-16,1.0
101000001110000001000100001010010101,8158,0.01987941115047306,-0.6150959726776001,1.0,1.0
101100000000000001000101101010011100,3480,0.01317351183516046,-0.4495869056496966,1.0,1.0
101100001000000001000101001000011101,9238,0.019879411150473054,-0.6150959726776,1.0,1.0
101000001110000001000100001010010101,3314,0.01987941115047306,-0.6150959726776001,1.0,1.0
100100001000000010000001100010001101,7530,0.08585602159120276,-0.45688327597380984,1.0,0.8
101000001000000001000101101010011101,1754,0.08262221533127882,-0.4979329180896097,1.0,0.8
100100001010000000001100001010010101,5698,0.18626597336274028,-0.44870941046533286,0.6000000000000001,1.0
100010001000010000101101101011001101,1892,11.895834751465845,11.395185315354004,1.3877787807814457E-16,1.0
101000001110000001000101101010011101,3190,0.0,-0.5114106250106643,1.0,1.0
101000001000000001000100001100010101,8368,0.11244133205698842,-0.6560210932064626,1.0,0.8
101100001000000001000100001110000101,4412,0.02981911672570959,-0.6670974743304074,1.0,1.0
101000001010000011000100011100110101,866,0.33663822094616597,-0.3605380233691841,0.40000000000000013,1.0
101100001001100001000100001010010101,3096,0.18184889647336264,-0.37706224454794846,0.6000000000000001,1.0
101100001000000001000100101000010101,5362,0.03776795089678512,-0.6785022314967482,1.0,1.0
101000001110010001000101001010011101,6046,0.5441069144024869,0.05533556214979546,0.20000000000000015,1.0
101111101010100011100101101011001111,432,11.900884105116777,11.45081112474047,1.3877787807814457E-16,1.0
101100011000000001000111101100011101,7486,11.91960684155753,11.311991956305393,1.3877787807814457E-16,1.0
100010001000000000000100001101010101,6424,0.13031999125513294,-0.7279040691738523,0.8,1.0
100100001000000000000100000000010101,7000,0.17458318044935434,-0.7414981516163526,1.0,0.7000000000000001
000100001000000000010110001010010001,9324,11.929144293417485,11.230493533777745,1.3877787807814457E-16,1.0
100010001000000000000100101010010101,2016,0.05194963960473695,-0.7935965353480864,1.0,1.0
101000001110000001000101001111001101,6996,1.4802973661668754E-17,-0.5114106250106643,1.0,1.0
100000001010000100100100001010010101,8544,11.935195773480789,11.203261358032636,1.3877787807814457E-16,1.0
100010001001000000100101101010011101,3162,11.924724914575508,11.302114532540902,1.3877787807814457E-16,1.0
011100001010000001000100001110010001,710,0.18527053766065976,-0.41683808047184323,0.6000000000000001,1.0
101000001000000011000100001010000101,4890,0.10416095775273485,-0.645064312896242,1.0,0.8
010010100001111000010111100100111010,0,11.929392813488379,11.472448161463326,1.3877787807814457E-16,0.9
101100001100000101000100001010110101,5892,0.33663822094616597,-0.3605380233691841,0.40000000000000013,1.0
100100101000000000000100001000010101,4986,0.11837588414946287,-0.6499840479750288,0.8,1.0
100100001000000000000100001000010101,2848,0.059638233451419186,-0.8937847873379051,1.0,1.0
101101001100000001000100001110000101,5726,0.5336694909762101,-0.02073443583264989,0.20000000000000015,1.0
100100001000000000000100001010000101,7796,0.2188506422067548,-0.7219636845940995,1.0,0.6000000000000001
100110001000000010000100001000010101,4846,0.13031999125513294,-0.7279040691738521,0.8,1.0
101000001000000001000100001010010101,9318,0.10416095775273485,-0.6450643128962421,1.0,0.8
111000001110001001000101101010001101,3322,11.898249344090853,11.350424473466061,1.3877787807814457E-16,1.0
100100001000010000000101011010001101,8988,11.9133133396954,11.268125323131146,1.3877787807814457E-16,1.0
101010001000000001000100001010000101,6990,0.11163278112385498,-0.7053878259312648,1.0,0.8
100010011000000000100101001010011101,9024,11.924724914575508,11.302114532540902,1.3877787807814457E-16,1.0
101100001110000001000110101110010101,2526,11.920560496532667,11.290698354299316,1.3877787807814457E-16,1.0
111000001110000001000100001110000101,7254,0.5548538264806268,-0.16658447232124773,0.20000000000000015,1.0
101010001000000001000100001010010101,3458,0.03718127421479807,-0.7239677883528388,1.0,1.0
101100001001000001000100001010010101,7558,0.028325963172588835,-0.62726605832498,1.0,1.0
100000001111010000000101001010011101,1922,0.5242275032520138,0.012816878241349583,0.20000000000000015,1.0
101100001000000001000100001110000101,6768,0.02981911672570959,-0.6670974743304074,1.0,1.0
101000001110000001000100001010010101,4150,0.01987941115047306,-0.6150959726776001,1.0,1.0
101000001000000001000101101010001101,1452,0.0831753257549398,-0.5294312413293499,1.0,0.8
101000001111000001000100001110100101,1556,0.09891693944411165,-0.5335717109232792,0.8,1.0
010110100010110110001010000011010010,300,11.893259817887209,11.430861614093947,1.3877787807814457E-16,1.0
101100001010000001000100001010010101,3992,0.01987941115047306,-0.6150959726776001,1.0,1.0
001000001100010001100000001110010001,848,11.921225390585844,11.52108064241372,1.3877787807814457E-16,1.0
001000001011110111001001110001011001,334,11.949399541160368,11.574237163763634,1.3877787807814457E-16,1.0
100100001000000000000100001000010101,3392,0.059638233451419186,-0.8937847873379051,1.0,1.0
101100101000000001000101101010001111,5946,11.905828073303313,11.320374624779525,1.3877787807814457E-16,1.0
101101001000000001000100001010010101,6126,0.17632626778750374,-0.40422886563338467,0.6000000000000001,1.0
101000001110000011000100001011010101,1732,0.09066598598203014,-0.48442839209130484,0.8,1.0
110011111100101100100100000011000101,668,11.907724935109407,11.407380878246943,1.3877787807814457E-16,1.0
100100001000000000000100001010000101,2508,0.2188506422067548,-0.7219636845940995,1.0,0.6000000000000001
100100001000001000000101101010001101,6564,0.08894918756002906,-0.4958370517670381,0.8,1.0
101000001110000001000100001010010101,3028,0.01987941115047306,-0.6150959726776001,1.0,1.0
100010001000000000010100001110000101,6774,0.20871955217669802,-0.552484446549891,0.6000000000000001,1.0
101100001000000001000101101000011101,8980,0.01888397544839256,-0.5832246426841103,1.0,1.0
101100011000000001000110001010010101,3938,11.928667271852945,11.228335625023163,1.3877787807814457E-16,1.0
100000001000000000000100001110000101,2304,0.2188506422067548,-0.7219636845940995,1.0,0.6000000000000001
100100001000000000000100001000010101,9574,0.059638233451419186,-0.8937847873379051,1.0,1.0
101010001000000001000100001010010101,1642,0.03718127421479807,-0.7239677883528388,1.0,1.0
100100001000000000010100001100010101,5304,0.11611646946816535,-0.6014165480917059,0.8,1.0
101100001001000001000100001000010101,6060,0.03776795089678512,-0.6785022314967482,1.0,1.0
101000001110000001000000001110010101,7344,0.01099990178909646,-0.5384264819873381,1.0,1.0
101010001000000001000100001000010101,8560,0.08006326833860787,-0.7517913264837395,1.0,0.9
100100001000000000000101001000011111,6416,0.34439449134694744,-0.5000571522414443,0.40000000000000013,1.0
100100001010000010000100001111100111,334,11.938389307290073,11.180174897532671,1.3877787807814457E-16,1.0
100000000110000010000100001111000100,686,0.024626537501208617,-0.5464306989026614,1.0,1.0
101100011010000001000100001010010101,9178,11.911243294113197,11.336148916039862,1.3877787807814457E-16,1.0
001100001110000001000100001000010001,5538,0.08585602159120276,-0.4568832759738102,0.8,1.0
100010001000000000000100001010010101,5402,0.05430902662140502,-0.8599205865286285,1.0,1.0
101000001000000101000100001010010101,3236,0.03718127421479807,-0.7239677883528388,1.0,1.0
100010001000000000000100001010010101,4442,0.05430902662140502,-0.8599205865286285,1.0,1.0
101100101000000011000100001010010101,6356,0.08814484401713771,-0.4707662970041734,0.8,1.0
101100001000000001000100001110000101,9252,0.02981911672570959,-0.6670974743304074,1.0,1.0
111100001010000001001100001110110101,744,11.91449328100675,11.29052514072145,1.3877787807814457E-16,1.0
100100001000000000000101111010111101,3386,11.931443032329346,11.234266788013997,1.3877787807814457E-16,1.0
111100001000000001000101101011011101,9134,0.31969947888346967,-0.2951898394806108,0.40000000000000013,1.0
101000001100000001000100001010000101,3832,0.10416095775273485,-0.645064312896242,1.0,0.8
100010001000000010000100001100010101,2428,0.13031999125513294,-0.7279040691738523,0.8,1.0
101100001000000001000100001110100101,9936,0.10824849050853781,-0.608062973410106,0.8,1.0
100010001000000000000100001110010101,7410,0.05194963960473695,-0.7935965353480864,1.0,1.0
101100001000000001000101001000011101,9240,0.019879411150473054,-0.6150959726776,1.0,1.0
101000001000000011000101101010001101,1146,0.009939705575236527,-0.5706154278456518,1.0,1.0
101010001000000001000100001110000101,3692,0.03718127421479806,-0.7239677883528386,1.0,1.0
100100001000000000000100001111010101,6754,0.11764120032101194,-0.6164780050991399,0.8,1.0
100100001110000000000100001010010101,6954,0.1104504606528274,-0.605819721740706,0.8,1.0
100100001000000000000100001010010101,4812,0.049698527876182653,-0.8028460464800199,1.0,1.0
101100001000000001001101101100011101,5670,11.893259817887209,11.399253124068691,1.3877787807814457E-16,1.0
101010001000000001001100101110000101,2408,0.543409825152268,-0.07176642328774863,0.20000000000000015,1.0
101010001000001011000100001010010101,2696,11.917568145671995,11.299441788726817,1.3877787807814457E-16,1.0
000100001000000000000100001010000001,3908,11.93919930273013,11.094747659141737,1.0,1.3877787807814457E-16
100100000000000000000101111010001100,8246,0.0981149871594738,-0.5258838020700871,0.8,1.0
100010001000000000000100001000000101,2978,0.2916367436954412,-0.8357111149636064,1.0,0.5000000000000001
101010001001000011010100001110000101,1250,11.916566618457589,11.323367596744554,1.3877787807814457E-16,1.0
100100001000000000000100111100000101,6994,0.22402404371135787,-0.6342000167176272,0.6000000000000001,1.0
100010001000000000000100000000110101,4410,0.0966642965248232,-0.8535418022896266,1.0,0.9
100100001000001000000100001010010101,8020,0.2022710377425432,-0.4963797218971969,0.6000000000000001,1.0
011010110111010001010010101101110010,306,11.903620247193238,11.42390110376694,1.3877787807814457E-16,1.0
101010001000000001000100011010010111,9032,11.938929534426455,11.11186149582802,1.3877787807814457E-16,1.0
101100001000010011000100001010010101,7302,11.902701805611406,11.348297878802546,1.3877787807814457E-16,1.0
101010001000000001000100001010000101,7546,0.11163278112385498,-0.7053878259312648,1.0,0.8
100100001000000000000100000000010101,5782,0.17458318044935434,-0.7414981516163526,1.0,0.7000000000000001
101010001000000001000110001010010101,8768,0.3416631558629289,-0.487286720957203,0.40000000000000013,1.0
101100001000000001001101101111001101,4356,0.5332192413650078,0.05669937260456048,0.20000000000000015,1.0
100010001000000000000100001010010111,6358,0.5810624570337961,-0.3857394005398187,0.20000000000000015,1.0
101100001000000001000100001000010101,7232,0.03975882230094612,-0.7287036029625051,1.0,1.0
000100110010110110001111110010111000,352,11.918682419152404,11.525211863520212,1.3877787807814457E-16,1.0
101000101000000011000100001000010101,8462,0.09875808642317367,-0.5393534339213968,0.8,1.0
101001001110000001000100001001010101,6644,0.5336694909762101,-0.02073443583264989,0.20000000000000015,1.0
100010001000000000001100001010010101,1648,0.3356362807188261,-0.42551278184881053,0.40000000000000013,1.0
110010010011110110000101001110101110,286,11.915324031161274,11.338623409422096,1.3877787807814457E-16,1.0
100010001000000000000100001110100101,2608,0.12826348977727423,-0.7686747720321623,0.8,1.0
101010001000000001000100001110000101,8586,0.03718127421479806,-0.7239677883528386,1.0,1.0
100100001000000000000100001010010101,6960,0.049698527876182653,-0.8028460464800199,1.0,1.0
100111001000000000000101101010001101,6484,0.31763732840428216,-0.2975389200357344,0.40000000000000013,1.0
001100011010000011000100000111110001,782,11.896557847637846,11.468675727382704,1.3877787807814457E-16,1.0
100010001000000000000100001110000101,6790,0.05430902662140502,-0.8599205865286285,1.0,1.0
101100001000100001000100001110000101,9776,0.182653240016254,-0.40213299931081326,0.6000000000000001,1.0
101010001000000001000100001011010101,7678,0.10824849050853781,-0.6080629734101061,0.8,1.0
010100001011000000000101001010011001,1830,0.3173389819524206,-0.2847696361800824,0.40000000000000013,1.0
101100001000000001000100101101000101,7834,0.10864946220801802,-0.5660153947303725,0.8,1.0
100101001110000000000100001010010101,4990,0.3173389819524206,-0.2847696361800823,0.40000000000000013,1.0
101100011000000001000100001010010101,3652,11.920235032226191,11.298138651875119,1.3877787807814457E-16,1.0
101100001000000001000101101010111101,9748,0.18477022894758124,-0.40518236035309685,0.6000000000000001,1.0
110110001000011110011011100011001111,242,11.907095606162368,11.35510825891626,1.3877787807814457E-16,1.0
100010001000000000000100001010010101,1360,0.05430902662140502,-0.8599205865286285,1.0,1.0
101100001000000101000101101010001101,9274,0.0918648316562964,-0.5233114167837202,0.8,1.0
100100001000000000000100001000000101,5640,0.3614119024974132,-0.7097124318807841,1.0,0.40000000000000013
100010001001000000000100101010000101,3650,0.05194963960473695,-0.7935965353480864,1.0,1.0
101000001110100001000100001100010101,2482,0.08814484401713771,-0.4707662970041735,0.8,1.0
101000001000000001000100001110010101,6582,0.10250162648175187,-0.594414964574365,1.0,0.8
100100001000000000010101101010001101,7760,0.08894918756002906,-0.4958370517670381,0.8,1.0
100100001000000000000100001010010101,7960,0.049698527876182653,-0.8028460464800199,1.0,1.0
100110001000000000000100001010010101,2936,0.05194963960473694,-0.7935965353480863,1.0,1.0
101100101100000001000100001110000101,5752,0.5396898375131093,-0.019221303508201837,0.20000000000000015,1.0
101100001000001001000100001000010101,8900,0.19246213887939861,-0.44564938146517186,0.6000000000000001,1.0
101100001000000001000011101010001101,4864,0.31575505659011316,-0.3130181033663458,0.40000000000000013,1.0
101000011100000001000101001110001101,1110,11.902251556000204,11.369595261520391,1.3877787807814457E-16,1.0
101010001000000001000100000110000101,2468,0.03283536847171948,-0.6851272849423613,1.0,1.0
101000001110000001000100001110000101,3650,0.019879411150473054,-0.6150959726775999,1.0,1.0
100010001010000000000100001000010101,2606,0.1269915363774473,-0.7872380767725862,0.8,1.0
110100001010000100000000001010010101,2580,11.93952456387796,11.128866071510572,1.3877787807814457E-16,1.0
100010000000000010001100101010100100,8334,11.92570046035857,11.270555107493317,1.3877787807814457E-16,1.0
010111111010000010000100001111010001,560,11.90659928743142,11.410760549720214,1.3877787807814457E-16,1.0
101000101110000001000100001000010101,9412,0.182653240016254,-0.40213299931081326,0.6000000000000001,1.0
101010000000000001010101101010001100,1364,0.17773585793735416,-0.29784289123969904,0.6000000000000001,1.0
101000001110001101000110001000010101,2648,11.925851262373092,11.23576587268686,1.3877787807814457E-16,1.0
101100001000000001000111101110011101,8974,11.91450429026665,11.299614971902571,1.3877787807814457E-16,1.0
101010011000000001001100001010110101,9424,11.918006001644983,11.30111948858838,1.3877787807814457E-16,1.0
101100011000000001000100001000010111,7908,11.935748762646092,11.185867056160706,1.3877787807814457E-16,1.0
100100001000000000000000001010010101,6838,0.11940787812407987,-0.6878429130754004,1.0,0.8
011000110010000001111100011011000000,380,11.92345553857314,11.528249089904335,1.3877787807814457E-16,1.0
000100001110100000000100001001010001,9856,0.5443154730026278,0.022022523735895305,0.20000000000000015,1.0
101000001110000001000100001100000101,6612,0.02981911672570959,-0.6670974743304072,1.0,1.0
101100001100000001000100101100000101,7348,0.20235351466424295,-0.4723113422741474,0.6000000000000001,1.0
111100001000000001000100001110000101,5358,0.2046694662480334,-0.5743813461175871,0.6000000000000001,1.0
001000000000011011001100001111000000,664,12.027470053894849,11.653833940617087,1.3877787807814457E-16,1.0
110100001000000000000100001000010111,7398,11.955523759051788,10.911331473073863,1.3877787807814457E-16,1.0
101010001000000001000100001010010101,7516,0.03718127421479807,-0.7239677883528388,1.0,1.0
010010100101000100110101101010001010,0,11.91176322631276,11.38492140386535,1.3877787807814457E-16,1.0
100010001000001000000100001110010101,992,0.3389688861453359,-0.3784112251430812,0.40000000000000013,1.0
101010001000100001000000001110010101,8762,0.09113022745625514,-0.4830550542581893,0.8,1.0
101100001000000001000101101010011101,5262,0.009441987724196273,-0.5449619390846638,1.0,1.0
000100001000000000000100001010010001,5544,0.20887550697115048,-0.5410061995142365,1.0,0.6000000000000001
101100001110000001000100001010010101,3084,0.09156648520443485,-0.5105421329280682,0.8,1.0
101000001010000011000100001111000101,862,0.018883975448392546,-0.5832246426841102,1.0,1.0
100000001010000110000100001110110101,720,0.21128829199658689,-0.5320322430681163,0.6000000000000001,1.0
101100001000000001000100011110010101,9188,0.3325401991448527,-0.3469661908149588,0.40000000000000013,1.0
