Full Design,NFE,Target Ratio Objective,Stiffness Objective,Feasibility Score,Stability Score
101100001000000001000100101001000101,1618,0.05099262370915706,-0.6667282831429524,1.0,1.0
101000001000000101000101101010001101,3754,0.02896790878635085,-0.6207590411129784,1.0,1.0
101000001000000111000101001010011101,9158,0.021971489294024305,-0.5757715846347758,1.0,1.0
101000001000000101000100101010000101,6286,0.058541675889758164,-0.718808561638583,1.0,1.0
101000001000000101000100101010000101,2454,0.058541675889758164,-0.718808561638583,1.0,1.0
101100001000000001000101101001001101,9664,0.019134240695146427,-0.5755963881095092,1.0,1.0
101100001010000001000101001011001101,5068,0.0,-0.5321342441674862,1.0,1.0
101000001000000101000101101010011101,3588,0.02778474446029736,-0.5920226362842448,1.0,1.0
101100001000000001000101001011001101,2264,0.01646864342103375,-0.5706154278456519,1.0,1.0
101100001000000001000100101000000101,874,0.05677934361918136,-0.6769796195884006,1.0,1.0
101100001000000001000101101010011101,1126,0.012752964523288468,-0.5273067499823855,1.0,1.0
101000001000000101000100101010000101,7734,0.058541675889758164,-0.718808561638583,1.0,1.0
101000001000000101000101101010001101,3314,0.02896790878635085,-0.6207590411129784,1.0,1.0
100000001000000100000100101010010101,5518,0.06428683200212387,-0.7531185803094718,1.0,1.0
101000001010000001000100011000000101,1032,0.11212817786359036,-0.7173134265554946,1.0,0.8
101000001000000101000101101001001101,7150,0.028967908786350836,-0.6036906420694299,1.0,1.0
000001010000010100000101100011101000,0,7.9954398785914735,7.928831615975303,1.3877787807814457E-16,1.0
100000001000000100000100101010010101,9392,0.06428683200212387,-0.7531185803094718,1.0,1.0
101000001000000101000101101010001101,9462,0.02896790878635085,-0.6207590411129784,1.0,1.0
101000001000000101000100101010000101,7098,0.058541675889758164,-0.718808561638583,1.0,1.0
101000001000000101000100101010010101,5266,0.04915546417120757,-0.6727310451327506,1.0,1.0
101000001000000101000101101010011101,9252,0.02778474446029736,-0.5920226362842448,1.0,1.0
101000001000000101000100101010000101,2296,0.058541675889758164,-0.718808561638583,1.0,1.0
101000001000000101000100101010010101,7308,0.04915546417120757,-0.6727310451327506,1.0,1.0
101000001000000101000100101010000101,4904,0.058541675889758164,-0.718808561638583,1.0,1.0
101100001010000001000101101010001101,1802,7.401486830834377E-18,-0.5174804325309701,1.0,1.0
111111101011001111111111110001001101,310,7.932411732278677,7.488555559855966,1.3877787807814457E-16,1.0
101100001000000001000101001011001101,2668,0.01646864342103375,-0.5706154278456519,1.0,1.0
101000001000000101000100101010000101,8434,0.058541675889758164,-0.718808561638583,1.0,1.0
101100001010000001000101001011001101,8958,0.0,-0.5321342441674862,1.0,1.0
101000001000000101000100101010000101,8510,0.058541675889758164,-0.718808561638583,1.0,1.0
101100001000000001000100101000000101,1052,0.05677934361918136,-0.6769796195884006,1.0,1.0
101000001000000101000101101001001101,7104,0.028967908786350836,-0.6036906420694299,1.0,1.0
101100001000000001000101101010001101,1378,0.01342021303555645,-0.5523349172814558,1.0,1.0
101000001000000101000101101010001101,2504,0.02896790878635085,-0.6207590411129784,1.0,1.0
111010100100011001011000010011000110,0,7.9627834869212855,7.632073692294444,1.3877787807814457E-16,0.9
110101111111001010010111010111111111,188,7.945649875097702,7.446100381742906,1.3877787807814457E-16,1.0
110101111111001010010111010111111111,394,7.945649875097702,7.446100381742906,1.3877787807814457E-16,1.0
101000001000000101000101101010001101,6728,0.02896790878635085,-0.6207590411129784,1.0,1.0
100000001000000100000100101010010101,9136,0.06428683200212387,-0.7531185803094718,1.0,1.0
101000001000000101000101101010001101,6780,0.02896790878635085,-0.6207590411129784,1.0,1.0
111110001010000001000101000000011101,742,0.3784529109543601,-0.1834516400376952,0.20000000000000015,1.0
101000001100000101000101101010001101,5536,0.027529020313418744,-0.5847304891954584,1.0,1.0
101000001000000101000101101010011101,6674,0.02778474446029736,-0.5920226362842448,1.0,1.0
101000001000000101000101101010001101,9280,0.02896790878635085,-0.6207590411129784,1.0,1.0
101000001000000101000100101010000101,9964,0.058541675889758164,-0.718808561638583,1.0,1.0
101100000010000001000100011000000100,764,0.10894521836475861,-0.3430975310102543,1.0,0.8
101100001000000001000101001011001101,3564,0.01646864342103375,-0.5706154278456519,1.0,1.0
101000001000000101000100101010010101,5942,0.04915546417120757,-0.6727310451327506,1.0,1.0
110111010011000000000000001100000100,140,7.9954398785914735,7.928831223613004,1.3877787807814457E-16,1.0
101000001000000101000100101010010101,4632,0.04915546417120757,-0.6727310451327506,1.0,1.0
101000001000000101000101101010001101,8880,0.02896790878635085,-0.6207590411129784,1.0,1.0
101100001000000001000100101001010101,718,0.08933167239115873,-0.5743319880479173,0.8,1.0
101000001000000101000100101010000101,4092,0.058541675889758164,-0.718808561638583,1.0,1.0
101100001000000001000101101001001101,7640,0.019134240695146427,-0.5755963881095092,1.0,1.0
101000001000000101000100101010010101,5546,0.04915546417120757,-0.6727310451327506,1.0,1.0
101000001000000101000100101010000101,7830,0.058541675889758164,-0.718808561638583,1.0,1.0
101000001000000101000100101010000101,5586,0.058541675889758164,-0.718808561638583,1.0,1.0
101100001010000001000101101010001101,1716,7.401486830834377E-18,-0.5174804325309701,1.0,1.0
101000001000000101000100101010010101,7028,0.04915546417120757,-0.6727310451327506,1.0,1.0
011100111101011001110011111111011011,0,7.933988826222722,7.547604833812753,1.3877787807814457E-16,1.0
101100001000000001000100101010000101,6420,0.04759900120246822,-0.6427249660257898,1.0,1.0
101100001010000001000101001011001101,4214,0.0,-0.5321342441674862,1.0,1.0
101000001000000101000101101010001101,2868,0.02896790878635085,-0.6207590411129784,1.0,1.0
110111000011011110111101011000011100,0,7.936230963496333,7.528657043996941,1.3877787807814457E-16,1.0
101110001000000001000100101000010101,812,0.04915546417120757,-0.653485245719413,1.0,1.0
111110001000010111011011110001001101,484,7.941898247004478,7.416999177763779,1.3877787807814457E-16,1.0
101000001000000101000100101010000101,5120,0.058541675889758164,-0.718808561638583,1.0,1.0
110010111110011110011111101111011101,196,7.937955401383148,7.470442330172084,1.3877787807814457E-16,1.0
101000001000000101000100101010000101,5836,0.058541675889758164,-0.718808561638583,1.0,1.0
101000001000000101000101101010001101,7064,0.02896790878635085,-0.6207590411129784,1.0,1.0
101000001000000101000100101010010101,2680,0.04915546417120757,-0.6727310451327506,1.0,1.0
101000001000000101000101001010011101,9690,0.02869171863190114,-0.6127990667417597,1.0,1.0
101100001000000001000101101010001101,1798,0.01342021303555645,-0.5523349172814558,1.0,1.0
101110001000000001000100101000010101,1376,0.04915546417120757,-0.653485245719413,1.0,1.0
101000001000000111000101101010001101,5892,0.022323337080113182,-0.5830308146850386,1.0,1.0
101100001000000001000101101010001101,3254,0.01342021303555645,-0.5523349172814558,1.0,1.0
101000001000000101000100101010000101,4978,0.058541675889758164,-0.718808561638583,1.0,1.0
101000001000000101000101101001001101,8902,0.028967908786350836,-0.6036906420694299,1.0,1.0
101000001000000101000101101010001101,4678,0.02896790878635085,-0.6207590411129784,1.0,1.0
101100001000000001000101101010001101,2166,0.01342021303555645,-0.5523349172814558,1.0,1.0
000010000000001000010000110011000010,0,7.998769591674225,7.7797958567093755,1.3877787807814457E-16,0.9
101100001000000001000101001011001101,4142,0.01646864342103375,-0.5706154278456519,1.0,1.0
101100001000000001000100101000010101,9894,0.045308183932197287,-0.6267782481226436,1.0,1.0
101100001000000001000101001010011101,1948,0.013420213035556442,-0.5523349172814556,1.0,1.0
000000100000000000010001000001011000,0,0.2884487496163563,0.2218326438293914,0.6000000000000001,0.6000000000000001
101000001000000101000100101010000101,5264,0.058541675889758164,-0.718808561638583,1.0,1.0
101000001000000101000100101010000101,6452,0.058541675889758164,-0.718808561638583,1.0,1.0
100000001000000100000100101010010101,4830,0.06428683200212387,-0.7531185803094718,1.0,1.0
101000001000000101000100101010000101,9152,0.058541675889758164,-0.718808561638583,1.0,1.0
111110000000011101111111111110111110,468,7.94182645003388,7.454481809673645,1.3877787807814457E-16,1.0
101000001000000101000100101010010101,7532,0.04915546417120757,-0.6727310451327506,1.0,1.0
111011111111001101110111110101001101,486,7.933444677087109,7.493151496715155,1.3877787807814457E-16,1.0
100000001000000100000100101010010101,7632,0.06428683200212387,-0.7531185803094718,1.0,1.0
111101111001111111101111100111001111,124,7.939692965192848,7.520501558291732,1.3877787807814457E-16,1.0
010100010011001010100011011111101010,152,7.9954398785914735,7.928834957042402,1.3877787807814457E-16,1.0
110011111111100100101101111110001101,162,7.936992997522216,7.478011503708268,1.3877787807814457E-16,1.0
101000001000000101000100101010010101,9264,0.04915546417120757,-0.6727310451327506,1.0,1.0
101000001000000101000100101010000101,2548,0.058541675889758164,-0.718808561638583,1.0,1.0
101100001010000001000101001011001101,6514,0.0,-0.5321342441674862,1.0,1.0
101100001000000001000101001010011101,4494,0.013420213035556442,-0.5523349172814556,1.0,1.0
100000001000000100000100101010010101,5712,0.06428683200212387,-0.7531185803094718,1.0,1.0
101000001000000101000100101010010101,6994,0.04915546417120757,-0.6727310451327506,1.0,1.0
101000001000000101000100101010010101,6200,0.04915546417120757,-0.6727310451327506,1.0,1.0
101100001000000001000100101000000101,1338,0.05677934361918136,-0.6769796195884006,1.0,1.0
101100001010000001000101001011001101,6450,0.0,-0.5321342441674862,1.0,1.0
101000001000000101000100101010010101,6638,0.04915546417120757,-0.6727310451327506,1.0,1.0
101100001000000001000101101010011101,1008,0.012752964523288468,-0.5273067499823855,1.0,1.0
101100001010000001000101001011001101,3036,0.0,-0.5321342441674862,1.0,1.0
101100001000000001000101101010001101,1506,0.01342021303555645,-0.5523349172814558,1.0,1.0
100000001000000100000100101010010101,4692,0.06428683200212387,-0.7531185803094718,1.0,1.0
101100001000000001000101101010001101,4820,0.01342021303555645,-0.5523349172814558,1.0,1.0
101000001000000101000100101010000101,8278,0.058541675889758164,-0.718808561638583,1.0,1.0
111110001000000001000100101000000101,496,0.17113628530772224,-0.6344685650399272,0.6000000000000001,1.0
101110001000000001000101101010001101,1702,0.02197148929402432,-0.575771584634776,1.0,1.0
101100001010000001000101001011001101,2346,0.0,-0.5321342441674862,1.0,1.0
101000001000000101000100101010000101,2740,0.058541675889758164,-0.718808561638583,1.0,1.0
101000001000000101000100101010000101,6020,0.058541675889758164,-0.718808561638583,1.0,1.0
101000001000000101000100001010010101,8734,0.058500822715255016,-0.7016466066105524,1.0,1.0
100000001000000100000100101010010101,9734,0.06428683200212387,-0.7531185803094718,1.0,1.0
101000001000000101000101101010001101,3720,0.02896790878635085,-0.6207590411129784,1.0,1.0
101000001000000101000101101010011101,5308,0.02778474446029736,-0.5920226362842448,1.0,1.0
101000001000000101000101101010001101,5462,0.02896790878635085,-0.6207590411129784,1.0,1.0
101000001000000101000100101010010101,7156,0.04915546417120757,-0.6727310451327506,1.0,1.0
101100001000000001000101101010001101,1384,0.01342021303555645,-0.5523349172814558,1.0,1.0
101000001000000101000101101010001101,4150,0.02896790878635085,-0.6207590411129784,1.0,1.0
101000001000000101000100101010000101,3402,0.058541675889758164,-0.718808561638583,1.0,1.0
111110001000001011111001011101101101,600,7.938932986276707,7.456664209533827,1.3877787807814457E-16,1.0
101000001000000101000100101010010101,4964,0.04915546417120757,-0.6727310451327506,1.0,1.0
101000001000000101000100101010010101,7478,0.04915546417120757,-0.6727310451327506,1.0,1.0
101000001000000101000100101010010101,4358,0.04915546417120757,-0.6727310451327506,1.0,1.0
101100001000000001000100101000000101,1300,0.05677934361918136,-0.6769796195884006,1.0,1.0
101100001000000001000101000000011101,726,0.022878745280337558,-0.40094607745379063,1.0,0.9
101100001000000001000101101000011101,1004,0.020199313434984843,-0.5452462465515736,1.0,1.0
111100001011110101000011011001001111,336,7.953778302803573,7.350438665553045,1.3877787807814457E-16,1.0
101000001000000101000101101010001101,6752,0.02896790878635085,-0.6207590411129784,1.0,1.0
101000001000000101000100101010010101,8772,0.04915546417120757,-0.6727310451327506,1.0,1.0
101000001000000101000101101010001101,7230,0.02896790878635085,-0.6207590411129784,1.0,1.0
101000001000000101000101101010001101,5502,0.02896790878635085,-0.6207590411129784,1.0,1.0
111111101011101111110111100000101111,368,7.94278415358124,7.461005213462374,1.3877787807814457E-16,1.0
101100001000000001000101101010001101,8824,0.01342021303555645,-0.5523349172814558,1.0,1.0
111000001100111111110111100010111111,162,7.939756151977474,7.446748121458652,1.3877787807814457E-16,1.0
101000001000000111000101101010001101,2844,0.022323337080113182,-0.5830308146850386,1.0,1.0
101000001000000101000101101010001101,9638,0.02896790878635085,-0.6207590411129784,1.0,1.0
110100001011101100111111100111001111,196,7.942394890863387,7.468651286728476,1.3877787807814457E-16,1.0
101100001000000001000101101001001101,7518,0.019134240695146427,-0.5755963881095092,1.0,1.0
101000001000000101000100101010010101,9324,0.04915546417120757,-0.6727310451327506,1.0,1.0
101100001000000001000100101000010101,832,0.045308183932197287,-0.6267782481226436,1.0,1.0
101000001000000101000100001010010101,6736,0.058500822715255016,-0.7016466066105524,1.0,1.0
101000001000000101000100101010010101,4226,0.04915546417120757,-0.6727310451327506,1.0,1.0
101110001000000001000100101000000101,1012,0.05850082271525501,-0.6794006998092108,1.0,1.0
101100001000000001000101101010001101,1790,0.01342021303555645,-0.5523349172814558,1.0,1.0
101100001000000001000100101001000101,1472,0.05099262370915706,-0.6667282831429524,1.0,1.0
101110001000000001000101101000001101,1496,0.028691718631901134,-0.5959495352618653,1.0,1.0
101000001000000101000100101010000101,6240,0.058541675889758164,-0.718808561638583,1.0,1.0
101000001000000101000100101010010101,8792,0.04915546417120757,-0.6727310451327506,1.0,1.0
101110001000000001000101101010001101,1636,0.02197148929402432,-0.575771584634776,1.0,1.0
101000001000000101000100101010000101,4170,0.058541675889758164,-0.718808561638583,1.0,1.0
101000001000000101000101101010001101,4040,0.02896790878635085,-0.6207590411129784,1.0,1.0
101100001010000001000101001001001101,7762,0.01646864342103375,-0.5706154278456519,1.0,1.0
101100001000000001000101001011001101,4690,0.01646864342103375,-0.5706154278456519,1.0,1.0
101110001000000001000101101000011101,820,0.02778474446029736,-0.5771413849573542,1.0,1.0
101000001000000101000101101010001101,4414,0.02896790878635085,-0.6207590411129784,1.0,1.0
100110001000000000000100101000010101,1260,0.06428683200212386,-0.7281198453903827,1.0,1.0
101100001000000001000101001011001101,4256,0.01646864342103375,-0.5706154278456519,1.0,1.0
101100001000000001000100001000010101,880,0.05677934361918136,-0.6769796195884005,1.0,1.0
101000001000000101000100101010000101,3276,0.058541675889758164,-0.718808561638583,1.0,1.0
101110001000000001000101101000011101,860,0.02778474446029736,-0.5771413849573542,1.0,1.0
100000001000000100000100101010010101,9568,0.06428683200212387,-0.7531185803094718,1.0,1.0
101110001000000001000100101100010101,912,0.09461224131631116,-0.5855517355123039,0.8,1.0
101000001000000101000101101010001101,2962,0.02896790878635085,-0.6207590411129784,1.0,1.0
101000001000000111000100101010010101,5978,0.042197923345997465,-0.6288265802099167,1.0,1.0
100000001000000100000100101010010101,7780,0.06428683200212387,-0.7531185803094718,1.0,1.0
001100001000010001000100011000000001,714,0.36930627387254517,0.014871301838355722,0.20000000000000015,1.0
110010001001110000110111101111111111,224,7.968945551683411,7.367915617614506,1.3877787807814457E-16,1.0
101110001000000001000100101000000101,992,0.05850082271525501,-0.6794006998092108,1.0,1.0
101000001000000101000100101010000101,3484,0.058541675889758164,-0.718808561638583,1.0,1.0
101000001000000101000101101010001101,4712,0.02896790878635085,-0.6207590411129784,1.0,1.0
101000001000000101000100101010010101,5238,0.04915546417120757,-0.6727310451327506,1.0,1.0
101100001000000001000100101000000101,1344,0.05677934361918136,-0.6769796195884006,1.0,1.0
101100001000000001000101001010011101,5464,0.013420213035556442,-0.5523349172814556,1.0,1.0
101000001000000101000100101010010101,6490,0.04915546417120757,-0.6727310451327506,1.0,1.0
101000001000000101000101101010001101,3728,0.02896790878635085,-0.6207590411129784,1.0,1.0
101000001000000101000100101010010101,5142,0.04915546417120757,-0.6727310451327506,1.0,1.0
000001011100000100000000010100000001,0,8.072890858584344,8.006280256773072,1.3877787807814457E-16,0.7000000000000001
101000001000000101000100101010010101,8986,0.04915546417120757,-0.6727310451327506,1.0,1.0
101100001000000001000101101010001101,1522,0.01342021303555645,-0.5523349172814558,1.0,1.0
101110001000000001000101101000001101,960,0.028691718631901134,-0.5959495352618653,1.0,1.0
101100001000000001010100101000010101,812,0.08010055316311848,-0.48854344449353676,0.8,1.0
101000001000000101000100101010000101,3474,0.058541675889758164,-0.718808561638583,1.0,1.0
101000001000000101000100001010010101,7318,0.058500822715255016,-0.7016466066105524,1.0,1.0
101000001000000101000100101010000101,9720,0.058541675889758164,-0.718808561638583,1.0,1.0
101000001000000101000100101010010101,6472,0.04915546417120757,-0.6727310451327506,1.0,1.0
110101111001110110011011110001001101,222,7.929053556538649,7.515259673856227,1.3877787807814457E-16,1.0
111111111111100111111111000110111111,274,7.928917815962746,7.49670438807406,1.3877787807814457E-16,1.0
101000001000000101000100101010010101,7038,0.04915546417120757,-0.6727310451327506,1.0,1.0
101100001000000001000101101010001101,2452,0.01342021303555645,-0.5523349172814558,1.0,1.0
101000001000000101000100101010010101,9704,0.04915546417120757,-0.6727310451327506,1.0,1.0
111100001011101111010110111110110101,306,7.955622774030419,7.392677014319287,1.3877787807814457E-16,1.0
101100001000000001000101101001001101,8650,0.019134240695146427,-0.5755963881095092,1.0,1.0
111110001000011111001111101011001101,450,7.940464051687508,7.398898469752183,1.3877787807814457E-16,1.0
111100001100110101100100011111000101,0,7.96708423724819,7.393956542492197,1.3877787807814457E-16,1.0
101000001000000101000100101010000101,9798,0.058541675889758164,-0.718808561638583,1.0,1.0
101000001000000101000100101010000101,3520,0.058541675889758164,-0.718808561638583,1.0,1.0
101000001000000101000100101010010101,7418,0.04915546417120757,-0.6727310451327506,1.0,1.0
101000001000000101000101101010001101,5852,0.02896790878635085,-0.6207590411129784,1.0,1.0
101100001000000001000101101010001101,1302,0.01342021303555645,-0.5523349172814558,1.0,1.0
101100001010000001000100011000000101,708,0.06376483791786379,-0.7016466066105528,1.0,1.0
101000001000000101000100001010000101,2230,0.08954541194700422,-0.7428896877791852,1.0,0.9
101000001000000101000100101010010101,7412,0.04915546417120757,-0.6727310451327506,1.0,1.0
101100001000000001000101101010001101,4136,0.01342021303555645,-0.5523349172814558,1.0,1.0
101000001000000101000101101010001101,7686,0.02896790878635085,-0.6207590411129784,1.0,1.0
101100001000000001000101101011001101,9494,0.015851324003281694,-0.5378341394332733,1.0,1.0
111110111101111011001111100110011111,252,7.935661355376075,7.511759579192052,1.3877787807814457E-16,1.0
101000001000000101000100101010000101,1730,0.058541675889758164,-0.718808561638583,1.0,1.0
101000001000000101000100101010010101,5942,0.04915546417120757,-0.6727310451327506,1.0,1.0
101000001000000101000101101010001101,2110,0.02896790878635085,-0.6207590411129784,1.0,1.0
101100001000000001000101101001001101,6710,0.019134240695146427,-0.5755963881095092,1.0,1.0
101000001000000101000100101010000101,4148,0.058541675889758164,-0.718808561638583,1.0,1.0
101100001010000001000100000000010101,858,0.05210562531988267,-0.4596866416365598,1.0,1.0
101000001000000101000101101010001101,2408,0.02896790878635085,-0.6207590411129784,1.0,1.0
101111011110110111011011110100001111,254,7.931653972241552,7.501915704419998,1.3877787807814457E-16,1.0
101100001000000001000100101000010101,776,0.045308183932197287,-0.6267782481226436,1.0,1.0
101000001000000101000101001010011101,3712,0.02869171863190114,-0.6127990667417597,1.0,1.0
101000001000000101000101101010011101,5396,0.02778474446029736,-0.5920226362842448,1.0,1.0
101000001000000101000101101010011101,5520,0.02778474446029736,-0.5920226362842448,1.0,1.0
101100001010000001000101001011001101,7706,0.0,-0.5321342441674862,1.0,1.0
101000001000000101000100101010010101,8384,0.04915546417120757,-0.6727310451327506,1.0,1.0
101000001000000101000100101010010101,9868,0.04915546417120757,-0.6727310451327506,1.0,1.0
010101010111110010001110110111110010,156,7.929589003033323,7.511513701238025,1.3877787807814457E-16,1.0
101000001000000101000101101001001101,7122,0.028967908786350836,-0.6036906420694299,1.0,1.0
101000001000000101000101101010011101,4446,0.02778474446029736,-0.5920226362842448,1.0,1.0
101000001000000111000101101010001101,5932,0.022323337080113182,-0.5830308146850386,1.0,1.0
101000001000000101000101001010011101,8216,0.02869171863190114,-0.6127990667417597,1.0,1.0
101000001000000101000101101010001101,5356,0.02896790878635085,-0.6207590411129784,1.0,1.0
101000001000000101000100101010000101,7218,0.058541675889758164,-0.718808561638583,1.0,1.0
101100001000000001000101101010001101,2576,0.01342021303555645,-0.5523349172814558,1.0,1.0
101000001000000101000100101010000101,6196,0.058541675889758164,-0.718808561638583,1.0,1.0
101000001000000101000100101010010101,2986,0.04915546417120757,-0.6727310451327506,1.0,1.0
101000001000000101000100101010010101,4588,0.04915546417120757,-0.6727310451327506,1.0,1.0
101000001000000101000100001010010101,7092,0.058500822715255016,-0.7016466066105524,1.0,1.0
100000001000000100000100101010010101,9914,0.06428683200212387,-0.7531185803094718,1.0,1.0
101100001000000001000100011000000101,704,0.11212817786359036,-0.6900873316731636,1.0,0.8
101000001000000101000100101010010101,7340,0.04915546417120757,-0.6727310451327506,1.0,1.0
101000001000000101000101101010001101,4504,0.02896790878635085,-0.6207590411129784,1.0,1.0
101000001000000101000100101010010101,6142,0.04915546417120757,-0.6727310451327506,1.0,1.0
101100001010000001000101101010001101,1702,7.401486830834377E-18,-0.5174804325309701,1.0,1.0
101100001000000001000101101010001101,6788,0.01342021303555645,-0.5523349172814558,1.0,1.0
011011111111101011010110010111110011,122,7.936374413199897,7.522375160357034,1.3877787807814457E-16,1.0
101000001000000101000100101010010101,7676,0.04915546417120757,-0.6727310451327506,1.0,1.0
101000001000000101000101101010001101,5794,0.02896790878635085,-0.6207590411129784,1.0,1.0
101110001000000001000100101000000101,1066,0.05850082271525501,-0.6794006998092108,1.0,1.0
101000001000000101000100101010010101,8128,0.04915546417120757,-0.6727310451327506,1.0,1.0
101100001010000001000100011000000101,1060,0.06376483791786379,-0.7016466066105528,1.0,1.0
101100001000000001000101001011001101,3640,0.01646864342103375,-0.5706154278456519,1.0,1.0
101000001000000101000100101010000101,4660,0.058541675889758164,-0.718808561638583,1.0,1.0
001110000001001011010010011110110000,0,7.963323452182075,7.540545311324963,1.3877787807814457E-16,1.0
101000001000000101000101101010011101,6886,0.02778474446029736,-0.5920226362842448,1.0,1.0
101100001010000001000101001011001101,9160,0.0,-0.5321342441674862,1.0,1.0
101000001000000101000100101010010101,5138,0.04915546417120757,-0.6727310451327506,1.0,1.0
101000001000000101000100101010010101,5662,0.04915546417120757,-0.6727310451327506,1.0,1.0
101000001000000111000101001011001101,8766,0.024243214018406397,-0.5779812855909758,1.0,1.0
101100001000000001000100101000000101,734,0.05677934361918136,-0.6769796195884006,1.0,1.0
101000001000000101000100101010000101,4056,0.058541675889758164,-0.718808561638583,1.0,1.0
101000001000000101000100101010010101,9880,0.04915546417120757,-0.6727310451327506,1.0,1.0
111000001100110101100101110110001101,142,7.938412636848558,7.4954935440769574,1.3877787807814457E-16,1.0
101000001000000101000100101010000101,5228,0.058541675889758164,-0.718808561638583,1.0,1.0
101000001000000101000100101010010101,7966,0.04915546417120757,-0.6727310451327506,1.0,1.0
101100001000000001000100101000000101,1432,0.05677934361918136,-0.6769796195884006,1.0,1.0
101000001000000101000100101010010101,6646,0.04915546417120757,-0.6727310451327506,1.0,1.0
101100001000000001000101001011001101,4314,0.01646864342103375,-0.5706154278456519,1.0,1.0
101100001000000001000101101010001101,2008,0.01342021303555645,-0.5523349172814558,1.0,1.0
101100001000000001000100101000010101,944,0.045308183932197287,-0.6267782481226436,1.0,1.0
101100001000000001000101001011001101,4814,0.01646864342103375,-0.5706154278456519,1.0,1.0
101000001000000101000100101010010101,5446,0.04915546417120757,-0.6727310451327506,1.0,1.0
101000001000000101000101101010001101,3948,0.02896790878635085,-0.6207590411129784,1.0,1.0
101000001000000101000100101010010101,8790,0.04915546417120757,-0.6727310451327506,1.0,1.0
101000001000000101000100101010010101,8900,0.04915546417120757,-0.6727310451327506,1.0,1.0
101000001000000101000100101010010101,2354,0.04915546417120757,-0.6727310451327506,1.0,1.0
101000001000000111000101101010001101,9924,0.022323337080113182,-0.5830308146850386,1.0,1.0
101110001000000001000101101000001101,1340,0.028691718631901134,-0.5959495352618653,1.0,1.0
101000001000000101000101101010001101,3258,0.02896790878635085,-0.6207590411129784,1.0,1.0
011011111111101011110111110110111001,180,7.949226195004792,7.5763529504571485,1.3877787807814457E-16,1.0
101000001000000101000100101010010101,5420,0.04915546417120757,-0.6727310451327506,1.0,1.0
101000001000000101000100101010010101,5588,0.04915546417120757,-0.6727310451327506,1.0,1.0
101000001000000101000101101010001101,9582,0.02896790878635085,-0.6207590411129784,1.0,1.0
101000001000000101000101101010001101,8682,0.02896790878635085,-0.6207590411129784,1.0,1.0
101000001000000101000100101010010101,8814,0.04915546417120757,-0.6727310451327506,1.0,1.0
101000001000000101000100101010010101,2414,0.04915546417120757,-0.6727310451327506,1.0,1.0
101100001010000001000101001011001101,4590,0.0,-0.5321342441674862,1.0,1.0
101000001000000101000100101010000101,9660,0.058541675889758164,-0.718808561638583,1.0,1.0
101100001000000001000101101010011101,1190,0.012752964523288468,-0.5273067499823855,1.0,1.0
111011000000010011011001001011111110,0,7.96584518775479,7.604071205761571,1.3877787807814457E-16,1.0
111111101011001111111111100010111111,116,7.931059122498592,7.472645832574064,1.3877787807814457E-16,1.0
101100001010000001100101000000011101,792,0.19897000433601872,-0.17435347859583003,0.40000000000000013,1.0
110010110110110110011111111111101110,192,7.940184265524324,7.503772357396725,1.3877787807814457E-16,1.0
100000001000000100000100101010010101,8708,0.06428683200212387,-0.7531185803094718,1.0,1.0
101100001000000001000101101010001101,1990,0.01342021303555645,-0.5523349172814558,1.0,1.0
101100001000000001000000010001000101,738,0.20571561116255285,-0.4896565832263803,1.0,0.5000000000000001
101000001000000101000100101010010101,5540,0.04915546417120757,-0.6727310451327506,1.0,1.0
111110001000000001000100101000000101,636,0.17113628530772224,-0.6344685650399272,0.6000000000000001,1.0
101100001000000001000100101010000101,1344,0.04759900120246822,-0.6427249660257898,1.0,1.0
110111111111101110110111101110011111,158,7.943311962473417,7.456120809435008,1.3877787807814457E-16,1.0
101000001000000101000100101010010101,8432,0.04915546417120757,-0.6727310451327506,1.0,1.0
101000001000000101000100101010010101,9920,0.04915546417120757,-0.6727310451327506,1.0,1.0
100000001000000100000100101010010101,2734,0.06428683200212387,-0.7531185803094718,1.0,1.0
101000001000000101000100101010010101,4038,0.04915546417120757,-0.6727310451327506,1.0,1.0
101000001000000101000100101010000101,5950,0.058541675889758164,-0.718808561638583,1.0,1.0
101000001000000101000100101010010101,5868,0.04915546417120757,-0.6727310451327506,1.0,1.0
101000001000000101000100101010010101,6300,0.04915546417120757,-0.6727310451327506,1.0,1.0
101000001000000101000100101010010101,5768,0.04915546417120757,-0.6727310451327506,1.0,1.0
101110001000000001000100001000010101,2082,0.05854167588975816,-0.6960185301333156,1.0,1.0
101000001000000101000101101010001101,6218,0.02896790878635085,-0.6207590411129784,1.0,1.0
111110001001011101111111111110111111,454,7.950277686669088,7.396407854352916,1.3877787807814457E-16,1.0
101100001010000001000101101010001101,2146,7.401486830834377E-18,-0.5174804325309701,1.0,1.0
100000001000000100000100101010010101,9560,0.06428683200212387,-0.7531185803094718,1.0,1.0
101000001000000101000100101010010101,9108,0.04915546417120757,-0.6727310451327506,1.0,1.0
101100001010000001000101001011001101,4674,0.0,-0.5321342441674862,1.0,1.0
101000001000000101000100101010000101,5958,0.058541675889758164,-0.718808561638583,1.0,1.0
101000001000000111000101101010001101,1972,0.022323337080113182,-0.5830308146850386,1.0,1.0
101000001000000101000100101010000101,7882,0.058541675889758164,-0.718808561638583,1.0,1.0
101000001000000101000101101010001101,9018,0.02896790878635085,-0.6207590411129784,1.0,1.0
101100001000000001000101101010001101,1892,0.01342021303555645,-0.5523349172814558,1.0,1.0
100000101010000000010000000000000101,204,0.26557000433601874,0.1989541902801049,1.0,0.40000000000000013
111110001000000001000100101001000101,522,0.16698320568775157,-0.6209811930288038,0.6000000000000001,1.0
001010000000000001000100101000000000,678,0.26557000433601874,0.1989504242869924,1.0,0.40000000000000013
101100001000000001000101101010001101,1510,0.01342021303555645,-0.5523349172814558,1.0,1.0
101100001000000001000100101000010101,666,0.045308183932197287,-0.6267782481226436,1.0,1.0
101000001000000101000100101010010101,7820,0.04915546417120757,-0.6727310451327506,1.0,1.0
001101000011000111011101110110001000,0,8.066338815699819,7.729629941654439,1.3877787807814457E-16,1.0
101100001010000001000101001011001101,4058,0.0,-0.5321342441674862,1.0,1.0
101000001000000101000100101010010101,6012,0.04915546417120757,-0.6727310451327506,1.0,1.0
100000001000000100000100101010010101,9906,0.06428683200212387,-0.7531185803094718,1.0,1.0
101000001000000101000100101010000101,3976,0.058541675889758164,-0.718808561638583,1.0,1.0
101100001000000001000100101000000101,1160,0.05677934361918136,-0.6769796195884006,1.0,1.0
111111111100111111000111101101111111,240,7.942504534024754,7.429169185483122,1.3877787807814457E-16,1.0
101100001010000001000101001011001101,7658,0.0,-0.5321342441674862,1.0,1.0
110111111001110110111111010110011111,226,7.937770940056892,7.482038589481538,1.3877787807814457E-16,1.0
101110001000000001000100101000000101,1020,0.05850082271525501,-0.6794006998092108,1.0,1.0
101000001000000101000101101010011101,4866,0.02778474446029736,-0.5920226362842448,1.0,1.0
101100001000000001000101101001001101,5698,0.019134240695146427,-0.5755963881095092,1.0,1.0
110100111111111110011001111100011101,0,7.932578500384827,7.542888798925711,1.3877787807814457E-16,1.0
101000001000000101000101101010001101,7256,0.02896790878635085,-0.6207590411129784,1.0,1.0
100000001000000100000100101010010101,5874,0.06428683200212387,-0.7531185803094718,1.0,1.0
101100001000000001000100101000000101,672,0.05677934361918136,-0.6769796195884006,1.0,1.0
101000001000000101000100101010000101,5716,0.058541675889758164,-0.718808561638583,1.0,1.0
100000001000000100000100101010010101,7484,0.06428683200212387,-0.7531185803094718,1.0,1.0
100000001000000110000100101010010101,6450,0.056610515038364694,-0.694265051841163,1.0,1.0
101000001000000101000100101010010101,6578,0.04915546417120757,-0.6727310451327506,1.0,1.0
101000001000000101000100101010010101,6652,0.04915546417120757,-0.6727310451327506,1.0,1.0
101100001000000001000100101000010101,754,0.045308183932197287,-0.6267782481226436,1.0,1.0
101100001010000011000100011000000101,952,0.06383362393643112,-0.6464175340932478,1.0,1.0
101000001000000101000101101010001101,6740,0.02896790878635085,-0.6207590411129784,1.0,1.0
101000001000000101000101101010001101,3928,0.02896790878635085,-0.6207590411129784,1.0,1.0
101000001000000101000100101010000101,9242,0.058541675889758164,-0.718808561638583,1.0,1.0
101000001000000101000100101010000101,6808,0.058541675889758164,-0.718808561638583,1.0,1.0
101110001000000001000101001010011101,7750,0.022323337080113196,-0.5830308146850387,1.0,1.0
101100001000000001000101101000001101,1294,0.021295159205162516,-0.5742030674696166,1.0,1.0
101000001000000101000100101010010101,6396,0.04915546417120757,-0.6727310451327506,1.0,1.0
101100001000010001000100101000000101,706,0.2343510693202683,-0.3724659483623859,0.40000000000000013,1.0
101000001000000101000100101010000101,9286,0.058541675889758164,-0.718808561638583,1.0,1.0
111110001000000001000100101000000101,432,0.17113628530772224,-0.6344685650399272,0.6000000000000001,1.0
101000001000000101000100001010010101,3882,0.058500822715255016,-0.7016466066105524,1.0,1.0
101100001000000001000100101001010101,748,0.08933167239115873,-0.5743319880479173,0.8,1.0
101110001000000001000101101000001101,1056,0.028691718631901134,-0.5959495352618653,1.0,1.0
101000001000000101000100101010010101,5128,0.04915546417120757,-0.6727310451327506,1.0,1.0
101000001000000101000100101010010101,5720,0.04915546417120757,-0.6727310451327506,1.0,1.0
101000001000000101000100101010010101,2730,0.04915546417120757,-0.6727310451327506,1.0,1.0
101000001000000101000100101010010101,8220,0.04915546417120757,-0.6727310451327506,1.0,1.0
101100001000000001000101001011001101,2476,0.01646864342103375,-0.5706154278456519,1.0,1.0
110010111110011110011110110111110101,0,7.945048871209781,7.443449147662793,1.3877787807814457E-16,1.0
111000001100111111110111100010111101,492,7.931456592476742,7.48568639347173,1.3877787807814457E-16,1.0
101110001000000001000100101010010101,1126,0.042197923345997465,-0.6288265802099167,1.0,1.0
101000001000000101000100101010000101,4432,0.058541675889758164,-0.718808561638583,1.0,1.0
101000001000000101000100101010000101,5176,0.058541675889758164,-0.718808561638583,1.0,1.0
101000001000000101000100101010010101,9706,0.04915546417120757,-0.6727310451327506,1.0,1.0
101100001000000001000101001011001101,4282,0.01646864342103375,-0.5706154278456519,1.0,1.0
101000001000000101000100101010010101,6050,0.04915546417120757,-0.6727310451327506,1.0,1.0
101100001000000001000101101010001101,1452,0.01342021303555645,-0.5523349172814558,1.0,1.0
101000001000000101000100101010000101,4482,0.058541675889758164,-0.718808561638583,1.0,1.0
100000001000000100000100101010010101,2396,0.06428683200212387,-0.7531185803094718,1.0,1.0
101100001010000001000101001011001101,6484,0.0,-0.5321342441674862,1.0,1.0
101000001000000101000101101010001101,5514,0.02896790878635085,-0.6207590411129784,1.0,1.0
101000001000000101000101101010011101,8808,0.02778474446029736,-0.5920226362842448,1.0,1.0
101000001000000101000100101010010101,8072,0.04915546417120757,-0.6727310451327506,1.0,1.0
101000001000000101000101101010001101,8796,0.02896790878635085,-0.6207590411129784,1.0,1.0
101000001000000101000101101010011101,2970,0.02778474446029736,-0.5920226362842448,1.0,1.0
101000001000000101000101101010001101,4634,0.02896790878635085,-0.6207590411129784,1.0,1.0
101000001000000101000100101010010101,7994,0.04915546417120757,-0.6727310451327506,1.0,1.0
101000001000000101000101101010011101,3690,0.02778474446029736,-0.5920226362842448,1.0,1.0
101100001000000001000101001011001101,9874,0.01646864342103375,-0.5706154278456519,1.0,1.0
101000001000000101000101101010011101,4004,0.02778474446029736,-0.5920226362842448,1.0,1.0
101000001000000101000100101010010101,8768,0.04915546417120757,-0.6727310451327506,1.0,1.0
101000001000000101000100101010010101,7872,0.04915546417120757,-0.6727310451327506,1.0,1.0
101000001000000101000101101010011101,1254,0.02778474446029736,-0.5920226362842448,1.0,1.0
101000001000000101000101101010001101,4870,0.02896790878635085,-0.6207590411129784,1.0,1.0
101000001000000101000100101010000101,9578,0.058541675889758164,-0.718808561638583,1.0,1.0
101100001000000001000101101010001101,2174,0.01342021303555645,-0.5523349172814558,1.0,1.0
101000001000000011000101001011001101,3000,0.016208599629940167,-0.5549019286897723,1.0,1.0
101000001000000101000100101010010101,4132,0.04915546417120757,-0.6727310451327506,1.0,1.0
100000001000000100000100101010010101,5086,0.06428683200212387,-0.7531185803094718,1.0,1.0
111100001000000101111001011110111101,378,7.947066312268087,7.425381774858683,1.3877787807814457E-16,1.0
101000001000000101000100001010010101,6764,0.058500822715255016,-0.7016466066105524,1.0,1.0
101100001000000001000100101000010101,736,0.045308183932197287,-0.6267782481226436,1.0,1.0
101000001000000101000100101010000101,6124,0.058541675889758164,-0.718808561638583,1.0,1.0
101100001000000001000100101000010101,668,0.045308183932197287,-0.6267782481226436,1.0,1.0
101110001000000001000100101000010101,1024,0.04915546417120757,-0.653485245719413,1.0,1.0
010111011111000100011001111110111001,148,7.935098353589857,7.519642817521218,1.3877787807814457E-16,1.0
100100001011111100110101010111111111,0,7.937424988605087,7.513079115026794,1.3877787807814457E-16,1.0
101100001010000001000101001011001101,7610,0.0,-0.5321342441674862,1.0,1.0
101000001000000101000101101010001101,8870,0.02896790878635085,-0.6207590411129784,1.0,1.0
101000001000000101000100101010010101,4766,0.04915546417120757,-0.6727310451327506,1.0,1.0
101100001000000001000100101000010101,2320,0.045308183932197287,-0.6267782481226436,1.0,1.0
101000001000000101000100101010000101,6732,0.058541675889758164,-0.718808561638583,1.0,1.0
101000001000000101000100101010010101,3340,0.04915546417120757,-0.6727310451327506,1.0,1.0
101000001000000101000100101010010101,4538,0.04915546417120757,-0.6727310451327506,1.0,1.0
101000001000000101000100101010000101,8876,0.058541675889758164,-0.718808561638583,1.0,1.0
011100001001110001110111101111111011,348,7.932690336285563,7.514333727954285,1.3877787807814457E-16,1.0
111101111001111101111111111111111111,248,7.930483993429837,7.485175047175555,1.3877787807814457E-16,1.0
101100001000000001000100101000010101,974,0.045308183932197287,-0.6267782481226436,1.0,1.0
110010111110110110011110100010110111,216,7.947405205831318,7.4217898533684625,1.3877787807814457E-16,1.0
101100001000000001000101001011001101,3112,0.01646864342103375,-0.5706154278456519,1.0,1.0
101000001000000101000101101010001101,5612,0.02896790878635085,-0.6207590411129784,1.0,1.0
101000001000000101000100101010000101,2100,0.058541675889758164,-0.718808561638583,1.0,1.0
101000001000000101000101101010001101,5384,0.02896790878635085,-0.6207590411129784,1.0,1.0
100000001000000100000100101010010101,9280,0.06428683200212387,-0.7531185803094718,1.0,1.0
000010000000000000000011010000001000,318,0.1440509799928716,0.07743329934085989,1.0,0.7000000000000001
101100001000000001000101101001001101,10000,0.019134240695146427,-0.5755963881095092,1.0,1.0
101100001010000001000101001011001101,4006,0.0,-0.5321342441674862,1.0,1.0
101000001000000101000100101010000101,3974,0.058541675889758164,-0.718808561638583,1.0,1.0
100000001000000100000100101010010101,7262,0.06428683200212387,-0.7531185803094718,1.0,1.0
101000001000000101000100101010010101,5512,0.04915546417120757,-0.6727310451327506,1.0,1.0
101100001000000001000100011000000101,708,0.11212817786359036,-0.6900873316731636,1.0,0.8
101000001000000101000101101010001101,8734,0.02896790878635085,-0.6207590411129784,1.0,1.0
101000001000000101000100101010000101,6474,0.058541675889758164,-0.718808561638583,1.0,1.0
101000001000000111000101101010001101,6998,0.022323337080113182,-0.5830308146850386,1.0,1.0
101000001000000101000100101010000101,8300,0.058541675889758164,-0.718808561638583,1.0,1.0
110001010100111010101111100111001110,166,7.946886702341159,7.608706086154075,1.3877787807814457E-16,1.0
101100001000000001000101001010011101,4580,0.013420213035556442,-0.5523349172814556,1.0,1.0
101110001000000001000100101000010101,2258,0.04915546417120757,-0.653485245719413,1.0,1.0
101100001010000001000101001001001101,9664,0.01646864342103375,-0.5706154278456519,1.0,1.0
101000001000000101000100101010000101,9796,0.058541675889758164,-0.718808561638583,1.0,1.0
110101010110010110110110001110110110,198,7.942003709692338,7.5274299655770776,1.3877787807814457E-16,1.0
111011101011001111011111110100001111,340,7.937211618014908,7.449300321286299,1.3877787807814457E-16,1.0
101000001000000101000100101010010101,8272,0.04915546417120757,-0.6727310451327506,1.0,1.0
101000001000000101000101101010001101,6360,0.02896790878635085,-0.6207590411129784,1.0,1.0
101000001000000101000100101010000101,7162,0.058541675889758164,-0.718808561638583,1.0,1.0
101000001000000101000100101010010101,3534,0.04915546417120757,-0.6727310451327506,1.0,1.0
101100001000000001000101101010011101,1144,0.012752964523288468,-0.5273067499823855,1.0,1.0
101000001000000101000100101010000101,4894,0.058541675889758164,-0.718808561638583,1.0,1.0
101000001000000101000100101010000101,7570,0.058541675889758164,-0.718808561638583,1.0,1.0
101000001000000101000100101010000101,6078,0.058541675889758164,-0.718808561638583,1.0,1.0
101000001000000101000100101010010101,7582,0.04915546417120757,-0.6727310451327506,1.0,1.0
101100001000000001000100101010000101,3034,0.04759900120246822,-0.6427249660257898,1.0,1.0
101000001000000101000100101010000101,3722,0.058541675889758164,-0.718808561638583,1.0,1.0
101100001000000001000101001011001101,3888,0.01646864342103375,-0.5706154278456519,1.0,1.0
101100001000000001000101001011001101,3932,0.01646864342103375,-0.5706154278456519,1.0,1.0
101000001000000101000100101010000101,6300,0.058541675889758164,-0.718808561638583,1.0,1.0
101100001000000001000101101010011101,1214,0.012752964523288468,-0.5273067499823855,1.0,1.0
101100001000000001000101101010001101,3826,0.01342021303555645,-0.5523349172814558,1.0,1.0
101000001000000101000100101010000101,5128,0.058541675889758164,-0.718808561638583,1.0,1.0
101000001000000101000100101010000101,7332,0.058541675889758164,-0.718808561638583,1.0,1.0
101100001000000001000101101010011101,1088,0.012752964523288468,-0.5273067499823855,1.0,1.0
101000001000000101000100101010000101,6890,0.058541675889758164,-0.718808561638583,1.0,1.0
101100001000000001000101101010001101,4104,0.01342021303555645,-0.5523349172814558,1.0,1.0
101000001000000101000100101010010101,9244,0.04915546417120757,-0.6727310451327506,1.0,1.0
101000001000000111000101001011001101,9814,0.024243214018406397,-0.5779812855909758,1.0,1.0
101110001000000001000101101000001101,938,0.028691718631901134,-0.5959495352618653,1.0,1.0
101000001000000101000100101010000101,3362,0.058541675889758164,-0.718808561638583,1.0,1.0
101000001000000101000101101010001101,3248,0.02896790878635085,-0.6207590411129784,1.0,1.0
101000001000000101000100101010010101,7780,0.04915546417120757,-0.6727310451327506,1.0,1.0
101100001000000001000100101000000101,808,0.05677934361918136,-0.6769796195884006,1.0,1.0
101000001000000101000100101010010101,4654,0.04915546417120757,-0.6727310451327506,1.0,1.0
101000001000000101000100101010010101,6738,0.04915546417120757,-0.6727310451327506,1.0,1.0
101000001000000101000100101010010101,9530,0.04915546417120757,-0.6727310451327506,1.0,1.0
101100001000000001000100101000000101,1454,0.05677934361918136,-0.6769796195884006,1.0,1.0
101100001000000001000100001010010101,6766,0.04759900120246822,-0.6427249660257894,1.0,1.0
101000001000000111000100101010010101,5554,0.042197923345997465,-0.6288265802099167,1.0,1.0
001111111110111111000111100011011001,116,7.975954307360711,7.616670553083139,1.3877787807814457E-16,1.0
101100001011111111110111111110111101,182,7.928839878591473,7.49164820735816,1.3877787807814457E-16,1.0
101111001110110111011001111100111111,270,7.930303664634496,7.4965918571031676,1.3877787807814457E-16,1.0
101100001000000001000100101010000101,4346,0.04759900120246822,-0.6427249660257898,1.0,1.0
101100001010000001000101001011001101,3222,0.0,-0.5321342441674862,1.0,1.0
101000001000000101000100101010010101,8508,0.04915546417120757,-0.6727310451327506,1.0,1.0
101100001000000001000101101010001101,4274,0.01342021303555645,-0.5523349172814558,1.0,1.0
101110001000000001000100101000010101,2176,0.04915546417120757,-0.653485245719413,1.0,1.0
101000001000000101000100101010010101,6612,0.04915546417120757,-0.6727310451327506,1.0,1.0
101000001000000101000100101010000101,4034,0.058541675889758164,-0.718808561638583,1.0,1.0
101000001000000101000100101010010101,2452,0.04915546417120757,-0.6727310451327506,1.0,1.0
101100001000000001000101101010001101,6114,0.01342021303555645,-0.5523349172814558,1.0,1.0
101100001010000001000101001011001101,8728,0.0,-0.5321342441674862,1.0,1.0
101000001000000101000100101010010101,3350,0.04915546417120757,-0.6727310451327506,1.0,1.0
101000001000000101000100101010010101,5666,0.04915546417120757,-0.6727310451327506,1.0,1.0
101000001000000101000100101010010101,6298,0.04915546417120757,-0.6727310451327506,1.0,1.0
101100001000000001000100101000000101,744,0.05677934361918136,-0.6769796195884006,1.0,1.0
101000001000000101000100001010010101,6718,0.058500822715255016,-0.7016466066105524,1.0,1.0
100110001000000010000100101000000101,814,0.11512167317069485,-0.5172143843862065,0.8,1.0
101000001000000101000100101010000101,8744,0.058541675889758164,-0.718808561638583,1.0,1.0
101000001000000101000100101001000101,1878,0.058541675889758164,-0.6960185301333155,1.0,1.0
101000001000000101000101101010011101,9984,0.02778474446029736,-0.5920226362842448,1.0,1.0
101000001000000101000101101010001101,3818,0.02896790878635085,-0.6207590411129784,1.0,1.0
101000001000000101000101101010011101,9784,0.02778474446029736,-0.5920226362842448,1.0,1.0
111111111111001101110111011110111101,222,7.940824054906729,7.449837921207324,1.3877787807814457E-16,1.0
101110001000000001000100101000000101,826,0.05850082271525501,-0.6794006998092108,1.0,1.0
101000001000000101000101101010001101,6850,0.02896790878635085,-0.6207590411129784,1.0,1.0
101100001010000001000101001011001101,7660,0.0,-0.5321342441674862,1.0,1.0
101100001000000001000100001011000101,1912,0.05622746572197987,-0.6670974743304074,1.0,1.0
101000001000000101000101101010001101,2558,0.02896790878635085,-0.6207590411129784,1.0,1.0
101000001000000101000101101010001101,3788,0.02896790878635085,-0.6207590411129784,1.0,1.0
101100001000000001000100101000010101,1116,0.045308183932197287,-0.6267782481226436,1.0,1.0
101000001000000101000101101010011101,7756,0.02778474446029736,-0.5920226362842448,1.0,1.0
101100001000000001000101101000011101,898,0.020199313434984843,-0.5452462465515736,1.0,1.0
110011111111101110110111101111011101,114,7.937125637344026,7.487417601769939,1.3877787807814457E-16,1.0
100101011110010110110100001110010101,0,7.933709754850644,7.562666038637268,1.3877787807814457E-16,1.0
101000001000000101000101101010001101,3878,0.02896790878635085,-0.6207590411129784,1.0,1.0
111111111111001101110111110101001101,108,7.933394607147094,7.502662971249422,1.3877787807814457E-16,1.0
101100001000000001000100101010000101,2930,0.04759900120246822,-0.6427249660257898,1.0,1.0
101000001000000101000100101010010101,5488,0.04915546417120757,-0.6727310451327506,1.0,1.0
101000001000000101000101101010001101,4790,0.02896790878635085,-0.6207590411129784,1.0,1.0
101000001000000101000100101010000101,5688,0.058541675889758164,-0.718808561638583,1.0,1.0
101000001000000101000101101010011101,9070,0.02778474446029736,-0.5920226362842448,1.0,1.0
101100001000000001000100011000010101,774,0.10405400047048033,-0.6309456933051826,0.8,1.0
101000001000000101000100101010010101,6412,0.04915546417120757,-0.6727310451327506,1.0,1.0
101100001000000001000100101010000101,2542,0.04759900120246822,-0.6427249660257898,1.0,1.0
101000001000000101000100101010010101,8982,0.04915546417120757,-0.6727310451327506,1.0,1.0
101000001000000111000100101010010101,5168,0.042197923345997465,-0.6288265802099167,1.0,1.0
100000001000000100000100101010010101,8056,0.06428683200212387,-0.7531185803094718,1.0,1.0
100000001000000110000100101010010101,3930,0.056610515038364694,-0.694265051841163,1.0,1.0
110010001001010100000001101101011111,108,7.976201712326705,7.342635613645401,1.3877787807814457E-16,1.0
101110001000000001000101001011001101,2128,0.02427542377913409,-0.5915075730073454,1.0,1.0
111101111100111111000111101101111111,416,7.9382655412187235,7.446512641840359,1.3877787807814457E-16,1.0
010101010111111010010111010111011010,182,7.947043275538406,7.578345849369204,1.3877787807814457E-16,1.0
101100001000000001000101101000011101,1072,0.020199313434984843,-0.5452462465515736,1.0,1.0
010010000100101010010110000110000010,0,7.959640559797978,7.530209472408479,1.3877787807814457E-16,1.0
001101100111111101011111011011111000,0,7.99037395687728,7.621285112506732,1.3877787807814457E-16,1.0
101000001000000101000101101010001101,5182,0.02896790878635085,-0.6207590411129784,1.0,1.0
101000001000000101000101101010001101,5362,0.02896790878635085,-0.6207590411129784,1.0,1.0
100000001000000100000100101010010101,5814,0.06428683200212387,-0.7531185803094718,1.0,1.0
101000001000000101000100101010010101,6480,0.04915546417120757,-0.6727310451327506,1.0,1.0
101000001000000101000100101010010101,9606,0.04915546417120757,-0.6727310451327506,1.0,1.0
101000001000000101000100101010010101,6964,0.04915546417120757,-0.6727310451327506,1.0,1.0
101110001000000001000101101010001101,1512,0.02197148929402432,-0.575771584634776,1.0,1.0
101000001000000101000101101010001101,8254,0.02896790878635085,-0.6207590411129784,1.0,1.0
101000001000000101000101101010001101,5116,0.02896790878635085,-0.6207590411129784,1.0,1.0
101000001000000101000100101010000101,6100,0.058541675889758164,-0.718808561638583,1.0,1.0
100000001000000100000100101010010101,6722,0.06428683200212387,-0.7531185803094718,1.0,1.0
101000001000000101000100101010000101,9846,0.058541675889758164,-0.718808561638583,1.0,1.0
101100001000000001000101101010001101,2202,0.01342021303555645,-0.5523349172814558,1.0,1.0
101000001000000101000101101010001101,3460,0.02896790878635085,-0.6207590411129784,1.0,1.0
101100001000000001000100101000000101,686,0.05677934361918136,-0.6769796195884006,1.0,1.0
111110111101111101111111111011111111,124,7.940117256546651,7.449258690727423,1.3877787807814457E-16,1.0
101100001000000001000101101010001101,1754,0.01342021303555645,-0.5523349172814558,1.0,1.0
101100001000100001000101101000001101,710,0.20648863614143492,-0.29668845920635445,0.40000000000000013,1.0
010010001001010100000001110101001001,0,7.9864969329448305,7.544227833161061,1.3877787807814457E-16,0.9
110101010110010110100100010111110110,190,7.937878550060159,7.562421051014506,1.3877787807814457E-16,1.0
101000001000000101000101101010011101,9958,0.02778474446029736,-0.5920226362842448,1.0,1.0
101000001000000101000100101010010101,8316,0.04915546417120757,-0.6727310451327506,1.0,1.0
101000001000000101000101101010001101,4978,0.02896790878635085,-0.6207590411129784,1.0,1.0
101000001000000101000100101010000101,7760,0.058541675889758164,-0.718808561638583,1.0,1.0
101000001000000101000100101010010101,6006,0.04915546417120757,-0.6727310451327506,1.0,1.0
101100001000000001000100101010000101,2484,0.04759900120246822,-0.6427249660257898,1.0,1.0
101110001000010001000100101000000101,702,0.3903131946553969,-0.23971676363140282,0.20000000000000015,1.0
100000001000000110000100101010010101,4684,0.056610515038364694,-0.694265051841163,1.0,1.0
101000001000000101000100001010010101,3156,0.058500822715255016,-0.7016466066105524,1.0,1.0
101000001000000101000100101010000101,3534,0.058541675889758164,-0.718808561638583,1.0,1.0
101100001000000001000101101011001101,9894,0.015851324003281694,-0.5378341394332733,1.0,1.0
101000001000000101000100101010000101,9344,0.058541675889758164,-0.718808561638583,1.0,1.0
101000001000000101000100101010010101,8620,0.04915546417120757,-0.6727310451327506,1.0,1.0
101100001010000001000101001011001101,7078,0.0,-0.5321342441674862,1.0,1.0
001101000011010111011100001111000000,142,7.994922792439616,7.692588069677399,1.3877787807814457E-16,1.0
101100001010000001000101101010001101,2206,7.401486830834377E-18,-0.5174804325309701,1.0,1.0
100000001000000100000100101010010101,4950,0.06428683200212387,-0.7531185803094718,1.0,1.0
101000001000000101000100101010000101,9858,0.058541675889758164,-0.718808561638583,1.0,1.0
101111001110110111011011110100011111,266,7.9310038977417525,7.4944708128175614,1.3877787807814457E-16,1.0
101000001000000101000100101010010101,8872,0.04915546417120757,-0.6727310451327506,1.0,1.0
101000001000000101000101101010001101,9562,0.02896790878635085,-0.6207590411129784,1.0,1.0
101000001000000101000100101010010101,7548,0.04915546417120757,-0.6727310451327506,1.0,1.0
101100101000000001010100101000000101,722,0.1381331251813878,-0.38210848077193205,0.6000000000000001,1.0
100110001000000000000100101000010101,1578,0.06428683200212386,-0.7281198453903827,1.0,1.0
101000001000000101000100101010010101,2982,0.04915546417120757,-0.6727310451327506,1.0,1.0
101000001000000101000100101010010101,5354,0.04915546417120757,-0.6727310451327506,1.0,1.0
101000001000000101000100101010010101,5434,0.04915546417120757,-0.6727310451327506,1.0,1.0
101100001000000011000101101010011101,1096,0.00719742204466672,-0.49547509544103385,1.0,1.0
101000001000000101000101101010001101,2222,0.02896790878635085,-0.6207590411129784,1.0,1.0
101000001000000101000100101010000101,8636,0.058541675889758164,-0.718808561638583,1.0,1.0
101000001000000101000100101010000101,7446,0.058541675889758164,-0.718808561638583,1.0,1.0
110010001001010100000001101101011101,144,7.9724272677542185,7.395003176782706,1.3877787807814457E-16,1.0
101000001000000101000100101010000101,9750,0.058541675889758164,-0.718808561638583,1.0,1.0
101000001000000101000100101010000101,3596,0.058541675889758164,-0.718808561638583,1.0,1.0
101000001000000101000100101010010101,6778,0.04915546417120757,-0.6727310451327506,1.0,1.0
101100001000000001000101001011001101,2580,0.01646864342103375,-0.5706154278456519,1.0,1.0
101000001000000101000100101010010101,6406,0.04915546417120757,-0.6727310451327506,1.0,1.0
101100001010000001000101000000011101,1026,0.0,-0.39078688140174417,1.0,1.0
111110001000010111011011110011001101,496,7.936964158406873,7.428679485706359,1.3877787807814457E-16,1.0
110011111111101110110111100111001101,206,7.9306292698455385,7.513216437234217,1.3877787807814457E-16,1.0
101000001000000101000101101001001101,7810,0.028967908786350836,-0.6036906420694299,1.0,1.0
100000001000000100000100101010010101,7970,0.06428683200212387,-0.7531185803094718,1.0,1.0
100000001000000100000100101010010101,6838,0.06428683200212387,-0.7531185803094718,1.0,1.0
101000001000000111000100101010010101,3622,0.042197923345997465,-0.6288265802099167,1.0,1.0
101000001000000101000100101010000101,2372,0.058541675889758164,-0.718808561638583,1.0,1.0
101000001000000101000101101010001101,6494,0.02896790878635085,-0.6207590411129784,1.0,1.0
100001100110010100010110000011010100,0,8.002474571017217,7.697263989275154,1.3877787807814457E-16,1.0
101000001000000101000100101010010101,3916,0.04915546417120757,-0.6727310451327506,1.0,1.0
101000001000000101000100001010010101,7476,0.058500822715255016,-0.7016466066105524,1.0,1.0
101100001000000001000100101000000101,1036,0.05677934361918136,-0.6769796195884006,1.0,1.0
101000001000000101000100101010010101,5974,0.04915546417120757,-0.6727310451327506,1.0,1.0
101000001000000101000100101010010101,5336,0.04915546417120757,-0.6727310451327506,1.0,1.0
101110001000000001000101001011001101,5776,0.02427542377913409,-0.5915075730073454,1.0,1.0
101100001000000001000101101010001101,1664,0.01342021303555645,-0.5523349172814558,1.0,1.0
101000001000000101000100101010010101,9644,0.04915546417120757,-0.6727310451327506,1.0,1.0
101100001000000001000101101010001101,4044,0.01342021303555645,-0.5523349172814558,1.0,1.0
101000001000000101000100101010010101,9030,0.04915546417120757,-0.6727310451327506,1.0,1.0
101000001000000101000101101010001101,9730,0.02896790878635085,-0.6207590411129784,1.0,1.0
101000001000000101000100101010000101,9430,0.058541675889758164,-0.718808561638583,1.0,1.0
101110001000000001000100101000010101,856,0.04915546417120757,-0.653485245719413,1.0,1.0
100000001000000110000100101010010101,4372,0.056610515038364694,-0.694265051841163,1.0,1.0
100000001000000100000100101010010101,2824,0.06428683200212387,-0.7531185803094718,1.0,1.0
101000001000000101000101101010001101,9748,0.02896790878635085,-0.6207590411129784,1.0,1.0
100000001000000100000100101010010101,5346,0.06428683200212387,-0.7531185803094718,1.0,1.0
101000001000000101000101101010001101,3064,0.02896790878635085,-0.6207590411129784,1.0,1.0
101000001000000101000100101010010101,9690,0.04915546417120757,-0.6727310451327506,1.0,1.0
101000001000000101000100101010000101,6432,0.058541675889758164,-0.718808561638583,1.0,1.0
101000001000000101000100101010000101,9206,0.058541675889758164,-0.718808561638583,1.0,1.0
101000001000000101000100101010000101,9920,0.058541675889758164,-0.718808561638583,1.0,1.0
101000001000000101000101101010001101,2084,0.02896790878635085,-0.6207590411129784,1.0,1.0
101000001000000101000101101010001101,2912,0.02896790878635085,-0.6207590411129784,1.0,1.0
101100001010000001000101001011001101,2646,0.0,-0.5321342441674862,1.0,1.0
101000001000000101000101101010011101,7222,0.02778474446029736,-0.5920226362842448,1.0,1.0
101000001000000101000100101010010101,9262,0.04915546417120757,-0.6727310451327506,1.0,1.0
100000001000000110000100101010010101,4366,0.056610515038364694,-0.694265051841163,1.0,1.0
101100001000000001000100101000000101,2266,0.05677934361918136,-0.6769796195884006,1.0,1.0
101000001000000101000100101010000101,6320,0.058541675889758164,-0.718808561638583,1.0,1.0
100000001000000110000100101010010101,6980,0.056610515038364694,-0.694265051841163,1.0,1.0
101000001000000101000101101010001101,7864,0.02896790878635085,-0.6207590411129784,1.0,1.0
101000001000000101000101101010001101,5992,0.02896790878635085,-0.6207590411129784,1.0,1.0
101000001000000101000100101010010101,6206,0.04915546417120757,-0.6727310451327506,1.0,1.0
100000001000000100000100101010010101,6074,0.06428683200212387,-0.7531185803094718,1.0,1.0
100000001000000100000100101010010101,6774,0.06428683200212387,-0.7531185803094718,1.0,1.0
101100001011111111110111111110111101,642,7.928839878591473,7.49164820735816,1.3877787807814457E-16,1.0
101110001000000001000101101010001101,2060,0.02197148929402432,-0.575771584634776,1.0,1.0
110000101001010010010000000100000111,0,8.072890858584344,8.006282854594211,1.3877787807814457E-16,0.7000000000000001
011011111011110111011011011110111001,188,7.96467982523392,7.597366242518236,1.3877787807814457E-16,1.0
101100001000000001000100101000000101,1922,0.05677934361918136,-0.6769796195884006,1.0,1.0
101000001000000101000100101010000101,4180,0.058541675889758164,-0.718808561638583,1.0,1.0
101000001000000101000101101001001101,7744,0.028967908786350836,-0.6036906420694299,1.0,1.0
011001001111111101110111010111111011,174,7.9455106914749996,7.563020997007946,1.3877787807814457E-16,1.0
101000001000000101000100101010010101,6388,0.04915546417120757,-0.6727310451327506,1.0,1.0
101000001000000101000100101010010101,8746,0.04915546417120757,-0.6727310451327506,1.0,1.0
101000001000000101000100101010010101,8632,0.04915546417120757,-0.6727310451327506,1.0,1.0
101000001000000101000100101010000101,7666,0.058541675889758164,-0.718808561638583,1.0,1.0
101100001010000001000101101001001101,9002,0.015851324003281694,-0.5378341394332733,1.0,1.0
101000001000000111000100101010010101,9662,0.042197923345997465,-0.6288265802099167,1.0,1.0
101000001000000101000101101010001101,4582,0.02896790878635085,-0.6207590411129784,1.0,1.0
101000001000000101000100101010010101,5074,0.04915546417120757,-0.6727310451327506,1.0,1.0
101000001000000101000100101010000101,3582,0.058541675889758164,-0.718808561638583,1.0,1.0
101000001000000101000101101010001101,1976,0.02896790878635085,-0.6207590411129784,1.0,1.0
101000001000000101000101101010001101,9378,0.02896790878635085,-0.6207590411129784,1.0,1.0
101100001010000001000101001011001101,8788,0.0,-0.5321342441674862,1.0,1.0
101000001000000101000100101010010101,4608,0.04915546417120757,-0.6727310451327506,1.0,1.0
101100001100000001000100101000000101,700,0.10526208827566894,-0.5858645471037981,0.8,1.0
101110001000000001000100101000010101,1280,0.04915546417120757,-0.653485245719413,1.0,1.0
101000001000000101000101101010001101,8852,0.02896790878635085,-0.6207590411129784,1.0,1.0
101100001000000001000101001011001101,8566,0.01646864342103375,-0.5706154278456519,1.0,1.0
101000001000000101000100101010000101,5934,0.058541675889758164,-0.718808561638583,1.0,1.0
101000001000000101000101101010001101,6456,0.02896790878635085,-0.6207590411129784,1.0,1.0
101000001000000101000101101010001101,7612,0.02896790878635085,-0.6207590411129784,1.0,1.0
101100001010000001000101001011001101,3230,0.0,-0.5321342441674862,1.0,1.0
101100001000000001000101001011001101,4152,0.01646864342103375,-0.5706154278456519,1.0,1.0
101000001000000101000100101010000101,7742,0.058541675889758164,-0.718808561638583,1.0,1.0
101000001000000101000100101010010101,5764,0.04915546417120757,-0.6727310451327506,1.0,1.0
110101010110010110110100001110010110,144,7.9293911703875395,7.560176692390975,1.3877787807814457E-16,1.0
101000001000000101000100101010010101,6618,0.04915546417120757,-0.6727310451327506,1.0,1.0
101100001000000011000101001011001101,3810,0.01060636497461925,-0.535865851909617,1.0,1.0
101000001000000101000100101010010101,6044,0.04915546417120757,-0.6727310451327506,1.0,1.0
100100001000011100011101011000011111,202,7.953553829110609,7.415477612440457,1.3877787807814457E-16,1.0
101000001000000101000100101010010101,3074,0.04915546417120757,-0.6727310451327506,1.0,1.0
100000001000000100000100101010010101,5864,0.06428683200212387,-0.7531185803094718,1.0,1.0
101100001000000001000100101001000101,2078,0.05099262370915706,-0.6667282831429524,1.0,1.0
101100001000000001000101001110001101,1994,0.01620859962994019,-0.5549019286897726,1.0,1.0
101100001010000001000101001001001101,6394,0.01646864342103375,-0.5706154278456519,1.0,1.0
101000001000000101000100101010000101,8984,0.058541675889758164,-0.718808561638583,1.0,1.0
101000001000000101000100101010000101,7330,0.058541675889758164,-0.718808561638583,1.0,1.0
100000001000000100000100101010010101,4908,0.06428683200212387,-0.7531185803094718,1.0,1.0
101000001000000111000101101010001101,5776,0.022323337080113182,-0.5830308146850386,1.0,1.0
101000001000000101000101101010001101,8298,0.02896790878635085,-0.6207590411129784,1.0,1.0
101110001000000001000100101000010101,2240,0.04915546417120757,-0.653485245719413,1.0,1.0
101000001000000101000100101010010101,5570,0.04915546417120757,-0.6727310451327506,1.0,1.0
101000001000000101000100001010010101,6376,0.058500822715255016,-0.7016466066105524,1.0,1.0
101100001000000001000100101000010101,670,0.045308183932197287,-0.6267782481226436,1.0,1.0
101000001000000101000100101010000101,8630,0.058541675889758164,-0.718808561638583,1.0,1.0
101100001010000001100101000000011101,788,0.19897000433601872,-0.17435347859583003,0.40000000000000013,1.0
101100001000000001000101001010011101,4560,0.013420213035556442,-0.5523349172814556,1.0,1.0
101000001000000101000100101010010101,5584,0.04915546417120757,-0.6727310451327506,1.0,1.0
101000001000000101000101101010001101,9022,0.02896790878635085,-0.6207590411129784,1.0,1.0
101000001000000101000100101010010101,9374,0.04915546417120757,-0.6727310451327506,1.0,1.0
101100001000000001000100101000000101,2170,0.05677934361918136,-0.6769796195884006,1.0,1.0
101000001000000101000100101010010101,5710,0.04915546417120757,-0.6727310451327506,1.0,1.0
101000001000000011000101101010001101,8240,0.013420213035556442,-0.5523349172814556,1.0,1.0
101000001000000101000100101010010101,5322,0.04915546417120757,-0.6727310451327506,1.0,1.0
101100001000000001000100101001000101,1224,0.05099262370915706,-0.6667282831429524,1.0,1.0
001100001000000001000101111000001001,884,0.05089920475524569,-0.324925531511532,1.0,0.8
101100001000000001000100101000010101,988,0.045308183932197287,-0.6267782481226436,1.0,1.0
101000001000000101000100101010010101,6924,0.04915546417120757,-0.6727310451327506,1.0,1.0
101000001000000101000100101010000101,4330,0.058541675889758164,-0.718808561638583,1.0,1.0
111110001101101111111111010010001111,526,7.941337764091156,7.441085655682693,1.3877787807814457E-16,1.0
111110111101111111101110010011000111,194,7.951937060255936,7.447208022662287,1.3877787807814457E-16,1.0
101000001000000101000100101010010101,5042,0.04915546417120757,-0.6727310451327506,1.0,1.0
000001010000100000010000000000000000,0,0.37649437914419687,0.309878273357232,0.6000000000000001,0.40000000000000013
100000001000000100000100101010010101,6284,0.06428683200212387,-0.7531185803094718,1.0,1.0
101100001000000001000101001011001101,2398,0.01646864342103375,-0.5706154278456519,1.0,1.0
101000001000000101000101101010001101,3808,0.02896790878635085,-0.6207590411129784,1.0,1.0
101100001000000001000101101010001101,2092,0.01342021303555645,-0.5523349172814558,1.0,1.0
100000001000000100000100101010010101,9936,0.06428683200212387,-0.7531185803094718,1.0,1.0
101100001010000001000101001001001101,7968,0.01646864342103375,-0.5706154278456519,1.0,1.0
101100001000000001000101101010001101,1726,0.01342021303555645,-0.5523349172814558,1.0,1.0
111110101101111011001110101101100111,208,7.954191564932954,7.403842202672322,1.3877787807814457E-16,1.0
101100001000000001000101101010001101,4584,0.01342021303555645,-0.5523349172814558,1.0,1.0
101100001010000101000100101000010101,840,0.16056883048782386,-0.5179022054017385,0.6000000000000001,1.0
100000001000000100000100101010010101,3354,0.06428683200212387,-0.7531185803094718,1.0,1.0
101000001000000101000100101010010101,9916,0.04915546417120757,-0.6727310451327506,1.0,1.0
110101111011110110011011100111001111,262,7.935385905288359,7.508856814345228,1.3877787807814457E-16,1.0
101100001000000001000100101001000101,1366,0.05099262370915706,-0.6667282831429524,1.0,1.0
101000001000000101000100001010010101,4644,0.058500822715255016,-0.7016466066105524,1.0,1.0
101000001000000101000101101010001101,2162,0.02896790878635085,-0.6207590411129784,1.0,1.0
101000001000000101000100101010010101,5314,0.04915546417120757,-0.6727310451327506,1.0,1.0
101000001000000101000100101010000101,7482,0.058541675889758164,-0.718808561638583,1.0,1.0
101000001000000101000101101010011101,9188,0.02778474446029736,-0.5920226362842448,1.0,1.0
101100001000000001000100101000000101,720,0.05677934361918136,-0.6769796195884006,1.0,1.0
100000001000000100000100101010010101,5670,0.06428683200212387,-0.7531185803094718,1.0,1.0
101000001000000101000101101010001101,4186,0.02896790878635085,-0.6207590411129784,1.0,1.0
101000001000000101000100101010000101,5894,0.058541675889758164,-0.718808561638583,1.0,1.0
100000001000000100000100101010010101,9532,0.06428683200212387,-0.7531185803094718,1.0,1.0
101000001000000101000101101010001101,6522,0.02896790878635085,-0.6207590411129784,1.0,1.0
101000001000000101000101101010011101,8586,0.02778474446029736,-0.5920226362842448,1.0,1.0
110101111001110110111111101000001101,470,7.931712814592403,7.508645726420606,1.3877787807814457E-16,1.0
101000001000000101000100101010010101,9210,0.04915546417120757,-0.6727310451327506,1.0,1.0
101100001010000001000100011000000101,1254,0.06376483791786379,-0.7016466066105528,1.0,1.0
101000001000000101000100101010010101,5440,0.04915546417120757,-0.6727310451327506,1.0,1.0
100101001100011100110101010111111111,154,7.94304193349569,7.512667164197498,1.3877787807814457E-16,1.0
101000001000000101000101101010001101,1896,0.02896790878635085,-0.6207590411129784,1.0,1.0
101000001000000101000101101010001101,2772,0.02896790878635085,-0.6207590411129784,1.0,1.0
111100001100000001110111101110011111,300,7.95817306768541,7.352562803493735,1.3877787807814457E-16,1.0
101100001000000001000101001110001101,1956,0.01620859962994019,-0.5549019286897726,1.0,1.0
101000001000000101000100101010010101,6614,0.04915546417120757,-0.6727310451327506,1.0,1.0
101100001000000001000100101000010101,882,0.045308183932197287,-0.6267782481226436,1.0,1.0
101100001010000001000101001011001101,2702,0.0,-0.5321342441674862,1.0,1.0
101100001000000001000101001011001101,4850,0.01646864342103375,-0.5706154278456519,1.0,1.0
101000001000000101000100101010000101,8280,0.058541675889758164,-0.718808561638583,1.0,1.0
001000001000000001000100101000000001,596,0.5665999999999997,0.4999797965237502,1.0,0.10000000000000014
101000001000000101000100101010000101,3964,0.058541675889758164,-0.718808561638583,1.0,1.0
101000001000000101000100101010010101,8920,0.04915546417120757,-0.6727310451327506,1.0,1.0
101000001000000101000101101010001101,9680,0.02896790878635085,-0.6207590411129784,1.0,1.0
101000001000000101000100101010010101,7814,0.04915546417120757,-0.6727310451327506,1.0,1.0
101000001000000101000101101001001101,7110,0.028967908786350836,-0.6036906420694299,1.0,1.0
101000001000000101000100101010000101,8310,0.058541675889758164,-0.718808561638583,1.0,1.0
101000001000000101000100101010000101,8022,0.058541675889758164,-0.718808561638583,1.0,1.0
000010000000001000000000000000000000,0,8.0438948850955,7.977261390387576,0.8,1.3877787807814457E-16
101100001100000001000100101000000101,922,0.10526208827566894,-0.5858645471037981,0.8,1.0
101000001000000101000100101010010101,7428,0.04915546417120757,-0.6727310451327506,1.0,1.0
101000001000000101000100101010010101,5772,0.04915546417120757,-0.6727310451327506,1.0,1.0
101000001000000101000100101010010101,5676,0.04915546417120757,-0.6727310451327506,1.0,1.0
110010111110110110011010110111110101,164,7.943055040807841,7.46100866542413,1.3877787807814457E-16,1.0
101100011000000001000100101000000101,766,0.24996262804517577,-0.3987163044830486,0.40000000000000013,1.0
100000001000000100000100101010010101,6500,0.06428683200212387,-0.7531185803094718,1.0,1.0
101100001011111111110111111110011111,266,7.931848700246675,7.470952374091878,1.3877787807814457E-16,1.0
101100001000000001000101101010011101,1448,0.012752964523288468,-0.5273067499823855,1.0,1.0
101000001000000101000100101010000101,8688,0.058541675889758164,-0.718808561638583,1.0,1.0
101000001000000101000101101010001101,3978,0.02896790878635085,-0.6207590411129784,1.0,1.0
101100001010000001000101001011001101,9574,0.0,-0.5321342441674862,1.0,1.0
101100001010000001000101001011001101,9322,0.0,-0.5321342441674862,1.0,1.0
101000001000000101000101101010001101,6004,0.02896790878635085,-0.6207590411129784,1.0,1.0
101100001000000001000100101000010101,934,0.045308183932197287,-0.6267782481226436,1.0,1.0
101000001000000101000101101010001101,8166,0.02896790878635085,-0.6207590411129784,1.0,1.0
011100001001000101000101010100001001,0,7.977816424925175,7.654389516355826,1.3877787807814457E-16,0.8
101000001000000101000101101001001101,7614,0.028967908786350836,-0.6036906420694299,1.0,1.0
101000001000000101000101101010001101,3986,0.02896790878635085,-0.6207590411129784,1.0,1.0
101000001000000101000101101010011101,8914,0.02778474446029736,-0.5920226362842448,1.0,1.0
101000001000000101000101101010001101,3706,0.02896790878635085,-0.6207590411129784,1.0,1.0
101000001000000101000101101010001101,2538,0.02896790878635085,-0.6207590411129784,1.0,1.0
101000001000000101000100101010010101,4162,0.04915546417120757,-0.6727310451327506,1.0,1.0
101000001000000101000101101010001101,7930,0.02896790878635085,-0.6207590411129784,1.0,1.0
101000001000000101000100101010000101,7094,0.058541675889758164,-0.718808561638583,1.0,1.0
101000001000000101000100101010010101,5250,0.04915546417120757,-0.6727310451327506,1.0,1.0
101000001000000101000101001010011101,9702,0.02869171863190114,-0.6127990667417597,1.0,1.0
001011000111001101100001001001101010,0,7.9954398785914735,7.9288341207236455,1.3877787807814457E-16,1.0
101110001000000001000100101000000101,948,0.05850082271525501,-0.6794006998092108,1.0,1.0
101000001000000101000100101010010101,5028,0.04915546417120757,-0.6727310451327506,1.0,1.0
101000001000000111000101101010001101,6918,0.022323337080113182,-0.5830308146850386,1.0,1.0
101100001000000001000101101010001101,1652,0.01342021303555645,-0.5523349172814558,1.0,1.0
010001010110110110111111011110111010,0,7.940346038445184,7.513257976445858,1.3877787807814457E-16,1.0
111110111101111111100111100111001111,396,7.938912839598548,7.475146045946447,1.3877787807814457E-16,1.0
101100001000000001000101001011001101,4476,0.01646864342103375,-0.5706154278456519,1.0,1.0
101000001000000101000100101010010101,5666,0.04915546417120757,-0.6727310451327506,1.0,1.0
101000001000000101000101101010011101,8842,0.02778474446029736,-0.5920226362842448,1.0,1.0
101000001000000101000100101010000101,2160,0.058541675889758164,-0.718808561638583,1.0,1.0
101000001000000101000101101010001101,2678,0.02896790878635085,-0.6207590411129784,1.0,1.0
101000001000000101000100101010000101,3738,0.058541675889758164,-0.718808561638583,1.0,1.0
101100001000000001000100101010000101,7100,0.04759900120246822,-0.6427249660257898,1.0,1.0
101100001010000001000101000000011101,910,0.0,-0.39078688140174417,1.0,1.0
101000001000000101000100101010010101,8368,0.04915546417120757,-0.6727310451327506,1.0,1.0
100010001000000000000100101001000101,558,0.06666666666666667,-0.6379706858904833,1.0,1.0
111100001011110111011011011110111101,286,7.930160425939764,7.459288977984265,1.3877787807814457E-16,1.0
101000001000000101000101101010001101,8508,0.02896790878635085,-0.6207590411129784,1.0,1.0
101100001000000001000101101001001101,9300,0.019134240695146427,-0.5755963881095092,1.0,1.0
101000001100000101000101101010001101,9538,0.027529020313418744,-0.5847304891954584,1.0,1.0
101100001010000001000101101010001101,1644,7.401486830834377E-18,-0.5174804325309701,1.0,1.0
101000001000000101000100101010010101,7152,0.04915546417120757,-0.6727310451327506,1.0,1.0
101000001000000101000101001010011101,8238,0.02869171863190114,-0.6127990667417597,1.0,1.0
101000001000000101000101101010001101,7776,0.02896790878635085,-0.6207590411129784,1.0,1.0
101000001000000101000101101010011101,9216,0.02778474446029736,-0.5920226362842448,1.0,1.0
101100001000000001000101101010001101,8022,0.01342021303555645,-0.5523349172814558,1.0,1.0
101000001000000101000100101010000101,7464,0.058541675889758164,-0.718808561638583,1.0,1.0
101000001000000101000101101010011101,8406,0.02778474446029736,-0.5920226362842448,1.0,1.0
101000001000000101000100001010010101,6088,0.058500822715255016,-0.7016466066105524,1.0,1.0
101000001000000101000100101010010101,3696,0.04915546417120757,-0.6727310451327506,1.0,1.0
100000001000000100000100101010010101,2536,0.06428683200212387,-0.7531185803094718,1.0,1.0
101100001000010111011011110001001101,658,7.9333749495829124,7.485131241460067,1.3877787807814457E-16,1.0
101100001000000001000100101000000101,910,0.05677934361918136,-0.6769796195884006,1.0,1.0
101000001000000101000100101010000101,9528,0.058541675889758164,-0.718808561638583,1.0,1.0
101000001000000101000101101010001101,6734,0.02896790878635085,-0.6207590411129784,1.0,1.0
101100001010000001000100011000000101,1472,0.06376483791786379,-0.7016466066105528,1.0,1.0
101000001000000101000100101010010101,7916,0.04915546417120757,-0.6727310451327506,1.0,1.0
101000001000000101000101101010011101,1460,0.02778474446029736,-0.5920226362842448,1.0,1.0
101000001000000101000100101010000101,5876,0.058541675889758164,-0.718808561638583,1.0,1.0
101000001000000101000100101010010101,6894,0.04915546417120757,-0.6727310451327506,1.0,1.0
101000001000000101000101101010011101,7076,0.02778474446029736,-0.5920226362842448,1.0,1.0
101000001000000101000100101010010101,5628,0.04915546417120757,-0.6727310451327506,1.0,1.0
100000001000000100000100101010010101,3688,0.06428683200212387,-0.7531185803094718,1.0,1.0
101000001000000101000100101010010101,8256,0.04915546417120757,-0.6727310451327506,1.0,1.0
101000001000000101000101101010001101,7496,0.02896790878635085,-0.6207590411129784,1.0,1.0
101000001000000101000100101010010101,9782,0.04915546417120757,-0.6727310451327506,1.0,1.0
011001001110110111011110111110100001,172,7.9295558759563045,7.483830497459539,1.3877787807814457E-16,1.0
101100001000000001000101001011001101,4506,0.01646864342103375,-0.5706154278456519,1.0,1.0
011000000000110011100001010010011010,0,7.9595711722580464,7.61335274533932,1.3877787807814457E-16,0.9
101100001000000001000100101000000101,1058,0.05677934361918136,-0.6769796195884006,1.0,1.0
101100001000000001000101101000001101,3030,0.021295159205162516,-0.5742030674696166,1.0,1.0
101000001000000111000101101010001101,3924,0.022323337080113182,-0.5830308146850386,1.0,1.0
101000001000000101000101101010001101,5294,0.02896790878635085,-0.6207590411129784,1.0,1.0
101000001000000101000100101010000101,4320,0.058541675889758164,-0.718808561638583,1.0,1.0
101000001000000101000100101010010101,7198,0.04915546417120757,-0.6727310451327506,1.0,1.0
101000001000000101000100101010000101,8342,0.058541675889758164,-0.718808561638583,1.0,1.0
101000001000000101000100101010010101,9476,0.04915546417120757,-0.6727310451327506,1.0,1.0
101000001000000101000101101010001101,1446,0.02896790878635085,-0.6207590411129784,1.0,1.0
101000001000000101000101101010001101,9188,0.02896790878635085,-0.6207590411129784,1.0,1.0
100100001000000000000100101000000101,868,0.0666,-1.6967109259590553E-5,1.0,1.0
101100001000000001000100101000000101,1094,0.05677934361918136,-0.6769796195884006,1.0,1.0
101000001000000101000100101010010101,8146,0.04915546417120757,-0.6727310451327506,1.0,1.0
101000001000000101000100001010010101,4698,0.058500822715255016,-0.7016466066105524,1.0,1.0
110000000001000010000100000100000100,0,0.37649437914419687,0.30987817242441984,0.40000000000000013,0.6000000000000001
101100001000000001000100101000010101,2006,0.045308183932197287,-0.6267782481226436,1.0,1.0
101000001000000101000100101010010101,6124,0.04915546417120757,-0.6727310451327506,1.0,1.0
101000001000000101000101101010001101,7392,0.02896790878635085,-0.6207590411129784,1.0,1.0
101100001000111101100111110001011101,654,7.928839878591473,7.501240990601086,1.3877787807814457E-16,1.0
111111001000000001000101011110111111,504,7.9623687972813455,7.29670354113432,1.3877787807814457E-16,1.0
101000001000000101000100101010010101,2546,0.04915546417120757,-0.6727310451327506,1.0,1.0
101000001000000101000100101010010101,7202,0.04915546417120757,-0.6727310451327506,1.0,1.0
101000001000000101000100101010000101,7624,0.058541675889758164,-0.718808561638583,1.0,1.0
101000001000000101000100101010010101,6626,0.04915546417120757,-0.6727310451327506,1.0,1.0
101000001000000101000100101010000101,9610,0.058541675889758164,-0.718808561638583,1.0,1.0
101000001000000101000101101010001101,6994,0.02896790878635085,-0.6207590411129784,1.0,1.0
100000001000000100000100101010010101,6008,0.06428683200212387,-0.7531185803094718,1.0,1.0
101100001000000001000101001011001101,2640,0.01646864342103375,-0.5706154278456519,1.0,1.0
100000001000000100000100101010010101,5288,0.06428683200212387,-0.7531185803094718,1.0,1.0
101100001010000001000101001011001101,3636,0.0,-0.5321342441674862,1.0,1.0
101100001000000001000101001011001101,6976,0.01646864342103375,-0.5706154278456519,1.0,1.0
101110001000000001000100101010010101,3352,0.042197923345997465,-0.6288265802099167,1.0,1.0
101000001000000101000101101010001101,7904,0.02896790878635085,-0.6207590411129784,1.0,1.0
101000001000000101000100001010010101,6348,0.058500822715255016,-0.7016466066105524,1.0,1.0
100000001000000100000100101010010101,4826,0.06428683200212387,-0.7531185803094718,1.0,1.0
101000001000000101000100101010000101,5472,0.058541675889758164,-0.718808561638583,1.0,1.0
100110001000000000000100101000010101,1418,0.06428683200212386,-0.7281198453903827,1.0,1.0
101000001000000101000101101010011101,5670,0.02778474446029736,-0.5920226362842448,1.0,1.0
101000001000000101000100101010010101,7342,0.04915546417120757,-0.6727310451327506,1.0,1.0
101000001000000101000100101010010101,3474,0.04915546417120757,-0.6727310451327506,1.0,1.0
101000001000000101000101101010011101,6566,0.02778474446029736,-0.5920226362842448,1.0,1.0
101000001000000101000101101010011101,8662,0.02778474446029736,-0.5920226362842448,1.0,1.0
010101111001110110111100111101010011,238,7.935835490198907,7.560613040617224,1.3877787807814457E-16,1.0
101000001000000101000100101010010101,3622,0.04915546417120757,-0.6727310451327506,1.0,1.0
101100001011001111111111101010111111,718,7.938298750398903,7.4439428311530165,1.3877787807814457E-16,1.0
101000001000000101000100101010000101,3614,0.058541675889758164,-0.718808561638583,1.0,1.0
101000001000000101000101101010001101,7086,0.02896790878635085,-0.6207590411129784,1.0,1.0
101000001000000101000100101010000101,8612,0.058541675889758164,-0.718808561638583,1.0,1.0
101000001000000101000100101010000101,7898,0.058541675889758164,-0.718808561638583,1.0,1.0
101000001000000101000101101010001101,4564,0.02896790878635085,-0.6207590411129784,1.0,1.0
101100001010000001000101001011001101,9650,0.0,-0.5321342441674862,1.0,1.0
101000001000000101000100101010010101,2784,0.04915546417120757,-0.6727310451327506,1.0,1.0
101000001000000101000100101010010101,4526,0.04915546417120757,-0.6727310451327506,1.0,1.0
101000001000000101000101101010001101,6114,0.02896790878635085,-0.6207590411129784,1.0,1.0
101100001010000001000101101010001101,1360,7.401486830834377E-18,-0.5174804325309701,1.0,1.0
101100001000000001000101001011001101,4232,0.01646864342103375,-0.5706154278456519,1.0,1.0
101000001000000101000100101010000101,3448,0.058541675889758164,-0.718808561638583,1.0,1.0
101000001000000101000101101010001101,6726,0.02896790878635085,-0.6207590411129784,1.0,1.0
101000001000000101000100101010010101,8010,0.04915546417120757,-0.6727310451327506,1.0,1.0
101100001010000001000101001011001101,6632,0.0,-0.5321342441674862,1.0,1.0
101000001000000101000100101010010101,4950,0.04915546417120757,-0.6727310451327506,1.0,1.0
101100001000000001000100101001000101,1518,0.05099262370915706,-0.6667282831429524,1.0,1.0
101100001010000001000101001011001101,3942,0.0,-0.5321342441674862,1.0,1.0
001111101011001111111111100010111011,0,7.95955758241253,7.599991994189778,1.3877787807814457E-16,1.0
100010001000000000000100101011010101,698,0.1128109617578403,-0.6458100453371348,0.8,1.0
111101111001110111111111100010111111,268,7.937913865584268,7.509918407555887,1.3877787807814457E-16,1.0
010100010011001010100001110010101000,112,7.952848620434027,7.607024348670944,1.3877787807814457E-16,1.0
101000001000000101000100101010010101,3200,0.04915546417120757,-0.6727310451327506,1.0,1.0
101100001000000001000101101010001101,9966,0.01342021303555645,-0.5523349172814558,1.0,1.0
100000001000000100000100101010010101,3120,0.06428683200212387,-0.7531185803094718,1.0,1.0
101000001000000101000100101010010101,2284,0.04915546417120757,-0.6727310451327506,1.0,1.0
101000001000000101000100101010000101,5020,0.058541675889758164,-0.718808561638583,1.0,1.0
101100001000000001000101101001001101,8490,0.019134240695146427,-0.5755963881095092,1.0,1.0
101100001000000001000101001011001101,3182,0.01646864342103375,-0.5706154278456519,1.0,1.0
101000001000000101000100101010010101,5848,0.04915546417120757,-0.6727310451327506,1.0,1.0
101100001010000001000100101000000101,810,0.057132833934567445,-0.6427249660257898,1.0,1.0
101100001000000001000101001011001101,2692,0.01646864342103375,-0.5706154278456519,1.0,1.0
101000001000000101000100101010010101,4674,0.04915546417120757,-0.6727310451327506,1.0,1.0
101000001000000101000100101010000101,5770,0.058541675889758164,-0.718808561638583,1.0,1.0
101000001000000101000100101010010101,6210,0.04915546417120757,-0.6727310451327506,1.0,1.0
101000001000000101000100101010010101,5774,0.04915546417120757,-0.6727310451327506,1.0,1.0
101000001000000111000101001011001101,9306,0.024243214018406397,-0.5779812855909758,1.0,1.0
111100001001001011010111010111111111,412,7.955334729790056,7.384104195498446,1.3877787807814457E-16,1.0
101000001000000101000101101010001101,8694,0.02896790878635085,-0.6207590411129784,1.0,1.0
101000001000000101000100001010010101,7264,0.058500822715255016,-0.7016466066105524,1.0,1.0
101000001000000101000101101010001101,1968,0.02896790878635085,-0.6207590411129784,1.0,1.0
101110001000000001000101101010001101,2430,0.02197148929402432,-0.575771584634776,1.0,1.0
100000001000000100000100101010010101,5216,0.06428683200212387,-0.7531185803094718,1.0,1.0
101000001000000101000100101010000101,6194,0.058541675889758164,-0.718808561638583,1.0,1.0
101111101011001111111111101010111111,284,7.929467286338035,7.473364183695711,1.3877787807814457E-16,1.0
101000001000000101000100101010000101,9736,0.058541675889758164,-0.718808561638583,1.0,1.0
101000001000000101000101101010001101,5058,0.02896790878635085,-0.6207590411129784,1.0,1.0
101000001000000101000100101010010101,7564,0.04915546417120757,-0.6727310451327506,1.0,1.0
101000001000000101000100101010000101,7018,0.058541675889758164,-0.718808561638583,1.0,1.0
011001111111101011010111010111001011,176,7.9543419735667085,7.569305558379541,1.3877787807814457E-16,1.0
101000001000000101000100001010010101,4858,0.058500822715255016,-0.7016466066105524,1.0,1.0
101000001000000101000101101010011101,3944,0.02778474446029736,-0.5920226362842448,1.0,1.0
101000001000000101000100101010000101,5408,0.058541675889758164,-0.718808561638583,1.0,1.0
100000001000000100000100101010010101,6054,0.06428683200212387,-0.7531185803094718,1.0,1.0
101000001000000101000100101010010101,8668,0.04915546417120757,-0.6727310451327506,1.0,1.0
100010000000000000000000001100000100,302,0.26557000433601874,0.19894748004336768,1.0,0.40000000000000013
101100101000000001000100100100010101,802,0.20942636026586886,-0.16510246352712307,0.40000000000000013,1.0
101110001000000001000101001011001101,4750,0.02427542377913409,-0.5915075730073454,1.0,1.0
101100001000000001000101101001001101,7538,0.019134240695146427,-0.5755963881095092,1.0,1.0
101100001000000001000100101000000101,904,0.05677934361918136,-0.6769796195884006,1.0,1.0
101000001000000101000100101010000101,9744,0.058541675889758164,-0.718808561638583,1.0,1.0
101000001000000101000100101010000101,7624,0.058541675889758164,-0.718808561638583,1.0,1.0
101000001000000111000101101010001101,6030,0.022323337080113182,-0.5830308146850386,1.0,1.0
101100001010000001000101101010001101,1658,7.401486830834377E-18,-0.5174804325309701,1.0,1.0
101000001000000101000101101010001101,5316,0.02896790878635085,-0.6207590411129784,1.0,1.0
101000001000000101000100001010010101,6022,0.058500822715255016,-0.7016466066105524,1.0,1.0
101000001000000101000101101010001101,1658,0.02896790878635085,-0.6207590411129784,1.0,1.0
101000001000000101000101101010001101,3568,0.02896790878635085,-0.6207590411129784,1.0,1.0
101000001000000101000101101010001101,8942,0.02896790878635085,-0.6207590411129784,1.0,1.0
100000001000000100000100101010010101,7232,0.06428683200212387,-0.7531185803094718,1.0,1.0
101000001000000101000100101010010101,4448,0.04915546417120757,-0.6727310451327506,1.0,1.0
101000001000000101000100101010000101,5604,0.058541675889758164,-0.718808561638583,1.0,1.0
101100001000000001000100101000000101,800,0.05677934361918136,-0.6769796195884006,1.0,1.0
101110001000000001000101000000011101,886,0.038688619981090105,-0.4564383930348184,1.0,0.9
101100001000000001000100011000000101,772,0.11212817786359036,-0.6900873316731636,1.0,0.8
101000001000000101000100101010010101,8234,0.04915546417120757,-0.6727310451327506,1.0,1.0
111100001000000001000101011110111101,366,7.964344784946729,7.308905609757006,1.3877787807814457E-16,1.0
101000001000000101000100101010000101,2284,0.058541675889758164,-0.718808561638583,1.0,1.0
111101111001111101111111111111111111,0,7.930483993429837,7.485175047175555,1.3877787807814457E-16,1.0
101100001000000001000100101000010101,810,0.045308183932197287,-0.6267782481226436,1.0,1.0
101000001000000101000100101010010101,7108,0.04915546417120757,-0.6727310451327506,1.0,1.0
101100001000000001000100100001000101,854,0.04464446402905224,-0.516744579113388,1.0,1.0
101110001000000001000100101000000101,2186,0.05850082271525501,-0.6794006998092108,1.0,1.0
101100001010000001000101001011001101,2992,0.0,-0.5321342441674862,1.0,1.0
101100001000000001000101001011001101,7200,0.01646864342103375,-0.5706154278456519,1.0,1.0
101100001000000001000101001011001101,4784,0.01646864342103375,-0.5706154278456519,1.0,1.0
101110011000000001000101101000011101,836,0.3750348899335352,-0.18619440593516035,0.20000000000000015,1.0
101000001000000101000100101010010101,3646,0.04915546417120757,-0.6727310451327506,1.0,1.0
101100001000000001000101101010001101,3002,0.01342021303555645,-0.5523349172814558,1.0,1.0
101000001000000101000100101010000101,5132,0.058541675889758164,-0.718808561638583,1.0,1.0
101100001000000001000100101000010101,826,0.045308183932197287,-0.6267782481226436,1.0,1.0
101000001000000101000101101010001101,2526,0.02896790878635085,-0.6207590411129784,1.0,1.0
101000001000000101000100101010010101,5900,0.04915546417120757,-0.6727310451327506,1.0,1.0
000001000100100110011000000110010010,0,7.968732543514989,7.725787558764334,1.3877787807814457E-16,1.0
101100001000000001000101101010001101,2248,0.01342021303555645,-0.5523349172814558,1.0,1.0
101000001000000101000100101010010101,8512,0.04915546417120757,-0.6727310451327506,1.0,1.0
101000001000000101000100101010010101,7552,0.04915546417120757,-0.6727310451327506,1.0,1.0
101100001000000001000100101000010101,1016,0.045308183932197287,-0.6267782481226436,1.0,1.0
101000001000000101000100101010000101,9630,0.058541675889758164,-0.718808561638583,1.0,1.0
101000001000000101000100101010000101,4120,0.058541675889758164,-0.718808561638583,1.0,1.0
111111111111001101110111110001001101,316,7.936894710452098,7.4883619926032665,1.3877787807814457E-16,1.0
101000001000000101000101101010001101,3140,0.02896790878635085,-0.6207590411129784,1.0,1.0
101000001000000101000101101010001101,5014,0.02896790878635085,-0.6207590411129784,1.0,1.0
101000001000000101000100101010000101,7220,0.058541675889758164,-0.718808561638583,1.0,1.0
101100001000000001000101001010011101,3086,0.013420213035556442,-0.5523349172814556,1.0,1.0
101000001000000101000100101010010101,6232,0.04915546417120757,-0.6727310451327506,1.0,1.0
110111110011110100111011101001111110,0,7.932093317323402,7.526307312971604,1.3877787807814457E-16,1.0
101100001000000001000101101010001101,8050,0.01342021303555645,-0.5523349172814558,1.0,1.0
101000001000000101000100101010010101,6146,0.04915546417120757,-0.6727310451327506,1.0,1.0
101100001001000001000101101000011101,934,0.01917758279106129,-0.522421974018551,1.0,1.0
101000001000000101000100101010010101,6704,0.04915546417120757,-0.6727310451327506,1.0,1.0
101000001000000101000100101010010101,5816,0.04915546417120757,-0.6727310451327506,1.0,1.0
101000001000000101000100101010010101,5848,0.04915546417120757,-0.6727310451327506,1.0,1.0
101000001000000101000101001010011101,4104,0.02869171863190114,-0.6127990667417597,1.0,1.0
101000001000000101000100101010000101,8190,0.058541675889758164,-0.718808561638583,1.0,1.0
101110001000000001000101001110001101,1940,0.024243214018406397,-0.5779812855909758,1.0,1.0
101000001000000101000100101010000101,5522,0.058541675889758164,-0.718808561638583,1.0,1.0
101000001000000101000100101010010101,5624,0.04915546417120757,-0.6727310451327506,1.0,1.0
111110001110111111100111110011011111,480,7.944615401667639,7.417699268295923,1.3877787807814457E-16,1.0
101100001000000001000101001011001101,3962,0.01646864342103375,-0.5706154278456519,1.0,1.0
101100001000000001000100101000000101,924,0.05677934361918136,-0.6769796195884006,1.0,1.0
101000001000000101000100101010000101,3830,0.058541675889758164,-0.718808561638583,1.0,1.0
101100001010000001000101001011001101,3644,0.0,-0.5321342441674862,1.0,1.0
101000001000000101000100101010010101,7602,0.04915546417120757,-0.6727310451327506,1.0,1.0
101000001000000101000100101010010101,5752,0.04915546417120757,-0.6727310451327506,1.0,1.0
101100001000000001000101001010011101,2834,0.013420213035556442,-0.5523349172814556,1.0,1.0
101100001000000001000101101001001101,8292,0.019134240695146427,-0.5755963881095092,1.0,1.0
101000001000000111000100101010010101,5202,0.042197923345997465,-0.6288265802099167,1.0,1.0
010111001000111000100100101011000001,0,7.962199509035623,7.656086282478373,1.3877787807814457E-16,1.0
101000001000000101000101101001001101,5764,0.028967908786350836,-0.6036906420694299,1.0,1.0
101000001000000101000100101010000101,5186,0.058541675889758164,-0.718808561638583,1.0,1.0
101100001000000001000101101010001101,2340,0.01342021303555645,-0.5523349172814558,1.0,1.0
101000001000000101000100101010010101,4514,0.04915546417120757,-0.6727310451327506,1.0,1.0
111111111100111011001111100111101111,260,7.933769686271805,7.494811285276667,1.3877787807814457E-16,1.0
101000001000000101000100101010010101,3824,0.04915546417120757,-0.6727310451327506,1.0,1.0
101100001000000001000101001011001101,3186,0.01646864342103375,-0.5706154278456519,1.0,1.0
101000001000000101000100101010010101,9534,0.04915546417120757,-0.6727310451327506,1.0,1.0
101100001010000001000101001011001101,5292,0.0,-0.5321342441674862,1.0,1.0
101000001000000101000100101010010101,3120,0.04915546417120757,-0.6727310451327506,1.0,1.0
101000001000000101000100101010010101,8326,0.04915546417120757,-0.6727310451327506,1.0,1.0
101000001000000101000101101010011101,4682,0.02778474446029736,-0.5920226362842448,1.0,1.0
101000001000000101000101101010011101,7654,0.02778474446029736,-0.5920226362842448,1.0,1.0
100000001000000100000100101010010101,9948,0.06428683200212387,-0.7531185803094718,1.0,1.0
101000000000000001000001010000001100,630,0.21711499783199056,0.15049681040468602,1.0,0.5000000000000001
101000001000000011000101001011001101,2594,0.016208599629940167,-0.5549019286897723,1.0,1.0
101000001000000101000100101010000101,8350,0.058541675889758164,-0.718808561638583,1.0,1.0
101000001000000101000100101010010101,7942,0.04915546417120757,-0.6727310451327506,1.0,1.0
101100001000000001000100101000000101,1112,0.05677934361918136,-0.6769796195884006,1.0,1.0
101100001000000001000100001001000101,742,0.10809323995544737,-0.6802485964584766,1.0,0.8
101110001000000001000100101000110101,948,0.09877023083968785,-0.612834404197728,0.8,1.0
101000001000000101000100101010000101,7182,0.058541675889758164,-0.718808561638583,1.0,1.0
101100001010000001000101101010001101,1834,7.401486830834377E-18,-0.5174804325309701,1.0,1.0
101000001000000101000100101010010101,4928,0.04915546417120757,-0.6727310451327506,1.0,1.0
101000001000000101000100101010000101,8948,0.058541675889758164,-0.718808561638583,1.0,1.0
101000001000000111000101101000001101,6148,0.028967908786350843,-0.60369064206943,1.0,1.0
101100001000000001000100101000010101,676,0.045308183932197287,-0.6267782481226436,1.0,1.0
101000001000000101000101101010001101,2828,0.02896790878635085,-0.6207590411129784,1.0,1.0
101000001000000101000100101010010101,3464,0.04915546417120757,-0.6727310451327506,1.0,1.0
101000001000000101000101101001001101,7168,0.028967908786350836,-0.6036906420694299,1.0,1.0
101000001000000101000101101010001101,8710,0.02896790878635085,-0.6207590411129784,1.0,1.0
101100001010000001000101001011001101,4706,0.0,-0.5321342441674862,1.0,1.0
101110001000000001000101101010001101,2138,0.02197148929402432,-0.575771584634776,1.0,1.0
100000001000000100000100101010010101,3708,0.06428683200212387,-0.7531185803094718,1.0,1.0
101100001000000001000101001011001101,3122,0.01646864342103375,-0.5706154278456519,1.0,1.0
101000001000000101000101101010001101,7704,0.02896790878635085,-0.6207590411129784,1.0,1.0
000010000000000000000001010000001000,438,0.1440509799928716,0.07742783571891666,1.0,0.7000000000000001
101110001000000001000101101010001101,4570,0.02197148929402432,-0.575771584634776,1.0,1.0
101000001000000101000100101010000101,2594,0.058541675889758164,-0.718808561638583,1.0,1.0
101000001000000101000101101010001101,9942,0.02896790878635085,-0.6207590411129784,1.0,1.0
101000001000000101000100101010010101,7546,0.04915546417120757,-0.6727310451327506,1.0,1.0
100000001000000100000100101010010101,9108,0.06428683200212387,-0.7531185803094718,1.0,1.0
101100001000000001000101001110001101,1914,0.01620859962994019,-0.5549019286897726,1.0,1.0
101100001010000001000101001011001101,5280,0.0,-0.5321342441674862,1.0,1.0
101000001000000101000100101010010101,8982,0.04915546417120757,-0.6727310451327506,1.0,1.0
000010111000011100111110101111100011,0,7.945278313141878,7.49722519370097,1.3877787807814457E-16,1.0
101100001010000001000101001011001101,2964,0.0,-0.5321342441674862,1.0,1.0
101000001000000101000100101010010101,5168,0.04915546417120757,-0.6727310451327506,1.0,1.0
000010000000000000000100101000000000,466,0.32803937264016864,0.2614128619456911,1.0,0.30000000000000016
101000001000000101000100101010000101,4030,0.058541675889758164,-0.718808561638583,1.0,1.0
101000001000000101000101101010011101,4090,0.02778474446029736,-0.5920226362842448,1.0,1.0
010001010110100110111101110010101000,152,7.933389056253449,7.606694702094897,1.3877787807814457E-16,1.0
101100001000000001000101001011001101,5284,0.01646864342103375,-0.5706154278456519,1.0,1.0
101110001000000001010100101000000101,822,0.15611980607775117,-0.4774190855129967,0.6000000000000001,1.0
101100001000000001000101101001001101,8082,0.019134240695146427,-0.5755963881095092,1.0,1.0
101110001000000001000100101000010101,1130,0.04915546417120757,-0.653485245719413,1.0,1.0
101100001000000001000101001011001101,2198,0.01646864342103375,-0.5706154278456519,1.0,1.0
101000001000000101000100101010010101,8082,0.04915546417120757,-0.6727310451327506,1.0,1.0
101110001000000001000101001011001101,3286,0.02427542377913409,-0.5915075730073454,1.0,1.0
100000001000000100000100101010010101,4658,0.06428683200212387,-0.7531185803094718,1.0,1.0
101100001000111101100111110001011101,660,7.928839878591473,7.501240990601086,1.3877787807814457E-16,1.0
101000001000000101000100101010000101,5106,0.058541675889758164,-0.718808561638583,1.0,1.0
101000001000000101000100101010010101,6212,0.04915546417120757,-0.6727310451327506,1.0,1.0
101100001010000001000101101010001101,1978,7.401486830834377E-18,-0.5174804325309701,1.0,1.0
101000001000000101000100101010010101,5416,0.04915546417120757,-0.6727310451327506,1.0,1.0
101000001000000101000101101010011101,4194,0.02778474446029736,-0.5920226362842448,1.0,1.0
101000001000000101000100101010010101,4164,0.04915546417120757,-0.6727310451327506,1.0,1.0
101000001000000101000100101010000101,9356,0.058541675889758164,-0.718808561638583,1.0,1.0
000110011000100000010011000101011001,0,7.938076657177045,7.646881665831646,1.3877787807814457E-16,1.0
111101111001110111111101111101111111,158,7.92913934935006,7.488844117609105,1.3877787807814457E-16,1.0
101100001010000001000101001001001101,7690,0.01646864342103375,-0.5706154278456519,1.0,1.0
101000001000000101000100101010010101,5114,0.04915546417120757,-0.6727310451327506,1.0,1.0
101000001000000101000101101010001101,3152,0.02896790878635085,-0.6207590411129784,1.0,1.0
101110001000000001000100101000010101,1210,0.04915546417120757,-0.653485245719413,1.0,1.0
101000001000000101000101101010001101,5244,0.02896790878635085,-0.6207590411129784,1.0,1.0
101000001000000101000101101010011101,8252,0.02778474446029736,-0.5920226362842448,1.0,1.0
101000001000000101000101101010001101,5800,0.02896790878635085,-0.6207590411129784,1.0,1.0
101100001000000001000100001100000101,784,0.10978205248707751,-0.6601816951949255,1.0,0.8
000010000000000000000001010000001000,618,0.1440509799928716,0.07742783571891666,1.0,0.7000000000000001
101100001000000001000100101001000101,1056,0.05099262370915706,-0.6667282831429524,1.0,1.0
101100001000000001000100101000010101,872,0.045308183932197287,-0.6267782481226436,1.0,1.0
101000001000000101000100101010010101,8216,0.04915546417120757,-0.6727310451327506,1.0,1.0
101100001010000001000101000000001101,780,0.048455006504028196,-0.3638276555668916,1.0,0.8
101100001000000001000100111000000101,1572,0.05658497618651423,-0.668161454599514,1.0,1.0
101000001000000101000101101010011101,8634,0.02778474446029736,-0.5920226362842448,1.0,1.0
101100001000000001000100101010000101,2662,0.04759900120246822,-0.6427249660257898,1.0,1.0
101110001000000001000100101000010101,1016,0.04915546417120757,-0.653485245719413,1.0,1.0
101000001000000101000101101010001101,4544,0.02896790878635085,-0.6207590411129784,1.0,1.0
101000001000000101000100101010000101,6378,0.058541675889758164,-0.718808561638583,1.0,1.0
101000001000000111000101101010001101,6930,0.022323337080113182,-0.5830308146850386,1.0,1.0
101100001011000001000100101000010101,900,0.04653873541258361,-0.5732665114198408,1.0,1.0
101000001000000101000100101010000101,5708,0.058541675889758164,-0.718808561638583,1.0,1.0
101100001010000001000100011000000101,1250,0.06376483791786379,-0.7016466066105528,1.0,1.0
101000001000000101000100101010010101,8162,0.04915546417120757,-0.6727310451327506,1.0,1.0
010101110111111110010111110010111010,148,7.937755052923309,7.546975695204517,1.3877787807814457E-16,1.0
101110001000000001000101011001011101,838,0.14248730973686258,-0.505580001464544,0.6000000000000001,1.0
110101111111101110111111101101111111,236,7.941604633757494,7.468969240872789,1.3877787807814457E-16,1.0
101000001000000101000100101010000101,4776,0.058541675889758164,-0.718808561638583,1.0,1.0
101000001000000111000100101010010101,5384,0.042197923345997465,-0.6288265802099167,1.0,1.0
101000001000000101000100101010010101,5956,0.04915546417120757,-0.6727310451327506,1.0,1.0
101000001000000101000100101010000101,8766,0.058541675889758164,-0.718808561638583,1.0,1.0
100000001000000100000100101010010101,5704,0.06428683200212387,-0.7531185803094718,1.0,1.0
101000001000000101000100101010010101,5046,0.04915546417120757,-0.6727310451327506,1.0,1.0
101110001000000001000101101000001101,1184,0.028691718631901134,-0.5959495352618653,1.0,1.0
101100001000000001000101101010001101,1394,0.01342021303555645,-0.5523349172814558,1.0,1.0
101000001000000101000101101010001101,2974,0.02896790878635085,-0.6207590411129784,1.0,1.0
101000001000000101000101101010001101,3208,0.02896790878635085,-0.6207590411129784,1.0,1.0
101000001000000101000101101010011101,5720,0.02778474446029736,-0.5920226362842448,1.0,1.0
101000001000000101000100101010000101,6446,0.058541675889758164,-0.718808561638583,1.0,1.0
101000001000000101000100101010000101,9240,0.058541675889758164,-0.718808561638583,1.0,1.0
101100001000000001000100101000010101,1092,0.045308183932197287,-0.6267782481226436,1.0,1.0
101000001000000101000100101010010101,9742,0.04915546417120757,-0.6727310451327506,1.0,1.0
011011111111001001000110110111110011,126,7.946141156526133,7.478725788665166,1.3877787807814457E-16,1.0
101000001000000101000100101010000101,8674,0.058541675889758164,-0.718808561638583,1.0,1.0
111111101011101111110111100000111111,132,7.942468959171441,7.464297562306139,1.3877787807814457E-16,1.0
101000001000000101000100101010010101,9132,0.04915546417120757,-0.6727310451327506,1.0,1.0
101100001000000001000100101000000101,2306,0.05677934361918136,-0.6769796195884006,1.0,1.0
101100001010000001000101001011001101,3766,0.0,-0.5321342441674862,1.0,1.0
101000001000000101000100101010000101,9382,0.058541675889758164,-0.718808561638583,1.0,1.0
101000001000000101000100101010000101,5612,0.058541675889758164,-0.718808561638583,1.0,1.0
101110001000000001000101101010001101,1794,0.02197148929402432,-0.575771584634776,1.0,1.0
101000001000000101000100101010000101,2326,0.058541675889758164,-0.718808561638583,1.0,1.0
101100001010000001000100011000010101,824,0.10438284398310553,-0.6019649335547319,0.8,1.0
101110001000000001000100101000010101,2206,0.04915546417120757,-0.653485245719413,1.0,1.0
101000001000000101000101101010001101,3574,0.02896790878635085,-0.6207590411129784,1.0,1.0
100000001000000100000100101010010101,9008,0.06428683200212387,-0.7531185803094718,1.0,1.0
101100000001011011011101000000001100,0,8.294373461909471,7.866021196375171,1.3877787807814457E-16,0.8
101110001000000001000101101001001101,5904,0.026258547220221813,-0.59528749403815,1.0,1.0
101000001000000101000101101010001101,8836,0.02896790878635085,-0.6207590411129784,1.0,1.0
101100001000000001000100111000000101,746,0.05658497618651423,-0.668161454599514,1.0,1.0
101000001000000101000100101010000101,6524,0.058541675889758164,-0.718808561638583,1.0,1.0
101100001000000001000101101000001101,1784,0.021295159205162516,-0.5742030674696166,1.0,1.0
101000001000000101000100101010000101,3198,0.058541675889758164,-0.718808561638583,1.0,1.0
110111111001110110111111010100001101,398,7.932067076374026,7.511488551743973,1.3877787807814457E-16,1.0
101000001000000101000100101010000101,4532,0.058541675889758164,-0.718808561638583,1.0,1.0
101000001000000101000101101010001101,6140,0.02896790878635085,-0.6207590411129784,1.0,1.0
101000001000000101000100101010000101,6354,0.058541675889758164,-0.718808561638583,1.0,1.0
101100001000000101000100101000000101,752,0.10699668239378635,-0.6475635236292874,0.8,1.0
101110001000000001000101101000011101,990,0.02778474446029736,-0.5771413849573542,1.0,1.0
101000001000000101000100101001000101,1560,0.058541675889758164,-0.6960185301333155,1.0,1.0
101000001000000101000100101010000101,9162,0.058541675889758164,-0.718808561638583,1.0,1.0
101000001000000101000100101010010101,9322,0.04915546417120757,-0.6727310451327506,1.0,1.0
111100001000000001000100101001000101,772,0.16542422646221586,-0.6273836548565469,0.6000000000000001,1.0
101000001000000101000100101010000101,8980,0.058541675889758164,-0.718808561638583,1.0,1.0
101100001000000001000101001010011101,3420,0.013420213035556442,-0.5523349172814556,1.0,1.0
101100001000000001000101101010001101,2954,0.01342021303555645,-0.5523349172814558,1.0,1.0
101000001000000111000100101010010101,4722,0.042197923345997465,-0.6288265802099167,1.0,1.0
101100001000000001000101101001001101,7998,0.019134240695146427,-0.5755963881095092,1.0,1.0
101000001000000101000100101010010101,6952,0.04915546417120757,-0.6727310451327506,1.0,1.0
101000001000000101000100101010010101,8972,0.04915546417120757,-0.6727310451327506,1.0,1.0
101000001000000101000100101010000101,5916,0.058541675889758164,-0.718808561638583,1.0,1.0
100000001000000100000100101010010101,5922,0.06428683200212387,-0.7531185803094718,1.0,1.0
101000001000000101000101101010001101,6640,0.02896790878635085,-0.6207590411129784,1.0,1.0
101000001000000101000101101010001101,5260,0.02896790878635085,-0.6207590411129784,1.0,1.0
101000001000000101000100101010010101,8624,0.04915546417120757,-0.6727310451327506,1.0,1.0
101000001000000001000100101000000101,506,0.1440509799928716,0.07743506863855361,1.0,0.7000000000000001
111101111111101111000001011000001101,526,7.931536774565929,7.53511193997935,1.3877787807814457E-16,1.0
101100001010000001000101101010001101,1520,7.401486830834377E-18,-0.5174804325309701,1.0,1.0
101100001000000001000101001011001101,3594,0.01646864342103375,-0.5706154278456519,1.0,1.0
101100001010000001000101001011001101,9498,0.0,-0.5321342441674862,1.0,1.0
101100001010000001000100011000000101,844,0.06376483791786379,-0.7016466066105528,1.0,1.0
111111111011110001110111101111111111,0,7.931109401657857,7.469148792602675,1.3877787807814457E-16,1.0
101000001000000101000101101010001101,5086,0.02896790878635085,-0.6207590411129784,1.0,1.0
101100001000000001000100101001000101,1102,0.05099262370915706,-0.6667282831429524,1.0,1.0
101000001000000101000101101010011101,5146,0.02778474446029736,-0.5920226362842448,1.0,1.0
101000001000000101000100101010010101,4482,0.04915546417120757,-0.6727310451327506,1.0,1.0
000001000011111100110101010111111010,118,7.95843469006503,7.635988314325179,1.3877787807814457E-16,1.0
101000001000000101000101101010001101,8854,0.02896790878635085,-0.6207590411129784,1.0,1.0
101010001000000001000101101010001101,1976,0.02869171863190114,-0.6127990667417599,1.0,1.0
101000001000000101000100101010010101,6370,0.04915546417120757,-0.6727310451327506,1.0,1.0
101100001000000001000100101000000101,1250,0.05677934361918136,-0.6769796195884006,1.0,1.0
101000001000000101000101101010011101,4772,0.02778474446029736,-0.5920226362842448,1.0,1.0
101000001000000101000100101010010101,5106,0.04915546417120757,-0.6727310451327506,1.0,1.0
101000001000000101000100101010010101,7954,0.04915546417120757,-0.6727310451327506,1.0,1.0
111001111011111101000110110111110111,0,7.940476214542867,7.455173240957558,1.3877787807814457E-16,1.0
101000001000000111000100101010010101,7874,0.042197923345997465,-0.6288265802099167,1.0,1.0
101000001000000101000100101010010101,5030,0.04915546417120757,-0.6727310451327506,1.0,1.0
101100001000000001000100101000010101,848,0.045308183932197287,-0.6267782481226436,1.0,1.0
101000001000000101000100001010010101,7536,0.058500822715255016,-0.7016466066105524,1.0,1.0
101000001000000101000101101010011101,7804,0.02778474446029736,-0.5920226362842448,1.0,1.0
101100001010000001000101001011001101,3106,0.0,-0.5321342441674862,1.0,1.0
101000001000000101000101101010001101,6836,0.02896790878635085,-0.6207590411129784,1.0,1.0
101000001000000101000101101010001101,7258,0.02896790878635085,-0.6207590411129784,1.0,1.0
101100001000000001000101101001001101,9998,0.019134240695146427,-0.5755963881095092,1.0,1.0
101000001000000101000100101010010101,4314,0.04915546417120757,-0.6727310451327506,1.0,1.0
100000001000000100000100101010010101,3144,0.06428683200212387,-0.7531185803094718,1.0,1.0
101000001000000101000101101010001101,7494,0.02896790878635085,-0.6207590411129784,1.0,1.0
111110001110111111100111110011011101,530,7.938265081784908,7.4513919387169905,1.3877787807814457E-16,1.0
101000001000000101000101101010011101,6240,0.02778474446029736,-0.5920226362842448,1.0,1.0
000010001000000000000100101001000001,656,0.11512167317069488,-0.21112273609826845,1.0,0.8
101000001000000101000100101010010101,4640,0.04915546417120757,-0.6727310451327506,1.0,1.0
101000001000000101000101101010001101,5246,0.02896790878635085,-0.6207590411129784,1.0,1.0
101100001000000001000101001011001101,3974,0.01646864342103375,-0.5706154278456519,1.0,1.0
101000001000000101000100101010010101,3986,0.04915546417120757,-0.6727310451327506,1.0,1.0
101000001000000101000101101010001101,7286,0.02896790878635085,-0.6207590411129784,1.0,1.0
101000001000000101000100101010010101,7344,0.04915546417120757,-0.6727310451327506,1.0,1.0
101000001000000101000100101010010101,7260,0.04915546417120757,-0.6727310451327506,1.0,1.0
101000001000000101000100101010010101,5070,0.04915546417120757,-0.6727310451327506,1.0,1.0
101100001000000001000100101000000101,1176,0.05677934361918136,-0.6769796195884006,1.0,1.0
111100001000000001000100101000010101,556,0.16124487060368686,-0.5930435394990209,0.6000000000000001,1.0
101000001000000101000100101010010101,7182,0.04915546417120757,-0.6727310451327506,1.0,1.0
111101110111111111010111011000011110,238,7.933178514963626,7.523280727785703,1.3877787807814457E-16,1.0
101000001000000101000101101010001101,8406,0.02896790878635085,-0.6207590411129784,1.0,1.0
101100001000000001000101101010001101,8094,0.01342021303555645,-0.5523349172814558,1.0,1.0
101100001000000001000101101010001101,1560,0.01342021303555645,-0.5523349172814558,1.0,1.0
011101000101110011000101000100011010,0,7.991398498596035,7.655709619285367,1.3877787807814457E-16,1.0
101000001000000101000100101010010101,7476,0.04915546417120757,-0.6727310451327506,1.0,1.0
101000001000000101000100101010010101,5290,0.04915546417120757,-0.6727310451327506,1.0,1.0
101000001000000101000100101010010101,5324,0.04915546417120757,-0.6727310451327506,1.0,1.0
101000001000000101000100101010010101,5912,0.04915546417120757,-0.6727310451327506,1.0,1.0
101000001000000111000100101010010101,7622,0.042197923345997465,-0.6288265802099167,1.0,1.0
101000001000000101000100101010010101,7646,0.04915546417120757,-0.6727310451327506,1.0,1.0
101100001000000001000100101000000101,1272,0.05677934361918136,-0.6769796195884006,1.0,1.0
101000001000000101000100101010000101,3504,0.058541675889758164,-0.718808561638583,1.0,1.0
101000001000000101000100001010010101,5978,0.058500822715255016,-0.7016466066105524,1.0,1.0
000001000010000000000111000001001000,0,8.10636425339965,8.039748342045334,1.3877787807814457E-16,0.6000000000000001
101100001000000001000100101000000101,646,0.05677934361918136,-0.6769796195884006,1.0,1.0
101000001000000101000100101010010101,2784,0.04915546417120757,-0.6727310451327506,1.0,1.0
101000001000000101000100101010010101,6582,0.04915546417120757,-0.6727310451327506,1.0,1.0
101000001000000101000100101010000101,8484,0.058541675889758164,-0.718808561638583,1.0,1.0
101100001000000001000100101001000101,1576,0.05099262370915706,-0.6667282831429524,1.0,1.0
101100000010000001000000001100000100,652,0.14425770814151148,-0.1098669695590084,1.0,0.6000000000000001
100000001000000100000100101010010101,5712,0.06428683200212387,-0.7531185803094718,1.0,1.0
101100001000000001000101101000001101,1028,0.021295159205162516,-0.5742030674696166,1.0,1.0
111111111110111011101111101110111111,220,7.933491975629597,7.488339882497311,1.3877787807814457E-16,1.0
100000001000000100000100101010010101,3376,0.06428683200212387,-0.7531185803094718,1.0,1.0
101100001000000001000100101001010101,828,0.08933167239115873,-0.5743319880479173,0.8,1.0
101110001000000001000100101000000101,1402,0.05850082271525501,-0.6794006998092108,1.0,1.0
101000001000000111000100101010010101,4196,0.042197923345997465,-0.6288265802099167,1.0,1.0
101110101000000001000100011000000101,800,0.1645969674840581,-0.5248581374726244,0.6000000000000001,1.0
101000001000000101000100101010000101,5778,0.058541675889758164,-0.718808561638583,1.0,1.0
101000001000000101000100101010010101,6578,0.04915546417120757,-0.6727310451327506,1.0,1.0
101100001000000001000101001011001101,2374,0.01646864342103375,-0.5706154278456519,1.0,1.0
101100001000000001000101101010001101,8386,0.01342021303555645,-0.5523349172814558,1.0,1.0
101100001000000001000101001011001101,2888,0.01646864342103375,-0.5706154278456519,1.0,1.0
101100001010000001000101001011001101,6084,0.0,-0.5321342441674862,1.0,1.0
101000001000000101000100001010010101,9676,0.058500822715255016,-0.7016466066105524,1.0,1.0
101000001000000011000101101010001101,3934,0.013420213035556442,-0.5523349172814556,1.0,1.0
101000001000000111000100101010010101,4480,0.042197923345997465,-0.6288265802099167,1.0,1.0
100000001000000100000100101010010101,6338,0.06428683200212387,-0.7531185803094718,1.0,1.0
101000001000000101000101101010001101,8412,0.02896790878635085,-0.6207590411129784,1.0,1.0
101000001000000101000100101010010101,7110,0.04915546417120757,-0.6727310451327506,1.0,1.0
111111011111101111101111101111101111,458,7.939692367899889,7.4412929281376226,1.3877787807814457E-16,1.0
101000001000000101000100101010000101,6096,0.058541675889758164,-0.718808561638583,1.0,1.0
101000001000000101000100101010000101,8112,0.058541675889758164,-0.718808561638583,1.0,1.0
101000001000000101000100101010010101,8422,0.04915546417120757,-0.6727310451327506,1.0,1.0
101000001000000101000100001010010101,5996,0.058500822715255016,-0.7016466066105524,1.0,1.0
101000001000000101000100101010000101,9054,0.058541675889758164,-0.718808561638583,1.0,1.0
110101101001110110111111001010011101,480,7.9325861722160935,7.498279369409696,1.3877787807814457E-16,1.0
101000001000000101000101101010001101,4642,0.02896790878635085,-0.6207590411129784,1.0,1.0
100000001000000100000100101010010101,6054,0.06428683200212387,-0.7531185803094718,1.0,1.0
101000001000000101000100101010000101,3530,0.058541675889758164,-0.718808561638583,1.0,1.0
101000001000000101000100001010010101,8318,0.058500822715255016,-0.7016466066105524,1.0,1.0
101000001000000101000101101001001101,7398,0.028967908786350836,-0.6036906420694299,1.0,1.0
101100001000000001000101101001001101,8160,0.019134240695146427,-0.5755963881095092,1.0,1.0
101000001000000101000100101010010101,9576,0.04915546417120757,-0.6727310451327506,1.0,1.0
101000001000000101000100101010010101,5754,0.04915546417120757,-0.6727310451327506,1.0,1.0
101000001000000101000100101010000101,2630,0.058541675889758164,-0.718808561638583,1.0,1.0
101000001000000101000100101010010101,6640,0.04915546417120757,-0.6727310451327506,1.0,1.0
100000001000000100000100101010010101,6986,0.06428683200212387,-0.7531185803094718,1.0,1.0
101000001000000101000100101010010101,6662,0.04915546417120757,-0.6727310451327506,1.0,1.0
101000001000000101000101101010011101,7752,0.02778474446029736,-0.5920226362842448,1.0,1.0
101110001000000001000100101000010101,1328,0.04915546417120757,-0.653485245719413,1.0,1.0
101000001000000101000101101010001101,3570,0.02896790878635085,-0.6207590411129784,1.0,1.0
101000001000000101000100101010010101,6142,0.04915546417120757,-0.6727310451327506,1.0,1.0
100000001000000100000100101010010101,3962,0.06428683200212387,-0.7531185803094718,1.0,1.0
101000001000000101000100101010010101,4932,0.04915546417120757,-0.6727310451327506,1.0,1.0
000000001001101010001001010010011001,0,8.14332734620709,7.869197699622786,1.3877787807814457E-16,0.8
101110001000000001000100101000010101,1952,0.04915546417120757,-0.653485245719413,1.0,1.0
111010111101011101100101111000011111,0,8.01831862387181,7.951714732545907,1.3877787807814457E-16,0.9
101000001000000101000100101010000101,6220,0.058541675889758164,-0.718808561638583,1.0,1.0
011011001111111101110111010111111011,176,7.93766919161992,7.5433882689739535,1.3877787807814457E-16,1.0
101100001000000001000101101010001101,1590,0.01342021303555645,-0.5523349172814558,1.0,1.0
100100001000000000000100101000000101,692,0.0666,-1.6967109259590553E-5,1.0,1.0
101000001000000101000100101010010101,7630,0.04915546417120757,-0.6727310451327506,1.0,1.0
101000001000000101000100101010010101,8850,0.04915546417120757,-0.6727310451327506,1.0,1.0
101000001000000101000100101010000101,4606,0.058541675889758164,-0.718808561638583,1.0,1.0
101000001000000101000100101010000101,9766,0.058541675889758164,-0.718808561638583,1.0,1.0
101100001000000001000100101000000101,976,0.05677934361918136,-0.6769796195884006,1.0,1.0
101100001000000001000101001110001101,2028,0.01620859962994019,-0.5549019286897726,1.0,1.0
101000001000000101000100101010010101,5444,0.04915546417120757,-0.6727310451327506,1.0,1.0
101100001000000001000101101001001101,9058,0.019134240695146427,-0.5755963881095092,1.0,1.0
101100001000000001000101001011001101,3748,0.01646864342103375,-0.5706154278456519,1.0,1.0
101100001010000001000101101001001101,9692,0.015851324003281694,-0.5378341394332733,1.0,1.0
101000001000000101000100101010000101,4768,0.058541675889758164,-0.718808561638583,1.0,1.0
101000001000000101000101101010011101,1746,0.02778474446029736,-0.5920226362842448,1.0,1.0
101000001000000101000101101010011101,1178,0.02778474446029736,-0.5920226362842448,1.0,1.0
101000001000000101000101101010001101,1988,0.02896790878635085,-0.6207590411129784,1.0,1.0
000001000000000000000000001100000000,0,7.9954398785914735,7.928805944372954,1.0,1.3877787807814457E-16
110011111111101110110111101101111111,0,7.950725490784845,7.432293803514038,1.3877787807814457E-16,1.0
111111111011110001110111101001111101,608,7.930016048526147,7.483856105319673,1.3877787807814457E-16,1.0
111111011111000101011001011000001101,540,7.936611608154148,7.47450147337373,1.3877787807814457E-16,1.0
101000001000000101000100101010000101,5370,0.058541675889758164,-0.718808561638583,1.0,1.0
101000001000000101000100101010010101,5550,0.04915546417120757,-0.6727310451327506,1.0,1.0
101000001000000101000101101010001101,7724,0.02896790878635085,-0.6207590411129784,1.0,1.0
101000001000000101000100101010010101,8770,0.04915546417120757,-0.6727310451327506,1.0,1.0
101000001000000101000100101010010101,3624,0.04915546417120757,-0.6727310451327506,1.0,1.0
101000001000000101000100101010010101,3904,0.04915546417120757,-0.6727310451327506,1.0,1.0
101000001000000101000101101010001101,3682,0.02896790878635085,-0.6207590411129784,1.0,1.0
101100001000000001000101000000011101,738,0.022878745280337558,-0.40094607745379063,1.0,0.9
101100001000000001000100011000000101,818,0.11212817786359036,-0.6900873316731636,1.0,0.8
101000001000000101000100101010010101,7270,0.04915546417120757,-0.6727310451327506,1.0,1.0
101000001000000101000100101010010101,4390,0.04915546417120757,-0.6727310451327506,1.0,1.0
111101111001111101111011110111111101,192,7.9431674306565165,7.548005550301554,1.3877787807814457E-16,1.0
101100001010000001000100011000000101,1172,0.06376483791786379,-0.7016466066105528,1.0,1.0
101000001000000101000100101010010101,8952,0.04915546417120757,-0.6727310451327506,1.0,1.0
101100001010000001000101101010011101,1276,0.0,-0.4970278668089064,1.0,1.0
101000001000000101000101101010011101,9922,0.02778474446029736,-0.5920226362842448,1.0,1.0
101110001000000001000100101000010101,1268,0.04915546417120757,-0.653485245719413,1.0,1.0
101000001000000111000100101010010101,3402,0.042197923345997465,-0.6288265802099167,1.0,1.0
111101010110110111111111111000001110,210,7.937924136561028,7.55741852224932,1.3877787807814457E-16,1.0
101000001000000101000101101010001101,8812,0.02896790878635085,-0.6207590411129784,1.0,1.0
100100001010000000000100101000000101,816,0.0666,-1.5240779192303344E-5,1.0,1.0
100000001000000100000100101010010101,8254,0.06428683200212387,-0.7531185803094718,1.0,1.0
101100001000000001000100101010000101,8436,0.04759900120246822,-0.6427249660257898,1.0,1.0
010101010111111110110111111110111000,120,7.932196670988284,7.537883615950358,1.3877787807814457E-16,1.0
101000001000000101000101101010011101,5294,0.02778474446029736,-0.5920226362842448,1.0,1.0
010101110111111110010111011000011010,232,7.930286564575476,7.528230191344493,1.3877787807814457E-16,1.0
101100001000000001000100101000000101,1514,0.05677934361918136,-0.6769796195884006,1.0,1.0
101110001000000001000100101000000101,1264,0.05850082271525501,-0.6794006998092108,1.0,1.0
101000001000000101000101101010001101,7654,0.02896790878635085,-0.6207590411129784,1.0,1.0
100000001000000100000100101010010101,8182,0.06428683200212387,-0.7531185803094718,1.0,1.0
000000011110000100100100001010000001,0,8.01831862387181,7.951708838051022,1.3877787807814457E-16,0.9
101000001000000101000100101010000101,8286,0.058541675889758164,-0.718808561638583,1.0,1.0
011100011101011001111111010110111011,186,7.943497098088806,7.591530881829162,1.3877787807814457E-16,1.0
111111111011010001110111101000111101,494,7.938350443728283,7.460176408687796,1.3877787807814457E-16,1.0
100110001010000000000000001100000101,168,0.1635100130080564,0.09689647484962877,0.8,0.8
101000001000000101000101101010011101,7384,0.02778474446029736,-0.5920226362842448,1.0,1.0
101100001000000001000101001011001101,4676,0.01646864342103375,-0.5706154278456519,1.0,1.0
101100001000000001000101101001001101,8858,0.019134240695146427,-0.5755963881095092,1.0,1.0
101100001000000001000101001011001101,4506,0.01646864342103375,-0.5706154278456519,1.0,1.0
101000001000000101000100101010000101,7386,0.058541675889758164,-0.718808561638583,1.0,1.0
101000001000000101000100101010010101,8284,0.04915546417120757,-0.6727310451327506,1.0,1.0
101000001000000101000101101010011101,1246,0.02778474446029736,-0.5920226362842448,1.0,1.0
111001111011101111111111100001111111,240,7.92930199196441,7.489273910641775,1.3877787807814457E-16,1.0
100100110000000100001101000000001100,0,8.116582490797892,7.888486699514183,1.3877787807814457E-16,0.6000000000000001
101000001000000101000100101010000101,8618,0.058541675889758164,-0.718808561638583,1.0,1.0
101000001000000101000100101010000101,8698,0.058541675889758164,-0.718808561638583,1.0,1.0
100010110101100100100001111010011100,0,7.960804728838832,7.6254784035700744,1.3877787807814457E-16,0.9
101000001000000101000100101010010101,8942,0.04915546417120757,-0.6727310451327506,1.0,1.0
101100001010000001000101000000011101,1018,0.0,-0.39078688140174417,1.0,1.0
101100001000000001000100101000010101,1774,0.045308183932197287,-0.6267782481226436,1.0,1.0
101100001000000001000101101010001101,3250,0.01342021303555645,-0.5523349172814558,1.0,1.0
101100001000000001000100101010000101,8522,0.04759900120246822,-0.6427249660257898,1.0,1.0
101000001000000101000100101010000101,3600,0.058541675889758164,-0.718808561638583,1.0,1.0
101100001000000001000101101001001101,8536,0.019134240695146427,-0.5755963881095092,1.0,1.0
101000001000000101000100001010010101,7680,0.058500822715255016,-0.7016466066105524,1.0,1.0
100000001000000110000100101010010101,4400,0.056610515038364694,-0.694265051841163,1.0,1.0
101000001000000101000100101010010101,5598,0.04915546417120757,-0.6727310451327506,1.0,1.0
101000001000000101000100101010000101,6776,0.058541675889758164,-0.718808561638583,1.0,1.0
101000001000000101000100101010000101,8174,0.058541675889758164,-0.718808561638583,1.0,1.0
101000001000000101000101101010001101,8594,0.02896790878635085,-0.6207590411129784,1.0,1.0
101000001000000101000101101010001101,3324,0.02896790878635085,-0.6207590411129784,1.0,1.0
101000001000000101000101101010001101,8682,0.02896790878635085,-0.6207590411129784,1.0,1.0
101110001000000001000100101001000101,2178,0.05348777341480682,-0.670496082958724,1.0,1.0
101100000000000001000100101000010100,710,0.06650672555487024,-0.28068271444679255,1.0,0.8
101000001000000101000100101010010101,9402,0.04915546417120757,-0.6727310451327506,1.0,1.0
101000001000000101000100001010010101,9648,0.058500822715255016,-0.7016466066105524,1.0,1.0
111110001000000001000100101000010101,612,0.16356729992727592,-0.6060349395606512,0.6000000000000001,1.0
101100001000000001000100101001000101,1714,0.05099262370915706,-0.6667282831429524,1.0,1.0
101000001000000101000100101010010101,7062,0.04915546417120757,-0.6727310451327506,1.0,1.0
000000101000011100001000100000000011,0,8.072890858584344,8.006281567614943,1.3877787807814457E-16,0.7000000000000001
101100001000000001000101001011001101,4654,0.01646864342103375,-0.5706154278456519,1.0,1.0
101100001000000001000100101000000101,730,0.05677934361918136,-0.6769796195884006,1.0,1.0
101100001000000001000100101000000101,1368,0.05677934361918136,-0.6769796195884006,1.0,1.0
010111011111000100011001110010111011,0,7.938908313964924,7.503303063978972,1.3877787807814457E-16,1.0
111100001000000001000100101000010101,852,0.16124487060368686,-0.5930435394990209,0.6000000000000001,1.0
101000001000000101000100101010000101,4964,0.058541675889758164,-0.718808561638583,1.0,1.0
101000001000000101000100101010010101,9342,0.04915546417120757,-0.6727310451327506,1.0,1.0
101000001000000101000100101010010101,7468,0.04915546417120757,-0.6727310451327506,1.0,1.0
101100001000000001000101101010011101,1258,0.012752964523288468,-0.5273067499823855,1.0,1.0
101110001000000001000101001110001101,1916,0.024243214018406397,-0.5779812855909758,1.0,1.0
101100001000000001000101101010011101,1076,0.012752964523288468,-0.5273067499823855,1.0,1.0
100111110101101110100111100010101110,0,7.930069911914934,7.572915990375334,1.3877787807814457E-16,1.0
101000001000000101000101101010001101,4456,0.02896790878635085,-0.6207590411129784,1.0,1.0
101000001000000101000101101010001101,6590,0.02896790878635085,-0.6207590411129784,1.0,1.0
101100001010000001000101001011001101,2998,0.0,-0.5321342441674862,1.0,1.0
101000001000000101000100101010010101,7650,0.04915546417120757,-0.6727310451327506,1.0,1.0
101110001000000001000100101000010101,936,0.04915546417120757,-0.653485245719413,1.0,1.0
101000001000000111000100101010010101,4554,0.042197923345997465,-0.6288265802099167,1.0,1.0
101000001000000101000100101010000101,2002,0.058541675889758164,-0.718808561638583,1.0,1.0
101100001000000001000100101000010101,2174,0.045308183932197287,-0.6267782481226436,1.0,1.0
101100001010000001000101001011001101,8046,0.0,-0.5321342441674862,1.0,1.0
101100001010000001000101001011001101,9008,0.0,-0.5321342441674862,1.0,1.0
101000001000000101000100101010010101,9088,0.04915546417120757,-0.6727310451327506,1.0,1.0
100110001000000000000100101000010101,2984,0.06428683200212386,-0.7281198453903827,1.0,1.0
101000001000000101000101101010011101,4056,0.02778474446029736,-0.5920226362842448,1.0,1.0
101100001000000001000101101000011101,798,0.020199313434984843,-0.5452462465515736,1.0,1.0
101000001000000101000101101010001101,2250,0.02896790878635085,-0.6207590411129784,1.0,1.0
100000001000000100000100101010010101,5634,0.06428683200212387,-0.7531185803094718,1.0,1.0
101000001000000101000100101010010101,7974,0.04915546417120757,-0.6727310451327506,1.0,1.0
101100001000000001000101001011001101,2628,0.01646864342103375,-0.5706154278456519,1.0,1.0
101000001000000101000101101010001101,8930,0.02896790878635085,-0.6207590411129784,1.0,1.0
101100001000000001000101101010001101,2764,0.01342021303555645,-0.5523349172814558,1.0,1.0
101000001000000101000100101010000101,7870,0.058541675889758164,-0.718808561638583,1.0,1.0
000100001011100000001101001000001001,0,8.02643434475277,7.76272794514293,1.3877787807814457E-16,0.8
101100001010000001000101001010011101,1324,0.0,-0.51748043253097,1.0,1.0
100110001000011110111101011000011101,140,7.94829181419521,7.483735338586569,1.3877787807814457E-16,1.0
101000001000000101000100101010000101,4086,0.058541675889758164,-0.718808561638583,1.0,1.0
101000001000000101000100101010000101,9248,0.058541675889758164,-0.718808561638583,1.0,1.0
101100001010000001000101001011001101,5664,0.0,-0.5321342441674862,1.0,1.0
101000001000000101000100101010000101,9584,0.058541675889758164,-0.718808561638583,1.0,1.0
101100001000000001000101101000011101,898,0.020199313434984843,-0.5452462465515736,1.0,1.0
101000001010000001000100011000000101,964,0.11212817786359036,-0.7173134265554946,1.0,0.8
101000001000000111000100101010010101,5940,0.042197923345997465,-0.6288265802099167,1.0,1.0
111111001011001111111111100010001111,412,7.930667774156447,7.466355130952285,1.3877787807814457E-16,1.0
100111001110110110011011010100001101,602,7.931717975390481,7.507730157639509,1.3877787807814457E-16,1.0
101100001000000001000101101010001101,3262,0.01342021303555645,-0.5523349172814558,1.0,1.0
000101010110000000000001000010101010,0,7.9954398785914735,7.928830453459614,1.3877787807814457E-16,1.0
101000001000000101000101101010011101,4072,0.02778474446029736,-0.5920226362842448,1.0,1.0
101000001000000101000100101010010101,9608,0.04915546417120757,-0.6727310451327506,1.0,1.0
101000001000000101000101101010001101,2804,0.02896790878635085,-0.6207590411129784,1.0,1.0
101000001000000111000100101010010101,6896,0.042197923345997465,-0.6288265802099167,1.0,1.0
101100001000000001000000010001000101,678,0.20571561116255285,-0.4896565832263803,1.0,0.5000000000000001
101101001000000001000100101000000101,756,0.2343510693202683,-0.3724659483623859,0.40000000000000013,1.0
101100001000000001000101101010001101,4836,0.01342021303555645,-0.5523349172814558,1.0,1.0
011001010110110111111111111000001010,170,7.934552743488313,7.5314112315702415,1.3877787807814457E-16,1.0
101000001000000101000100101010000101,6572,0.058541675889758164,-0.718808561638583,1.0,1.0
100100001000000000000000001100000101,118,0.17752437480817818,0.1109052403274927,1.0,0.6000000000000001
101000001000000101000100101010000101,4450,0.058541675889758164,-0.718808561638583,1.0,1.0
101100001010000001000101101010001101,1524,7.401486830834377E-18,-0.5174804325309701,1.0,1.0
101000001000000101000100101010000101,9872,0.058541675889758164,-0.718808561638583,1.0,1.0
101000001000000101000100101010010101,5042,0.04915546417120757,-0.6727310451327506,1.0,1.0
101000001000000111000100101010010101,7892,0.042197923345997465,-0.6288265802099167,1.0,1.0
101000001000000101000101101010001101,7316,0.02896790878635085,-0.6207590411129784,1.0,1.0
101100001000000001000101101010001101,1598,0.01342021303555645,-0.5523349172814558,1.0,1.0
101100001000000011000101001011001101,4558,0.01060636497461925,-0.535865851909617,1.0,1.0
100000001000000100000100101010010101,8226,0.06428683200212387,-0.7531185803094718,1.0,1.0
101000001000000101000100101010010101,6502,0.04915546417120757,-0.6727310451327506,1.0,1.0
101000001000000101000100101010000101,9238,0.058541675889758164,-0.718808561638583,1.0,1.0
101000001000000101000100101010010101,9708,0.04915546417120757,-0.6727310451327506,1.0,1.0
101000001000000101000100101010000101,7422,0.058541675889758164,-0.718808561638583,1.0,1.0
101000001000000101000100101010000101,8264,0.058541675889758164,-0.718808561638583,1.0,1.0
101100001010000001000101001011001101,9516,0.0,-0.5321342441674862,1.0,1.0
101100001000000001000101101010001101,8654,0.01342021303555645,-0.5523349172814558,1.0,1.0
101000001000000101000100101010000101,2726,0.058541675889758164,-0.718808561638583,1.0,1.0
101000001000000101000100101010000101,3022,0.058541675889758164,-0.718808561638583,1.0,1.0
101100001000000001000101101010011101,1288,0.012752964523288468,-0.5273067499823855,1.0,1.0
111100001000000001000100101000010101,648,0.16124487060368686,-0.5930435394990209,0.6000000000000001,1.0
101100001000000011000101001011001101,2974,0.01060636497461925,-0.535865851909617,1.0,1.0
101100001000000001000100101000000101,968,0.05677934361918136,-0.6769796195884006,1.0,1.0
000010110101000100110100000001000010,0,7.959940941969058,7.688996825306192,1.3877787807814457E-16,0.9
101000001000000111000100101010010101,3348,0.042197923345997465,-0.6288265802099167,1.0,1.0
101000001000000101000100101010010101,8296,0.04915546417120757,-0.6727310451327506,1.0,1.0
101000001000000101000101101001001101,5354,0.028967908786350836,-0.6036906420694299,1.0,1.0
101000001000000101000100101010000101,7434,0.058541675889758164,-0.718808561638583,1.0,1.0
101100001000000001000101001011001101,6916,0.01646864342103375,-0.5706154278456519,1.0,1.0
101000001000000101000100101010010101,7066,0.04915546417120757,-0.6727310451327506,1.0,1.0
101000001000000101000101101001001101,5568,0.028967908786350836,-0.6036906420694299,1.0,1.0
101000001000000101000101101010001101,5302,0.02896790878635085,-0.6207590411129784,1.0,1.0
101000001000000101000100101010010101,8006,0.04915546417120757,-0.6727310451327506,1.0,1.0
101000001000000101000100001010010101,4332,0.058500822715255016,-0.7016466066105524,1.0,1.0
101000001000000101000100101010010101,2850,0.04915546417120757,-0.6727310451327506,1.0,1.0
101100001010000001000101001011001101,3872,0.0,-0.5321342441674862,1.0,1.0
101100001000000001000101101010001101,9642,0.01342021303555645,-0.5523349172814558,1.0,1.0
101000001000000101000100101010010101,5330,0.04915546417120757,-0.6727310451327506,1.0,1.0
101000001000000101000101101010001101,1868,0.02896790878635085,-0.6207590411129784,1.0,1.0
101100001010000101000100011100010101,758,0.40095851150330075,-0.2891048804108306,0.20000000000000015,1.0
101000001000000101000100101010010101,5824,0.04915546417120757,-0.6727310451327506,1.0,1.0
101000001100000101000101101010001101,5694,0.027529020313418744,-0.5847304891954584,1.0,1.0
101000001000000101000100101010000101,2598,0.058541675889758164,-0.718808561638583,1.0,1.0
101000001000000101000100101010010101,5680,0.04915546417120757,-0.6727310451327506,1.0,1.0
101000001000000101000100101010010101,5018,0.04915546417120757,-0.6727310451327506,1.0,1.0
101100001000000001000101001011001101,4858,0.01646864342103375,-0.5706154278456519,1.0,1.0
101000001000000101000100101010010101,3548,0.04915546417120757,-0.6727310451327506,1.0,1.0
101100001000000001000100101000010101,1674,0.045308183932197287,-0.6267782481226436,1.0,1.0
100000001000000100000100101010010101,3990,0.06428683200212387,-0.7531185803094718,1.0,1.0
101000001000000101000101101010001101,6378,0.02896790878635085,-0.6207590411129784,1.0,1.0
101100001000000001000101001011001101,2670,0.01646864342103375,-0.5706154278456519,1.0,1.0
101000001000000101000100101010010101,5082,0.04915546417120757,-0.6727310451327506,1.0,1.0
111110001000011101111111111110111111,448,7.950362374523841,7.387675733381862,1.3877787807814457E-16,1.0
101100001000000001000100101000000101,1406,0.05677934361918136,-0.6769796195884006,1.0,1.0
101000001000000101000100101010000101,8328,0.058541675889758164,-0.718808561638583,1.0,1.0
101000001000000101000100101010000101,8616,0.058541675889758164,-0.718808561638583,1.0,1.0
100000001000000100000100101010010101,7836,0.06428683200212387,-0.7531185803094718,1.0,1.0
100000001000000100000100101010010101,3026,0.06428683200212387,-0.7531185803094718,1.0,1.0
111100001000000001000100101000010101,446,0.16124487060368686,-0.5930435394990209,0.6000000000000001,1.0
101000001000000101000101101010001101,2156,0.02896790878635085,-0.6207590411129784,1.0,1.0
010100000011001010100001110010001000,0,7.9442050078707895,7.646901078238151,1.3877787807814457E-16,1.0
000010000001000000000100011000000000,734,0.32803937264016864,0.26142037869534207,1.0,0.30000000000000016
101100001000000001000101101010001101,4542,0.01342021303555645,-0.5523349172814558,1.0,1.0
101000001000000101000100101010000101,4068,0.058541675889758164,-0.718808561638583,1.0,1.0
100000001000000100000100101010010101,4760,0.06428683200212387,-0.7531185803094718,1.0,1.0
100000001000000100000100101010010101,6706,0.06428683200212387,-0.7531185803094718,1.0,1.0
101000001000000101000100101010010101,8478,0.04915546417120757,-0.6727310451327506,1.0,1.0
000100001000000000000100101100010001,730,0.10131455442492504,-0.2588436699239028,0.8,1.0
101100001000000001000101000000011101,760,0.022878745280337558,-0.40094607745379063,1.0,0.9
101000001000000101000100101010000101,5990,0.058541675889758164,-0.718808561638583,1.0,1.0
000000001001000000000000110000000011,0,0.2549753548010497,0.188358829568709,0.6000000000000001,0.7000000000000001
000010000000000000000011010000001000,386,0.1440509799928716,0.07743329934085989,1.0,0.7000000000000001
101000001000000101000100101010010101,3284,0.04915546417120757,-0.6727310451327506,1.0,1.0
101100001000000001000100101100010101,926,0.09040336555198158,-0.5584210781134485,0.8,1.0
101100001000000001000101001011001101,3508,0.01646864342103375,-0.5706154278456519,1.0,1.0
101000001000000101000100101010000101,5870,0.058541675889758164,-0.718808561638583,1.0,1.0
101000001000000101000100101010000101,5620,0.058541675889758164,-0.718808561638583,1.0,1.0
110101111001101110111111000011001111,372,7.932884189263341,7.488768044260745,1.3877787807814457E-16,1.0
101000001000000101000101101010001101,6694,0.02896790878635085,-0.6207590411129784,1.0,1.0
101100001100000001010100101000010101,768,0.1438162792204049,-0.4074646962749203,0.6000000000000001,1.0
101000001000000101000100101010000101,3224,0.058541675889758164,-0.718808561638583,1.0,1.0
101000001000000101000100101010000101,9028,0.058541675889758164,-0.718808561638583,1.0,1.0
101100001000000001000100101000010101,938,0.045308183932197287,-0.6267782481226436,1.0,1.0
101100001010000001000100011000000101,1092,0.06376483791786379,-0.7016466066105528,1.0,1.0
101000001000000101000100101010010101,8934,0.04915546417120757,-0.6727310451327506,1.0,1.0
101100001000000001000101001011001101,3078,0.01646864342103375,-0.5706154278456519,1.0,1.0
101000001000000101000100101010010101,6684,0.04915546417120757,-0.6727310451327506,1.0,1.0
100000001000000100000100101010010101,9670,0.06428683200212387,-0.7531185803094718,1.0,1.0
101000001000000101000101101010001101,3114,0.02896790878635085,-0.6207590411129784,1.0,1.0
101000001000000101000100101010010101,2798,0.04915546417120757,-0.6727310451327506,1.0,1.0
110100001011101100111110010011000111,154,7.951499234531919,7.402227031405638,1.3877787807814457E-16,1.0
101000001000000101000100101010000101,4552,0.058541675889758164,-0.718808561638583,1.0,1.0
101000001000000101000100101010000101,5728,0.058541675889758164,-0.718808561638583,1.0,1.0
100000001000000100000100101010010101,6688,0.06428683200212387,-0.7531185803094718,1.0,1.0
101000001000000101000101101010001101,5316,0.02896790878635085,-0.6207590411129784,1.0,1.0
101000001000000101000100101010000101,7462,0.058541675889758164,-0.718808561638583,1.0,1.0
101000001000000101000101101010001101,9878,0.02896790878635085,-0.6207590411129784,1.0,1.0
101000001000000101000100001010010101,3988,0.058500822715255016,-0.7016466066105524,1.0,1.0
101000001000000101000100101010010101,9808,0.04915546417120757,-0.6727310451327506,1.0,1.0
101000001000000101000100101010000101,5174,0.058541675889758164,-0.718808561638583,1.0,1.0
101000001000000101000101101010001101,9004,0.02896790878635085,-0.6207590411129784,1.0,1.0
101100001000000001000101101010001101,1356,0.01342021303555645,-0.5523349172814558,1.0,1.0
101100001000000001000100101000010101,796,0.045308183932197287,-0.6267782481226436,1.0,1.0
101100001010000001000101001011001101,3242,0.0,-0.5321342441674862,1.0,1.0
101100001000000001000100101010000101,3740,0.04759900120246822,-0.6427249660257898,1.0,1.0
101001100000000101000010000100000110,0,8.031383738734347,7.612790452114403,1.3877787807814457E-16,0.7000000000000001
101100001010000001000101001001001101,8930,0.01646864342103375,-0.5706154278456519,1.0,1.0
101000001000000101000100101010000101,6664,0.058541675889758164,-0.718808561638583,1.0,1.0
101100001000000001000101101010001101,1966,0.01342021303555645,-0.5523349172814558,1.0,1.0
101100001000000001000100101000000101,2924,0.05677934361918136,-0.6769796195884006,1.0,1.0
101000001000000101000100101010010101,9648,0.04915546417120757,-0.6727310451327506,1.0,1.0
101000001000000101000101101010011101,5614,0.02778474446029736,-0.5920226362842448,1.0,1.0
101000001000000101000101101010001101,3494,0.02896790878635085,-0.6207590411129784,1.0,1.0
101000001000000101000100101010000101,7154,0.058541675889758164,-0.718808561638583,1.0,1.0
101100001000000001000101101001001101,7506,0.019134240695146427,-0.5755963881095092,1.0,1.0
101100001000000001000100101000000101,1500,0.05677934361918136,-0.6769796195884006,1.0,1.0
101000001000000101000100101010000101,4026,0.058541675889758164,-0.718808561638583,1.0,1.0
101100001001000001000100111000010101,876,0.0958197023212,-0.5493581898776193,0.8,1.0
101000001000000101000100101010010101,3896,0.04915546417120757,-0.6727310451327506,1.0,1.0
101000001000000101000100101010000101,7572,0.058541675889758164,-0.718808561638583,1.0,1.0
100000001000000100000100101010010101,7914,0.06428683200212387,-0.7531185803094718,1.0,1.0
101000001000000101000100101010000101,9412,0.058541675889758164,-0.718808561638583,1.0,1.0
100000001000000100000100101010010101,6110,0.06428683200212387,-0.7531185803094718,1.0,1.0
101100001100000001000100101000010101,750,0.09432086787902932,-0.5468858098525746,0.8,1.0
101110001000000001000101101000001101,982,0.028691718631901134,-0.5959495352618653,1.0,1.0
101100001000000001000100101010000101,2398,0.04759900120246822,-0.6427249660257898,1.0,1.0
000010000000000000000011010000001010,0,0.1440509799928716,0.07743667604492249,1.0,0.7000000000000001
000001001000000000000000000000000011,0,0.6150550065040279,0.5484300410227586,0.8,0.10000000000000014
101100001000000001000100011000000101,762,0.11212817786359036,-0.6900873316731636,1.0,0.8
101000001000000101000100101010010101,5662,0.04915546417120757,-0.6727310451327506,1.0,1.0
111111111110111111000111101001001101,376,7.931330060329696,7.481347872000051,1.3877787807814457E-16,1.0
101100001010000001000101001011001101,4602,0.0,-0.5321342441674862,1.0,1.0
101100001000000001000100101000000101,1216,0.05677934361918136,-0.6769796195884006,1.0,1.0
111100111001111101111111111110111111,308,7.936335207747511,7.464515498589763,1.3877787807814457E-16,1.0
101000001000000101000101001010011101,4470,0.02869171863190114,-0.6127990667417597,1.0,1.0
101100001000000001000100101000010101,688,0.045308183932197287,-0.6267782481226436,1.0,1.0
101000001000000101000100101010010101,9082,0.04915546417120757,-0.6727310451327506,1.0,1.0
101000001000000101000100101010010101,9672,0.04915546417120757,-0.6727310451327506,1.0,1.0
111011010111110111011111001111111100,0,7.943549456197305,7.534956454532492,1.3877787807814457E-16,1.0
101100001000000001000101101001001101,4924,0.019134240695146427,-0.5755963881095092,1.0,1.0
101000001000000101000101101010001101,9180,0.02896790878635085,-0.6207590411129784,1.0,1.0
101100001000000001000100101000010101,790,0.045308183932197287,-0.6267782481226436,1.0,1.0
101000001000000111000100101010010101,4812,0.042197923345997465,-0.6288265802099167,1.0,1.0
101000001000000101000100101010010101,8850,0.04915546417120757,-0.6727310451327506,1.0,1.0
101000001000000101000100101010010101,8330,0.04915546417120757,-0.6727310451327506,1.0,1.0
101000001000000101000100101010010101,9750,0.04915546417120757,-0.6727310451327506,1.0,1.0
101000001000000101000101101010001101,7052,0.02896790878635085,-0.6207590411129784,1.0,1.0
101100001000000001000100111000000101,858,0.05658497618651423,-0.668161454599514,1.0,1.0
101000001000000101000101101010001101,5210,0.02896790878635085,-0.6207590411129784,1.0,1.0
101100001010000001000101001011001101,8496,0.0,-0.5321342441674862,1.0,1.0
101000001000000101000100101010000101,9714,0.058541675889758164,-0.718808561638583,1.0,1.0
100000001000000100000100101010010101,5486,0.06428683200212387,-0.7531185803094718,1.0,1.0
101000001000000101000100101010010101,8692,0.04915546417120757,-0.6727310451327506,1.0,1.0
101000001000000101000101101010011101,3692,0.02778474446029736,-0.5920226362842448,1.0,1.0
101100001010000001000001000000011101,886,0.022878745280337558,-0.40094607745379063,1.0,0.9
101100001000000001000101101010001101,3354,0.01342021303555645,-0.5523349172814558,1.0,1.0
101000001000000101000100101010000101,8912,0.058541675889758164,-0.718808561638583,1.0,1.0
101000001000000101000100101010000101,7620,0.058541675889758164,-0.718808561638583,1.0,1.0
101100001000000001000100101000000101,1174,0.05677934361918136,-0.6769796195884006,1.0,1.0
101110001000000001000101101010001101,2316,0.02197148929402432,-0.575771584634776,1.0,1.0
101000001000000101000101101010001101,2948,0.02896790878635085,-0.6207590411129784,1.0,1.0
101000001000000101000100101010010101,5572,0.04915546417120757,-0.6727310451327506,1.0,1.0
101000001000000101000100101010010101,6176,0.04915546417120757,-0.6727310451327506,1.0,1.0
101000001000000101000100101010000101,4418,0.058541675889758164,-0.718808561638583,1.0,1.0
101100001000000001000101101001001101,7224,0.019134240695146427,-0.5755963881095092,1.0,1.0
101000001000000101000100101010010101,5308,0.04915546417120757,-0.6727310451327506,1.0,1.0
101000001000000101000101101010001101,7036,0.02896790878635085,-0.6207590411129784,1.0,1.0
101000001000000101000100101001000101,1534,0.058541675889758164,-0.6960185301333155,1.0,1.0
100000001000000100000100101010010101,5880,0.06428683200212387,-0.7531185803094718,1.0,1.0
101000001000000101000101101010001101,1634,0.02896790878635085,-0.6207590411129784,1.0,1.0
100000001000000100000100101010010101,7312,0.06428683200212387,-0.7531185803094718,1.0,1.0
101100001000000001000100101010000101,2590,0.04759900120246822,-0.6427249660257898,1.0,1.0
101110001000000011000100101000000101,790,0.1069558292192832,-0.5645849627861784,0.8,1.0
111101111111101101101111101101101101,492,7.929384961540391,7.493476421853724,1.3877787807814457E-16,1.0
100000001000000100000100101010010101,8998,0.06428683200212387,-0.7531185803094718,1.0,1.0
101100001000000001000101101010001101,4778,0.01342021303555645,-0.5523349172814558,1.0,1.0
101100001010000001000101001011001101,9816,0.0,-0.5321342441674862,1.0,1.0
101000001000000101000101101010011101,9912,0.02778474446029736,-0.5920226362842448,1.0,1.0
101000001000000101000100101010010101,6048,0.04915546417120757,-0.6727310451327506,1.0,1.0
101100001000000001000101001011001101,3980,0.01646864342103375,-0.5706154278456519,1.0,1.0
100000001000000100000100101010010101,9104,0.06428683200212387,-0.7531185803094718,1.0,1.0
101000001000000101000100101010000101,8086,0.058541675889758164,-0.718808561638583,1.0,1.0
101100001010000001000101001011001101,2566,0.0,-0.5321342441674862,1.0,1.0
101000001000000101000101101010001101,4408,0.02896790878635085,-0.6207590411129784,1.0,1.0
111001111011111101110111111110111101,156,7.934236553231304,7.497289326375435,1.3877787807814457E-16,1.0
101110001000000001000101001011001101,2218,0.02427542377913409,-0.5915075730073454,1.0,1.0
101000001000000101000100101010000101,2480,0.058541675889758164,-0.718808561638583,1.0,1.0
000000000000010000010001010101001000,0,8.10636425339965,8.039750998052412,1.3877787807814457E-16,0.6000000000000001
101100001010000001000101101010001101,1720,7.401486830834377E-18,-0.5174804325309701,1.0,1.0
101100001000000001000101101010001101,9256,0.01342021303555645,-0.5523349172814558,1.0,1.0
101000001000000101000100101010010101,9456,0.04915546417120757,-0.6727310451327506,1.0,1.0
101000001000000101000100101010010101,2624,0.04915546417120757,-0.6727310451327506,1.0,1.0
101000001000000101000100101010000101,7492,0.058541675889758164,-0.718808561638583,1.0,1.0
100000001000000100000100101010010101,6546,0.06428683200212387,-0.7531185803094718,1.0,1.0
101000001000000101000100001010010101,4434,0.058500822715255016,-0.7016466066105524,1.0,1.0
101110001000000001000100101000010101,896,0.04915546417120757,-0.653485245719413,1.0,1.0
101000001000000101000101101010001101,7186,0.02896790878635085,-0.6207590411129784,1.0,1.0
101000001000000101000101101010001101,3486,0.02896790878635085,-0.6207590411129784,1.0,1.0
101100001000000001000101011000001101,694,0.0781636271607881,-0.5867245796007537,1.0,0.8
101100001000000001000101101001001101,5698,0.019134240695146427,-0.5755963881095092,1.0,1.0
101000001000000101000101101010001101,5254,0.02896790878635085,-0.6207590411129784,1.0,1.0
100000001000000100000100101010010101,5664,0.06428683200212387,-0.7531185803094718,1.0,1.0
101100001000000001000101101000001101,1970,0.021295159205162516,-0.5742030674696166,1.0,1.0
101000001000000101000101101010011101,4326,0.02778474446029736,-0.5920226362842448,1.0,1.0
101100001010000001000101001011001101,4090,0.0,-0.5321342441674862,1.0,1.0
101110001000000001000100101000000101,1274,0.05850082271525501,-0.6794006998092108,1.0,1.0
101100001000000001000100111000000101,1152,0.05658497618651423,-0.668161454599514,1.0,1.0
101100000001000001000001010000001100,696,0.13623463798387025,-0.16646077642420484,1.0,0.7000000000000001
101000001000000101000100101010000101,6774,0.058541675889758164,-0.718808561638583,1.0,1.0
101100001000000001000100101000010101,636,0.045308183932197287,-0.6267782481226436,1.0,1.0
101000001000000101000100101010010101,8102,0.04915546417120757,-0.6727310451327506,1.0,1.0
101000001000000101000100101010010101,5020,0.04915546417120757,-0.6727310451327506,1.0,1.0
101000001000000101000100101010010101,5400,0.04915546417120757,-0.6727310451327506,1.0,1.0
111110111101111111101111100111001111,122,7.9311843772394015,7.494560935688873,1.3877787807814457E-16,1.0
101100001000000001000101001011001101,4574,0.01646864342103375,-0.5706154278456519,1.0,1.0
101000001000000101000100101010000101,6936,0.058541675889758164,-0.718808561638583,1.0,1.0
101000001000000101000101101010001101,9530,0.02896790878635085,-0.6207590411129784,1.0,1.0
101100001000000001000100111000000101,1112,0.05658497618651423,-0.668161454599514,1.0,1.0
101100001000000001000101101001001101,9770,0.019134240695146427,-0.5755963881095092,1.0,1.0
101100001000000001000101101010001101,1476,0.01342021303555645,-0.5523349172814558,1.0,1.0
101100001000000001000101101010001101,1694,0.01342021303555645,-0.5523349172814558,1.0,1.0
001010001001010001000001111000001011,120,8.01831862387181,7.951710438719968,1.3877787807814457E-16,0.9
111100001011110111000011010000001101,476,7.950238214978433,7.400799186428827,1.3877787807814457E-16,1.0
101000001000000101000101101010001101,1330,0.02896790878635085,-0.6207590411129784,1.0,1.0
101100001010000001000101101010001101,2026,7.401486830834377E-18,-0.5174804325309701,1.0,1.0
011000001110110111011111010001001011,434,7.929371676653435,7.489408472493405,1.3877787807814457E-16,1.0
100000001000000100000100101010010101,7862,0.06428683200212387,-0.7531185803094718,1.0,1.0
101100001000000001000101001011001101,5608,0.01646864342103375,-0.5706154278456519,1.0,1.0
100000001000000100000100101010010101,7424,0.06428683200212387,-0.7531185803094718,1.0,1.0
101100001010000001000100011000000101,1818,0.06376483791786379,-0.7016466066105528,1.0,1.0
101000001000000101000100101010010101,7784,0.04915546417120757,-0.6727310451327506,1.0,1.0
101000001000000101000100101010010101,8720,0.04915546417120757,-0.6727310451327506,1.0,1.0
101100001010000001000101000000011101,962,0.0,-0.39078688140174417,1.0,1.0
101000001000000101000100101010000101,3596,0.058541675889758164,-0.718808561638583,1.0,1.0
101000001000000101000100101010010101,6454,0.04915546417120757,-0.6727310451327506,1.0,1.0
101000001100000101000101101010001101,6876,0.027529020313418744,-0.5847304891954584,1.0,1.0
101000001000000101000101101010001101,5884,0.02896790878635085,-0.6207590411129784,1.0,1.0
101000001000000101000100101010010101,9862,0.04915546417120757,-0.6727310451327506,1.0,1.0
101100001010000001000101001011001101,3966,0.0,-0.5321342441674862,1.0,1.0
101110001000000001000101101010001101,1244,0.02197148929402432,-0.575771584634776,1.0,1.0
101100001000000001000100101010000101,4430,0.04759900120246822,-0.6427249660257898,1.0,1.0
101100001010000001000100011000000101,1564,0.06376483791786379,-0.7016466066105528,1.0,1.0
101000001000000101000100101010010101,8576,0.04915546417120757,-0.6727310451327506,1.0,1.0
101100001000000001000101101000001101,1392,0.021295159205162516,-0.5742030674696166,1.0,1.0
101000001000000101000100101010010101,2806,0.04915546417120757,-0.6727310451327506,1.0,1.0
101100001010000001000101001011001101,2856,0.0,-0.5321342441674862,1.0,1.0
101000001000000101000100101010010101,5238,0.04915546417120757,-0.6727310451327506,1.0,1.0
101100001010000001000101001011001101,7940,0.0,-0.5321342441674862,1.0,1.0
101000001000000101000100101010000101,4590,0.058541675889758164,-0.718808561638583,1.0,1.0
101000001000000101000101101010001101,3154,0.02896790878635085,-0.6207590411129784,1.0,1.0
101000001000000101000100101010010101,8060,0.04915546417120757,-0.6727310451327506,1.0,1.0
101000001000000101000100101010000101,8020,0.058541675889758164,-0.718808561638583,1.0,1.0
101100001000001011001100101000000101,794,0.370832816414528,-0.10148157036374261,0.20000000000000015,1.0
101000001000000111000101101010001101,3432,0.022323337080113182,-0.5830308146850386,1.0,1.0
101000001000000101000100101010010101,8138,0.04915546417120757,-0.6727310451327506,1.0,1.0
101100001000000001000101001010011101,4294,0.013420213035556442,-0.5523349172814556,1.0,1.0
101000001000000101000100101010010101,9490,0.04915546417120757,-0.6727310451327506,1.0,1.0
101000001000000101000100101010000101,7490,0.058541675889758164,-0.718808561638583,1.0,1.0
101000001000000101000100101010010101,8704,0.04915546417120757,-0.6727310451327506,1.0,1.0
101110001000000001000100101000010101,970,0.04915546417120757,-0.653485245719413,1.0,1.0
101100001000000001000100101010000101,1878,0.04759900120246822,-0.6427249660257898,1.0,1.0
101000001000000101000100101010010101,6252,0.04915546417120757,-0.6727310451327506,1.0,1.0
101100001010000001000101001011001101,4404,0.0,-0.5321342441674862,1.0,1.0
100000001000000110000100101010010101,7274,0.056610515038364694,-0.694265051841163,1.0,1.0
101000001000000101000100101010000101,7544,0.058541675889758164,-0.718808561638583,1.0,1.0
101100001000000001000101001011001101,2662,0.01646864342103375,-0.5706154278456519,1.0,1.0
101000001000000101000100101010010101,9204,0.04915546417120757,-0.6727310451327506,1.0,1.0
101110001000000001000101101000011101,1068,0.02778474446029736,-0.5771413849573542,1.0,1.0
101000001000000101000100101010000101,3776,0.058541675889758164,-0.718808561638583,1.0,1.0
101100001010000111000100011000000101,726,0.17521492368664077,-0.5585855590938038,0.6000000000000001,1.0
101100001000000001000101101010001101,1418,0.01342021303555645,-0.5523349172814558,1.0,1.0
000111111110111110111000110101100011,0,7.9439765014216475,7.571441179556022,1.3877787807814457E-16,1.0
101000001000000101000101101010001101,7254,0.02896790878635085,-0.6207590411129784,1.0,1.0
110011111111001110111001010100001101,452,7.929358462871167,7.524800481994891,1.3877787807814457E-16,1.0
101110001000000001000101001011001101,2572,0.02427542377913409,-0.5915075730073454,1.0,1.0
101000001000000101000101001010011101,7818,0.02869171863190114,-0.6127990667417597,1.0,1.0
101000001000000101000101101010001101,7956,0.02896790878635085,-0.6207590411129784,1.0,1.0
101110001001000001000101101000011101,834,0.026402597488258978,-0.5489135608618279,1.0,1.0
101100001000000001000101001011001101,2842,0.01646864342103375,-0.5706154278456519,1.0,1.0
101000001000000101000101101010001101,3554,0.02896790878635085,-0.6207590411129784,1.0,1.0
101100001000000001000101101010001101,9632,0.01342021303555645,-0.5523349172814558,1.0,1.0
101100001000000001000101001011001101,4296,0.01646864342103375,-0.5706154278456519,1.0,1.0
101110001000000001000100101001000101,2000,0.05348777341480682,-0.670496082958724,1.0,1.0
001000000001010001100010110010000000,0,8.01831862387181,7.951708565880146,1.3877787807814457E-16,0.9
111101111000111111100111110011011111,272,7.931603422607436,7.4740266903751085,1.3877787807814457E-16,1.0
101000001000000101000101101010001101,8182,0.02896790878635085,-0.6207590411129784,1.0,1.0
101000001000000101000101101010001101,9842,0.02896790878635085,-0.6207590411129784,1.0,1.0
111111111011111011001011111110101111,0,7.933054519090405,7.4850348770421915,1.3877787807814457E-16,1.0
101000001000000101000100101010010101,6752,0.04915546417120757,-0.6727310451327506,1.0,1.0
101000001000000101000101101010011101,5610,0.02778474446029736,-0.5920226362842448,1.0,1.0
101100001000000001000100011000010101,780,0.10405400047048033,-0.6309456933051826,0.8,1.0
101100001010000001000100101000000101,818,0.057132833934567445,-0.6427249660257898,1.0,1.0
101000001000000101000100101010000101,6878,0.058541675889758164,-0.718808561638583,1.0,1.0
101110001000000001000101101010001101,1756,0.02197148929402432,-0.575771584634776,1.0,1.0
101100001010000001000100011000000101,1120,0.06376483791786379,-0.7016466066105528,1.0,1.0
101000001000000101000100101010000101,4520,0.058541675889758164,-0.718808561638583,1.0,1.0
101000001000000101000101101010001101,5892,0.02896790878635085,-0.6207590411129784,1.0,1.0
101000001000000011000101001011001101,2674,0.016208599629940167,-0.5549019286897723,1.0,1.0
101100001010000001000101101010001101,1380,7.401486830834377E-18,-0.5174804325309701,1.0,1.0
101100001010000001000101101010001101,2094,7.401486830834377E-18,-0.5174804325309701,1.0,1.0
101100001000000001000100101000010101,676,0.045308183932197287,-0.6267782481226436,1.0,1.0
101000001000000111000100101010010101,4402,0.042197923345997465,-0.6288265802099167,1.0,1.0
101100001000000001000101101000001101,1104,0.021295159205162516,-0.5742030674696166,1.0,1.0
101000001000000101000100101010010101,8066,0.04915546417120757,-0.6727310451327506,1.0,1.0
101000001000000101000100101010010101,2692,0.04915546417120757,-0.6727310451327506,1.0,1.0
101000001000000101000100101010000101,4818,0.058541675889758164,-0.718808561638583,1.0,1.0
101000001000000101000100101010000101,5470,0.058541675889758164,-0.718808561638583,1.0,1.0
011001001110110111011110110100000011,0,7.935181109124975,7.490141664570707,1.3877787807814457E-16,1.0
101000001000000101000101101010001101,3014,0.02896790878635085,-0.6207590411129784,1.0,1.0
100010000000000000000100101000000100,684,0.26557000433601874,0.1989504242869924,1.0,0.40000000000000013
101000001000000101000100101010010101,7572,0.04915546417120757,-0.6727310451327506,1.0,1.0
101110001000000001000101001011001101,7252,0.02427542377913409,-0.5915075730073454,1.0,1.0
101100001010000001010100101000010101,716,0.08128347311146489,-0.4714103935069181,0.8,1.0
101100001010000001000101101010001101,2228,7.401486830834377E-18,-0.5174804325309701,1.0,1.0
101000001000000101000101101010001101,8450,0.02896790878635085,-0.6207590411129784,1.0,1.0
101100001000000001000101101001001101,7928,0.019134240695146427,-0.5755963881095092,1.0,1.0
100000001000000100000100101010010101,7058,0.06428683200212387,-0.7531185803094718,1.0,1.0
101000001000000101000100101010010101,6522,0.04915546417120757,-0.6727310451327506,1.0,1.0
101000001000000101000100101010010101,9226,0.04915546417120757,-0.6727310451327506,1.0,1.0
101000001000000101000100101010010101,4222,0.04915546417120757,-0.6727310451327506,1.0,1.0
101000001000000101000100101010000101,5908,0.058541675889758164,-0.718808561638583,1.0,1.0
101100001000000001000101101010001101,7334,0.01342021303555645,-0.5523349172814558,1.0,1.0
101100001000000001000101001011001101,2658,0.01646864342103375,-0.5706154278456519,1.0,1.0
100000001000000100000100101010010101,2840,0.06428683200212387,-0.7531185803094718,1.0,1.0
101000001000000101000100101010000101,5620,0.058541675889758164,-0.718808561638583,1.0,1.0
101000001000000101000101101010001101,8040,0.02896790878635085,-0.6207590411129784,1.0,1.0
100000001000000100000100101010010101,9420,0.06428683200212387,-0.7531185803094718,1.0,1.0
101110001000000001000100101000010101,1690,0.04915546417120757,-0.653485245719413,1.0,1.0
101000001000000101000100101010000101,7674,0.058541675889758164,-0.718808561638583,1.0,1.0
101000001000000101000101101010001101,4682,0.02896790878635085,-0.6207590411129784,1.0,1.0
101000001000000101000101101010001101,3156,0.02896790878635085,-0.6207590411129784,1.0,1.0
101100001000000001000101101010001101,2894,0.01342021303555645,-0.5523349172814558,1.0,1.0
101000001000000101000101101010001101,3892,0.02896790878635085,-0.6207590411129784,1.0,1.0
101000001000000101000100101010010101,3958,0.04915546417120757,-0.6727310451327506,1.0,1.0
101000001000000101000100101010000101,8316,0.058541675889758164,-0.718808561638583,1.0,1.0
101000001000000101000100101010010101,5066,0.04915546417120757,-0.6727310451327506,1.0,1.0
101100001000000001000101001011001101,2122,0.01646864342103375,-0.5706154278456519,1.0,1.0
101100001000000001000101010000001101,662,0.09339451194394306,-0.42194019816608486,1.0,0.7000000000000001
101000001000000101000100101010010101,5994,0.04915546417120757,-0.6727310451327506,1.0,1.0
101000001000000101000101101010001101,3336,0.02896790878635085,-0.6207590411129784,1.0,1.0
101000001000000101000100101010010101,8404,0.04915546417120757,-0.6727310451327506,1.0,1.0
101000001000000101000101101010001101,5080,0.02896790878635085,-0.6207590411129784,1.0,1.0
101000001000000101000100101010000101,6834,0.058541675889758164,-0.718808561638583,1.0,1.0
101000001000000101000100101010000101,7646,0.058541675889758164,-0.718808561638583,1.0,1.0
110001010110001110101011101111111110,134,7.934532943121041,7.552186593227662,1.3877787807814457E-16,1.0
101000001000000101000100101010010101,5866,0.04915546417120757,-0.6727310451327506,1.0,1.0
101100001010000001000101001011001101,9770,0.0,-0.5321342441674862,1.0,1.0
101000001000000101000100101010010101,7018,0.04915546417120757,-0.6727310451327506,1.0,1.0
101100001010000001000101001011001101,2458,0.0,-0.5321342441674862,1.0,1.0
101100001010000001000101001011001101,8518,0.0,-0.5321342441674862,1.0,1.0
101000001000000101000100101010000101,5834,0.058541675889758164,-0.718808561638583,1.0,1.0
111111101111001111111001111101011111,268,7.928839878591473,7.499251170116276,1.3877787807814457E-16,1.0
101111001110111101011111111110101111,632,7.931507649854034,7.463127979249405,1.3877787807814457E-16,1.0
101000001000000101000100101010010101,4292,0.04915546417120757,-0.6727310451327506,1.0,1.0
101000001000000001000100101000000101,456,0.1440509799928716,0.07743506863855361,1.0,0.7000000000000001
101100001000000001000100101010000101,7724,0.04759900120246822,-0.6427249660257898,1.0,1.0
101000001000000101000100101010010101,3144,0.04915546417120757,-0.6727310451327506,1.0,1.0
100000001000000100000100101010010101,7674,0.06428683200212387,-0.7531185803094718,1.0,1.0
101000001000000101000100101010010101,7632,0.04915546417120757,-0.6727310451327506,1.0,1.0
101000001000000101000100101010010101,3210,0.04915546417120757,-0.6727310451327506,1.0,1.0
101100001000000001000100101000000101,1122,0.05677934361918136,-0.6769796195884006,1.0,1.0
101000001000000101000100101010010101,5114,0.04915546417120757,-0.6727310451327506,1.0,1.0
101100001000000001000101000000011101,760,0.022878745280337558,-0.40094607745379063,1.0,0.9
101110001000000001000100101010010101,2032,0.042197923345997465,-0.6288265802099167,1.0,1.0
101000001000000101000101101010001101,5786,0.02896790878635085,-0.6207590411129784,1.0,1.0
111100001010000001000100011000000101,782,0.263342897435162,-0.5674977431287133,0.40000000000000013,1.0
101000001000000101000100101010010101,4484,0.04915546417120757,-0.6727310451327506,1.0,1.0
101100001010000001000101001011001101,3162,0.0,-0.5321342441674862,1.0,1.0
101000001000000101000100101010010101,9148,0.04915546417120757,-0.6727310451327506,1.0,1.0
101000001000000101000100101010010101,4402,0.04915546417120757,-0.6727310451327506,1.0,1.0
101000001000000101000100101010000101,2972,0.058541675889758164,-0.718808561638583,1.0,1.0
101000001000000101000100101010010101,7404,0.04915546417120757,-0.6727310451327506,1.0,1.0
101000001000000101000100101010000101,6922,0.058541675889758164,-0.718808561638583,1.0,1.0
101000001000000101000100101010010101,7844,0.04915546417120757,-0.6727310451327506,1.0,1.0
100000001000000100000100101010010101,9094,0.06428683200212387,-0.7531185803094718,1.0,1.0
101100001010000001000101101010001101,2138,7.401486830834377E-18,-0.5174804325309701,1.0,1.0
101000001000000101000100101010010101,4386,0.04915546417120757,-0.6727310451327506,1.0,1.0
101100001000000001000100101000000101,1186,0.05677934361918136,-0.6769796195884006,1.0,1.0
101000001000000101000100101010010101,9974,0.04915546417120757,-0.6727310451327506,1.0,1.0
101000001000000101000100101010000101,6598,0.058541675889758164,-0.718808561638583,1.0,1.0
101000001000000101000100101010010101,9558,0.04915546417120757,-0.6727310451327506,1.0,1.0
101000001000000101000100101010010101,6716,0.04915546417120757,-0.6727310451327506,1.0,1.0
101100001000000001000100011000000101,682,0.11212817786359036,-0.6900873316731636,1.0,0.8
101000001000000101000100101010010101,9598,0.04915546417120757,-0.6727310451327506,1.0,1.0
111110001000000001000100101010000101,548,0.16498662331259628,-0.604987900344635,0.6000000000000001,1.0
101000001000000101000100101010000101,8438,0.058541675889758164,-0.718808561638583,1.0,1.0
101000001000000101000100101010010101,6168,0.04915546417120757,-0.6727310451327506,1.0,1.0
101100001000000001000101001011001101,3168,0.01646864342103375,-0.5706154278456519,1.0,1.0
101100001000000001000101101010001101,6708,0.01342021303555645,-0.5523349172814558,1.0,1.0
000010000000000000000011010100111010,170,8.072890858584344,8.00628121731224,1.3877787807814457E-16,0.7000000000000001
101100001000000001000101001110001101,2092,0.01620859962994019,-0.5549019286897726,1.0,1.0
101000001000000101000100101010010101,7758,0.04915546417120757,-0.6727310451327506,1.0,1.0
101000001000000101000100101010000101,9484,0.058541675889758164,-0.718808561638583,1.0,1.0
111010000000100011011000000100010100,0,7.958942708871489,7.619386136289872,1.3877787807814457E-16,0.9
101000001000000101000100101010000101,6222,0.058541675889758164,-0.718808561638583,1.0,1.0
101000001000000101000100101010000101,4846,0.058541675889758164,-0.718808561638583,1.0,1.0
101110001000000001000100101000010101,1794,0.04915546417120757,-0.653485245719413,1.0,1.0
101000001000000101000100101010000101,6884,0.058541675889758164,-0.718808561638583,1.0,1.0
101000001000000101000101101010001101,5342,0.02896790878635085,-0.6207590411129784,1.0,1.0
101000001000000101000100101010000101,7886,0.058541675889758164,-0.718808561638583,1.0,1.0
100000001000000100000100101010010101,5814,0.06428683200212387,-0.7531185803094718,1.0,1.0
101000001000000101000100101010010101,7618,0.04915546417120757,-0.6727310451327506,1.0,1.0
101100001000000001000101101010001101,1922,0.01342021303555645,-0.5523349172814558,1.0,1.0
101000001000000101000100101010010101,5518,0.04915546417120757,-0.6727310451327506,1.0,1.0
101000001000000101000101101010001101,1954,0.02896790878635085,-0.6207590411129784,1.0,1.0
100000001000000100000100101010010101,7996,0.06428683200212387,-0.7531185803094718,1.0,1.0
101000001000000101000100101010010101,9828,0.04915546417120757,-0.6727310451327506,1.0,1.0
101000001000000101000100101010000101,7010,0.058541675889758164,-0.718808561638583,1.0,1.0
100100001011111100100111010111001111,102,7.945523234379695,7.455829317636708,1.3877787807814457E-16,1.0
101100001000000001000101101010001101,2196,0.01342021303555645,-0.5523349172814558,1.0,1.0
101000001000000111000100101010010101,5780,0.042197923345997465,-0.6288265802099167,1.0,1.0
101000001000000101000101101010001101,9344,0.02896790878635085,-0.6207590411129784,1.0,1.0
100000001000000100000100101010010101,4354,0.06428683200212387,-0.7531185803094718,1.0,1.0
100000001000000100000100101010010101,6862,0.06428683200212387,-0.7531185803094718,1.0,1.0
101100001010000001000101001011001101,7460,0.0,-0.5321342441674862,1.0,1.0
101100001001000001000100101000000111,700,0.2583561503292934,-0.5000131980812841,0.40000000000000013,1.0
101100000000000001000101101000011100,822,0.036391785934236705,-0.2860042045595319,1.0,1.0
101000001000000101000100101010010101,6394,0.04915546417120757,-0.6727310451327506,1.0,1.0
101100001010000001000101001011001101,3126,0.0,-0.5321342441674862,1.0,1.0
101000001000000101000101101010001101,5584,0.02896790878635085,-0.6207590411129784,1.0,1.0
101000001000000101000101101010011101,3684,0.02778474446029736,-0.5920226362842448,1.0,1.0
101100001000000001000101001011001101,3106,0.01646864342103375,-0.5706154278456519,1.0,1.0
101100001000000001000100101000000101,1170,0.05677934361918136,-0.6769796195884006,1.0,1.0
101100001000000001000100101000010101,1998,0.045308183932197287,-0.6267782481226436,1.0,1.0
110110101111111110111111011010011101,588,7.933543475643152,7.477306386952941,1.3877787807814457E-16,1.0
101000001000000101000100101010010101,6596,0.04915546417120757,-0.6727310451327506,1.0,1.0
101000001000000101000100101010010101,4820,0.04915546417120757,-0.6727310451327506,1.0,1.0
100000001000000100000100101010010101,5868,0.06428683200212387,-0.7531185803094718,1.0,1.0
101000001000000101000101101010011101,8966,0.02778474446029736,-0.5920226362842448,1.0,1.0
111101111011110111011011011110001111,234,7.93913154924719,7.488820231724417,1.3877787807814457E-16,1.0
101100001000000001000101001011001101,5366,0.01646864342103375,-0.5706154278456519,1.0,1.0
101000001000000101000101101010001101,4360,0.02896790878635085,-0.6207590411129784,1.0,1.0
111111111110111111100111110011011111,0,7.932302878626882,7.472824271991963,1.3877787807814457E-16,1.0
101100001010000001000100011000000101,1088,0.06376483791786379,-0.7016466066105528,1.0,1.0
101100001000000001000100101010000101,8592,0.04759900120246822,-0.6427249660257898,1.0,1.0
111111101011001111111111110100001111,214,7.936855731362897,7.477064343927278,1.3877787807814457E-16,1.0
101000001000000101000100101010010101,7140,0.04915546417120757,-0.6727310451327506,1.0,1.0
101000001000000101000100101010010101,4494,0.04915546417120757,-0.6727310451327506,1.0,1.0
101000001000000101000100101010000101,3628,0.058541675889758164,-0.718808561638583,1.0,1.0
111100001000001111111111101111101111,602,7.949558354304441,7.387246883128844,1.3877787807814457E-16,1.0
101000001000000111000100101010010101,6070,0.042197923345997465,-0.6288265802099167,1.0,1.0
101000001000000101000100101010000101,8518,0.058541675889758164,-0.718808561638583,1.0,1.0
101000001000000101000100101010010101,6974,0.04915546417120757,-0.6727310451327506,1.0,1.0
101000001000000101000100101010010101,7706,0.04915546417120757,-0.6727310451327506,1.0,1.0
101000001000000101000100101010010101,8658,0.04915546417120757,-0.6727310451327506,1.0,1.0
101000001000000101000100101010010101,5372,0.04915546417120757,-0.6727310451327506,1.0,1.0
101000001000000101000100101010000101,2592,0.058541675889758164,-0.718808561638583,1.0,1.0
110100111111011000010111011011011111,0,7.946573272579825,7.414070341655741,1.3877787807814457E-16,1.0
100000001000000100000100101010010101,9458,0.06428683200212387,-0.7531185803094718,1.0,1.0
101000001000000101000100101010010101,3216,0.04915546417120757,-0.6727310451327506,1.0,1.0
101000001000000101000100101010010101,3560,0.04915546417120757,-0.6727310451327506,1.0,1.0
101000001000000101000100101010000101,6502,0.058541675889758164,-0.718808561638583,1.0,1.0
101000001000000101000101101010001101,6788,0.02896790878635085,-0.6207590411129784,1.0,1.0
101100001010000001000101000000011101,880,0.0,-0.39078688140174417,1.0,1.0
111000001100111111110101100010111111,610,7.931456592476742,7.48568639347173,1.3877787807814457E-16,1.0
101100001000000001000100100000010101,814,0.05874130470651287,-0.4503623600671562,1.0,0.9
101110001000000001000101001110001101,1952,0.024243214018406397,-0.5779812855909758,1.0,1.0
101001011111101111111111101111111111,0,7.9343404681411585,7.505120374619297,1.3877787807814457E-16,1.0
101000001000000101000101101010001101,9328,0.02896790878635085,-0.6207590411129784,1.0,1.0
101000001000000101000100101010000101,5676,0.058541675889758164,-0.718808561638583,1.0,1.0
101000001000000101000101101001001101,5926,0.028967908786350836,-0.6036906420694299,1.0,1.0
101100001000000011000101001011001101,2924,0.01060636497461925,-0.535865851909617,1.0,1.0
101000001000000111000101001011001101,4764,0.024243214018406397,-0.5779812855909758,1.0,1.0
101000001000000101000100101010010101,8464,0.04915546417120757,-0.6727310451327506,1.0,1.0
101100001000000001000101101000001101,1780,0.021295159205162516,-0.5742030674696166,1.0,1.0
101100001010000001000101001011001101,6348,0.0,-0.5321342441674862,1.0,1.0
101000001000000101000100101010010101,6064,0.04915546417120757,-0.6727310451327506,1.0,1.0
101000001000000111000100101010010101,6724,0.042197923345997465,-0.6288265802099167,1.0,1.0
101100001000000001000101101000001101,1438,0.021295159205162516,-0.5742030674696166,1.0,1.0
101000001000000101000101101010001101,4396,0.02896790878635085,-0.6207590411129784,1.0,1.0
101000001000000101000100101010010101,6822,0.04915546417120757,-0.6727310451327506,1.0,1.0
100100001000000000000100101000010101,1002,0.06666666666666667,-0.689160514855182,1.0,1.0
101100001000000001000101101010001101,3868,0.01342021303555645,-0.5523349172814558,1.0,1.0
000010000000000000000100101000000000,472,0.32803937264016864,0.2614128619456911,1.0,0.30000000000000016
101100001000000001000100101000010101,1110,0.045308183932197287,-0.6267782481226436,1.0,1.0
011101010111010001000000111011010010,0,7.939488787219021,7.551839387404138,1.3877787807814457E-16,1.0
101000001000000101000101101010001101,3768,0.02896790878635085,-0.6207590411129784,1.0,1.0
111111111110111111000111100011011101,104,7.939755958735351,7.513574283626116,1.3877787807814457E-16,1.0
101000001000000101000100101010010101,3502,0.04915546417120757,-0.6727310451327506,1.0,1.0
101000001000000101000101101010001101,3708,0.02896790878635085,-0.6207590411129784,1.0,1.0
101000001000000101000100101010010101,6004,0.04915546417120757,-0.6727310451327506,1.0,1.0
101000001000000111000101101010001101,6516,0.022323337080113182,-0.5830308146850386,1.0,1.0
101000001000000101000100101010010101,8472,0.04915546417120757,-0.6727310451327506,1.0,1.0
101100001000100001000100011000000101,724,0.25033573944274384,-0.4279008985294913,0.40000000000000013,1.0
101000001000000101000100101010010101,8462,0.04915546417120757,-0.6727310451327506,1.0,1.0
101100001000000001000100101000000101,1468,0.05677934361918136,-0.6769796195884006,1.0,1.0
101100001000000001000101101001001101,7524,0.019134240695146427,-0.5755963881095092,1.0,1.0
100000001000000110000100101010010101,4224,0.056610515038364694,-0.694265051841163,1.0,1.0
101100001000000001000100101000010101,890,0.045308183932197287,-0.6267782481226436,1.0,1.0
101110001000000001000101101000001101,956,0.028691718631901134,-0.5959495352618653,1.0,1.0
011011111111001011010111010111111011,102,7.9324904888391625,7.525979554253416,1.3877787807814457E-16,1.0
101100001010000001000101001011001101,5832,0.0,-0.5321342441674862,1.0,1.0
100000001000000110000100101010010101,3064,0.056610515038364694,-0.694265051841163,1.0,1.0
101000001000000101000100101010000101,4450,0.058541675889758164,-0.718808561638583,1.0,1.0
101000001000000101000100101010000101,3782,0.058541675889758164,-0.718808561638583,1.0,1.0
101000001000000101000100101010000101,4554,0.058541675889758164,-0.718808561638583,1.0,1.0
101000001000000101000100101010000101,7148,0.058541675889758164,-0.718808561638583,1.0,1.0
100101011110010110110100001110010101,136,7.933709754850644,7.562666038637268,1.3877787807814457E-16,1.0
101100001010000001000100011100000101,930,0.10435921465239559,-0.6070127834676141,0.8,1.0
101100001000000001000101101000001101,1798,0.021295159205162516,-0.5742030674696166,1.0,1.0
101000001000000101000100101010000101,2488,0.058541675889758164,-0.718808561638583,1.0,1.0
100000001000000100000100101010010101,8014,0.06428683200212387,-0.7531185803094718,1.0,1.0
101000001000000101000100101010000101,4146,0.058541675889758164,-0.718808561638583,1.0,1.0
101000001000000101000100101010010101,4800,0.04915546417120757,-0.6727310451327506,1.0,1.0
101100001000000001000101101010011101,1252,0.012752964523288468,-0.5273067499823855,1.0,1.0
011011111111001011010111010111111011,236,7.9324904888391625,7.525979554253416,1.3877787807814457E-16,1.0
100010000000000000000100101000000100,620,0.26557000433601874,0.1989504242869924,1.0,0.40000000000000013
101000001000000101000100101010000101,4272,0.058541675889758164,-0.718808561638583,1.0,1.0
111011101011001111011111101001011101,614,7.930520606749197,7.46770236565081,1.3877787807814457E-16,1.0
100010000001000000000001010000001100,680,0.1440509799928716,0.07743582850673883,1.0,0.7000000000000001
111111011011010101000001101101011111,226,7.941266009058132,7.428427110519615,1.3877787807814457E-16,1.0
101100001010000001010000000000000101,670,0.19482968884823254,-0.3007974510950353,1.0,0.5000000000000001
101000001000000101000100101010010101,8498,0.04915546417120757,-0.6727310451327506,1.0,1.0
011000001110110111011111010001001011,410,7.929371676653435,7.489408472493405,1.3877787807814457E-16,1.0
101000001000000101000100101010000101,5972,0.058541675889758164,-0.718808561638583,1.0,1.0
101110001000000001000100101000000101,1040,0.05850082271525501,-0.6794006998092108,1.0,1.0
101110001000000001000100101000000101,1786,0.05850082271525501,-0.6794006998092108,1.0,1.0
111110001001000011111111000011001111,540,7.947373719987819,7.3902864025723325,1.3877787807814457E-16,1.0
101000001000000101000100101010010101,4900,0.04915546417120757,-0.6727310451327506,1.0,1.0
101100001000000001000101001011001101,2734,0.01646864342103375,-0.5706154278456519,1.0,1.0
101000001000000101000101101001001101,6868,0.028967908786350836,-0.6036906420694299,1.0,1.0
101000001000000101000101101010001101,1704,0.02896790878635085,-0.6207590411129784,1.0,1.0
101100001000000001000101101010001101,2008,0.01342021303555645,-0.5523349172814558,1.0,1.0
101100001000000001000100101000000101,2342,0.05677934361918136,-0.6769796195884006,1.0,1.0
101000001000000101000100101010000101,4266,0.058541675889758164,-0.718808561638583,1.0,1.0
101000001000000101000100101010000101,7890,0.058541675889758164,-0.718808561638583,1.0,1.0
101000001000000101000100101010010101,9300,0.04915546417120757,-0.6727310451327506,1.0,1.0
101000001000000101000101101010001101,9200,0.02896790878635085,-0.6207590411129784,1.0,1.0
101000001000000101000100101010000101,9582,0.058541675889758164,-0.718808561638583,1.0,1.0
101100001010000001000101101010001101,2040,7.401486830834377E-18,-0.5174804325309701,1.0,1.0
101100001000000011000101001011001101,4612,0.01060636497461925,-0.535865851909617,1.0,1.0
101000001000000101000100101010010101,9986,0.04915546417120757,-0.6727310451327506,1.0,1.0
101000001000000111000100101010010101,9538,0.042197923345997465,-0.6288265802099167,1.0,1.0
101000001000000101000101101010001101,9938,0.02896790878635085,-0.6207590411129784,1.0,1.0
101000001000000101000100101010010101,6154,0.04915546417120757,-0.6727310451327506,1.0,1.0
101000001000000101000101101010001101,8916,0.02896790878635085,-0.6207590411129784,1.0,1.0
101000001000000101000100101010010101,7596,0.04915546417120757,-0.6727310451327506,1.0,1.0
110010111110011110011110110100000111,164,7.948809030298011,7.4487545418140035,1.3877787807814457E-16,1.0
101000001000000001000101101000001101,744,0.1440509799928716,0.07743785662814763,1.0,0.7000000000000001
101000001000000101000100101010010101,8954,0.04915546417120757,-0.6727310451327506,1.0,1.0
101000001000000101000100101010000101,5200,0.058541675889758164,-0.718808561638583,1.0,1.0
101000001000000101000101101010001101,3148,0.02896790878635085,-0.6207590411129784,1.0,1.0
101000001000000101000100101010010101,6704,0.04915546417120757,-0.6727310451327506,1.0,1.0
101100001000000001000100101010000101,7974,0.04759900120246822,-0.6427249660257898,1.0,1.0
111111011111000101011001011110111101,250,7.935002713908138,7.462123691436646,1.3877787807814457E-16,1.0
010101111001110110101110010011000011,254,7.932564035407118,7.514761339640895,1.3877787807814457E-16,1.0
010101010111110110111101111101111010,256,7.930165679532929,7.529634863449887,1.3877787807814457E-16,1.0
100000001000000100000100101010010101,5026,0.06428683200212387,-0.7531185803094718,1.0,1.0
001111110000111101111001010111101010,0,7.980495711550758,7.631037878712843,1.3877787807814457E-16,1.0
101000001000000101000100101010000101,7748,0.058541675889758164,-0.718808561638583,1.0,1.0
101110001000000001000101101010001101,1546,0.02197148929402432,-0.575771584634776,1.0,1.0
101100001000000001000101001011001101,5092,0.01646864342103375,-0.5706154278456519,1.0,1.0
001010000000000001000001101000001000,682,0.1440509799928716,0.07743366345965523,1.0,0.7000000000000001
101000001000000101000100101010010101,5400,0.04915546417120757,-0.6727310451327506,1.0,1.0
101000001000000101000100101010000101,9744,0.058541675889758164,-0.718808561638583,1.0,1.0
010010000100001010010010011110110000,110,7.973498396606988,7.450190563650878,1.3877787807814457E-16,1.0
101100001000000001000101101010001101,2774,0.01342021303555645,-0.5523349172814558,1.0,1.0
101000001000000101000101101010001101,3570,0.02896790878635085,-0.6207590411129784,1.0,1.0
000110011000100000010011000101011011,104,7.954301334750364,7.569746870121094,1.3877787807814457E-16,1.0
101100001010001001000000101000000101,770,0.08539813157095763,-0.41486375852666774,0.8,1.0
101000001000000101000100101010010101,7364,0.04915546417120757,-0.6727310451327506,1.0,1.0
110110101111111110111111001011011111,342,7.9345989206193375,7.469666591158564,1.3877787807814457E-16,1.0
101100001000000001000100101010000101,3438,0.04759900120246822,-0.6427249660257898,1.0,1.0
101100001010000001000101101011001101,1644,0.0,-0.504721657922814,1.0,1.0
101000001000000101000100001010000101,2104,0.08954541194700422,-0.7428896877791852,1.0,0.9
101100001000000001000100011000000101,906,0.11212817786359036,-0.6900873316731636,1.0,0.8
101000001000000101000100101010010101,8604,0.04915546417120757,-0.6727310451327506,1.0,1.0
101110001000000001000100101000000101,1502,0.05850082271525501,-0.6794006998092108,1.0,1.0
000011001001000010011010010100000001,0,7.991429889318913,7.717481019364007,1.3877787807814457E-16,0.9
101100001000000001000101101001001101,5750,0.019134240695146427,-0.5755963881095092,1.0,1.0
000101000000001000100000001000100000,0,8.145954876423463,8.07934208976161,1.3877787807814457E-16,0.5000000000000001
101000001000000101000100101010000101,6026,0.058541675889758164,-0.718808561638583,1.0,1.0
101000001000000101000100101010010101,6544,0.04915546417120757,-0.6727310451327506,1.0,1.0
101100001010000001000101001011001101,2966,0.0,-0.5321342441674862,1.0,1.0
101000001000000101000100101010010101,6482,0.04915546417120757,-0.6727310451327506,1.0,1.0
101100001000000001000101101001001101,9056,0.019134240695146427,-0.5755963881095092,1.0,1.0
101000001000000101000100101010000101,9292,0.058541675889758164,-0.718808561638583,1.0,1.0
101000001000000101000100101010010101,4422,0.04915546417120757,-0.6727310451327506,1.0,1.0
101000001000000101000100101010010101,4966,0.04915546417120757,-0.6727310451327506,1.0,1.0
101000001000000101000100101010000101,9844,0.058541675889758164,-0.718808561638583,1.0,1.0
101000001000000101000100101010000101,9274,0.058541675889758164,-0.718808561638583,1.0,1.0
101000001000000101000100101010010101,3574,0.04915546417120757,-0.6727310451327506,1.0,1.0
101000001000000101000100101010010101,6564,0.04915546417120757,-0.6727310451327506,1.0,1.0
101000001000000101000100101010000101,3420,0.058541675889758164,-0.718808561638583,1.0,1.0
101000001000000101000100101010010101,5766,0.04915546417120757,-0.6727310451327506,1.0,1.0
101100001010000001000100011000010101,752,0.10438284398310553,-0.6019649335547319,0.8,1.0
101100001010000001000101001011001101,4338,0.0,-0.5321342441674862,1.0,1.0
010100110110100010001011100001111000,0,7.949038357982561,7.612103023584827,1.3877787807814457E-16,1.0
101000001000000101000100101010000101,6038,0.058541675889758164,-0.718808561638583,1.0,1.0
100000001000000100000100101010010101,7280,0.06428683200212387,-0.7531185803094718,1.0,1.0
101000001000000101000100101010000101,5222,0.058541675889758164,-0.718808561638583,1.0,1.0
101100001000000001000101001011001101,3100,0.01646864342103375,-0.5706154278456519,1.0,1.0
101000001000000101000100101010000101,5634,0.058541675889758164,-0.718808561638583,1.0,1.0
101000001000000101000100101010010101,8998,0.04915546417120757,-0.6727310451327506,1.0,1.0
001110000001101011010110001110000010,110,7.958569331555893,7.505948939660498,1.3877787807814457E-16,1.0
101000001000000101000100101010000101,9968,0.058541675889758164,-0.718808561638583,1.0,1.0
100000001000000110000100101010010101,7072,0.056610515038364694,-0.694265051841163,1.0,1.0
101000001000000101000101101010001101,2838,0.02896790878635085,-0.6207590411129784,1.0,1.0
101100001000000001000101101010001101,2876,0.01342021303555645,-0.5523349172814558,1.0,1.0
101100001010000001000100011000000101,1184,0.06376483791786379,-0.7016466066105528,1.0,1.0
101100001000000001000101001011001101,7506,0.01646864342103375,-0.5706154278456519,1.0,1.0
101000001000000101000101101010001101,9608,0.02896790878635085,-0.6207590411129784,1.0,1.0
101000001000000101000100101010000101,3180,0.058541675889758164,-0.718808561638583,1.0,1.0
101000001000000111000101101010001101,6498,0.022323337080113182,-0.5830308146850386,1.0,1.0
101100001010000001000101001010011101,1290,0.0,-0.51748043253097,1.0,1.0
101000001000000101000100101010000101,6244,0.058541675889758164,-0.718808561638583,1.0,1.0
101000001000000101000101101010011101,8276,0.02778474446029736,-0.5920226362842448,1.0,1.0
001100001000010001000100101000010001,680,0.2274479813153113,-0.07639864352632789,0.40000000000000013,1.0
101000001000000101000100101010000101,7794,0.058541675889758164,-0.718808561638583,1.0,1.0
111111011000111111000111100111011101,582,7.929103178950549,7.484326655607332,1.3877787807814457E-16,1.0
101000001000000101000100101010010101,4566,0.04915546417120757,-0.6727310451327506,1.0,1.0
101000001000000101000100101010010101,3580,0.04915546417120757,-0.6727310451327506,1.0,1.0
100100001000000000000100101000010101,952,0.06666666666666667,-0.689160514855182,1.0,1.0
101000001000000101000101101010001101,7922,0.02896790878635085,-0.6207590411129784,1.0,1.0
101100001000000001000100101000010101,740,0.045308183932197287,-0.6267782481226436,1.0,1.0
101100001000000001000100101000000101,1200,0.05677934361918136,-0.6769796195884006,1.0,1.0
101100001000000001000100101001000101,1464,0.05099262370915706,-0.6667282831429524,1.0,1.0
101000001000000101000100101010010101,9768,0.04915546417120757,-0.6727310451327506,1.0,1.0
101000001000000101000100101010000101,4844,0.058541675889758164,-0.718808561638583,1.0,1.0
101000001000000101000101101010001101,6194,0.02896790878635085,-0.6207590411129784,1.0,1.0
101000001000000101000100101010010101,6216,0.04915546417120757,-0.6727310451327506,1.0,1.0
100000001000000100000100101010010101,6940,0.06428683200212387,-0.7531185803094718,1.0,1.0
101100001010000001000101001001001101,2336,0.01646864342103375,-0.5706154278456519,1.0,1.0
101000001000000101000100101010010101,6396,0.04915546417120757,-0.6727310451327506,1.0,1.0
101000001000000101000100101010000101,8308,0.058541675889758164,-0.718808561638583,1.0,1.0
101100001000000001000101101010001101,1874,0.01342021303555645,-0.5523349172814558,1.0,1.0
111111111100111111000111100001111111,114,7.939915580204262,7.445038143935165,1.3877787807814457E-16,1.0
101100001000000001000101101001001101,9982,0.019134240695146427,-0.5755963881095092,1.0,1.0
101000001000000111000101101010001101,2498,0.022323337080113182,-0.5830308146850386,1.0,1.0
101100001010000001000100101000010101,778,0.04603884393676034,-0.5999726199801925,1.0,1.0
101100001000000001000100101000000101,650,0.05677934361918136,-0.6769796195884006,1.0,1.0
001011110111111111110111111110111000,0,7.958213546503784,7.580794798036802,1.3877787807814457E-16,1.0
111100001000000001000100011100010101,316,0.40439759712817835,-0.36923427890498695,0.20000000000000015,1.0
101000001000000101000100101010000101,9828,0.058541675889758164,-0.718808561638583,1.0,1.0
101000001000000101000101101010001101,4920,0.02896790878635085,-0.6207590411129784,1.0,1.0
101100001010000001000101001011001101,2242,0.0,-0.5321342441674862,1.0,1.0
101000001000000101000100101010000101,5568,0.058541675889758164,-0.718808561638583,1.0,1.0
101000001000000101000101101010001101,6812,0.02896790878635085,-0.6207590411129784,1.0,1.0
101100001000000001000101001011001101,4612,0.01646864342103375,-0.5706154278456519,1.0,1.0
101100001000000001000101101010001101,2774,0.01342021303555645,-0.5523349172814558,1.0,1.0
101110001000000001000101101010001101,5660,0.02197148929402432,-0.575771584634776,1.0,1.0
101000001000000101000100101010010101,6840,0.04915546417120757,-0.6727310451327506,1.0,1.0
101000001000000101000100101001000101,1504,0.058541675889758164,-0.6960185301333155,1.0,1.0
101000001000000101000100101010010101,5248,0.04915546417120757,-0.6727310451327506,1.0,1.0
101000001000000101000101101010011101,3964,0.02778474446029736,-0.5920226362842448,1.0,1.0
101000001000000101000100101010010101,7030,0.04915546417120757,-0.6727310451327506,1.0,1.0
101000001000000101000100101010010101,7196,0.04915546417120757,-0.6727310451327506,1.0,1.0
101100001000000001000100101000010101,832,0.045308183932197287,-0.6267782481226436,1.0,1.0
100000001000000100000100101010010101,3996,0.06428683200212387,-0.7531185803094718,1.0,1.0
100000001000000000000100101000010101,640,0.32803937264016864,0.26142240553090906,1.0,0.30000000000000016
101110001000000001000100001000010101,1748,0.05854167588975816,-0.6960185301333156,1.0,1.0
101100001000000001000100101010000101,2830,0.04759900120246822,-0.6427249660257898,1.0,1.0
101000001000000101000100101010010101,5364,0.04915546417120757,-0.6727310451327506,1.0,1.0
101000001000000101000101101010001101,2490,0.02896790878635085,-0.6207590411129784,1.0,1.0
110001010111111110110111111110111100,150,7.9296881318376,7.522852345821371,1.3877787807814457E-16,1.0
101000001000000101000100101010010101,5072,0.04915546417120757,-0.6727310451327506,1.0,1.0
101000001000000101000101101010001101,6120,0.02896790878635085,-0.6207590411129784,1.0,1.0
101000001000000111000101001011001101,9494,0.024243214018406397,-0.5779812855909758,1.0,1.0
101000001000000101000101101010001101,3902,0.02896790878635085,-0.6207590411129784,1.0,1.0
101000001000000101000100101010010101,5790,0.04915546417120757,-0.6727310451327506,1.0,1.0
101000001000000101000100101010010101,7546,0.04915546417120757,-0.6727310451327506,1.0,1.0
000010010010110010101010000000000000,0,8.0438948850955,7.977286807047635,1.3877787807814457E-16,0.8
101000001000000101000100101010000101,3678,0.058541675889758164,-0.718808561638583,1.0,1.0
110111000011011110111110110100100110,178,7.945089957114198,7.496382290878344,1.3877787807814457E-16,1.0
101000001000000101000101101010001101,9216,0.02896790878635085,-0.6207590411129784,1.0,1.0
011000110000000011000000101100000000,0,8.0438948850955,7.977284415292893,1.3877787807814457E-16,0.8
101100001010000001000101001011001101,5688,0.0,-0.5321342441674862,1.0,1.0
101100001000000001000101101001001101,8098,0.019134240695146427,-0.5755963881095092,1.0,1.0
001000011110010001000001101000001001,0,8.05738403592191,7.741569146218097,1.3877787807814457E-16,0.9
101000001000000101000100101010000101,4322,0.058541675889758164,-0.718808561638583,1.0,1.0
101000001000000101000101101010001101,4254,0.02896790878635085,-0.6207590411129784,1.0,1.0
101000001000000101000101101010001101,4946,0.02896790878635085,-0.6207590411129784,1.0,1.0
101000001000000101000100101010000101,4886,0.058541675889758164,-0.718808561638583,1.0,1.0
101000001000000101000100101010010101,5870,0.04915546417120757,-0.6727310451327506,1.0,1.0
101000001000000101000100101010000101,4724,0.058541675889758164,-0.718808561638583,1.0,1.0
100000001000000110000100101010010101,8160,0.056610515038364694,-0.694265051841163,1.0,1.0
101100001000000001000101101001001101,5102,0.019134240695146427,-0.5755963881095092,1.0,1.0
101000001000000101000100101010000101,3208,0.058541675889758164,-0.718808561638583,1.0,1.0
101100001000000001000101001010011101,1426,0.013420213035556442,-0.5523349172814556,1.0,1.0
101100001000000001000101101000001101,1486,0.021295159205162516,-0.5742030674696166,1.0,1.0
101000001000000101000100101010010101,7336,0.04915546417120757,-0.6727310451327506,1.0,1.0
101000001000000101000101101010001101,3718,0.02896790878635085,-0.6207590411129784,1.0,1.0
110101111001110110111111100010111111,278,7.934964575076765,7.491752964519505,1.3877787807814457E-16,1.0
010111011110110110010011111111011011,212,7.94312672702669,7.4881159460768725,1.3877787807814457E-16,1.0
101000001000000101000101101010001101,2288,0.02896790878635085,-0.6207590411129784,1.0,1.0
101000001000000101000100101010010101,8962,0.04915546417120757,-0.6727310451327506,1.0,1.0
101000001000000101000101101010001101,5108,0.02896790878635085,-0.6207590411129784,1.0,1.0
101000001000000101000100101010010101,5986,0.04915546417120757,-0.6727310451327506,1.0,1.0
101000001000000101000101101001001101,7030,0.028967908786350836,-0.6036906420694299,1.0,1.0
101000001000000101000100101010010101,7404,0.04915546417120757,-0.6727310451327506,1.0,1.0
101000001000000101000101101010001101,8830,0.02896790878635085,-0.6207590411129784,1.0,1.0
101110001000000001000100101000010101,2038,0.04915546417120757,-0.653485245719413,1.0,1.0
101000001000000101000100101010010101,8458,0.04915546417120757,-0.6727310451327506,1.0,1.0
101000001000000101000100101010010101,9288,0.04915546417120757,-0.6727310451327506,1.0,1.0
101100001000000001000100101000000101,642,0.05677934361918136,-0.6769796195884006,1.0,1.0
101000001000000101000101101010011101,3676,0.02778474446029736,-0.5920226362842448,1.0,1.0
101000001000000101000101101010001101,9416,0.02896790878635085,-0.6207590411129784,1.0,1.0
110101111011110110011011011110111101,0,7.930037344224162,7.49331249403149,1.3877787807814457E-16,1.0
101100001000000001000100101010000101,4518,0.04759900120246822,-0.6427249660257898,1.0,1.0
101100001000000001000101101000011101,1222,0.020199313434984843,-0.5452462465515736,1.0,1.0
101000001000000101000100101010000101,6034,0.058541675889758164,-0.718808561638583,1.0,1.0
101100001111011101100111010111111111,138,7.9413030107982525,7.453312489304635,1.3877787807814457E-16,1.0
101100001000000001000100101000000101,1006,0.05677934361918136,-0.6769796195884006,1.0,1.0
101000001000000101000100101010010101,5574,0.04915546417120757,-0.6727310451327506,1.0,1.0
101000001000000111000100101010010101,5638,0.042197923345997465,-0.6288265802099167,1.0,1.0
101000001000000101000100101010000101,6718,0.058541675889758164,-0.718808561638583,1.0,1.0
101000001000000101000100101010000101,8114,0.058541675889758164,-0.718808561638583,1.0,1.0
101000001000000101000101101010001101,6140,0.02896790878635085,-0.6207590411129784,1.0,1.0
101110001000000001000100101000010101,1468,0.04915546417120757,-0.653485245719413,1.0,1.0
101100001000000001000101101001001101,7250,0.019134240695146427,-0.5755963881095092,1.0,1.0
101000001000000111000100101010010101,6014,0.042197923345997465,-0.6288265802099167,1.0,1.0
101000001000000101000100101010000101,5320,0.058541675889758164,-0.718808561638583,1.0,1.0
101000001000000101000100101010010101,7700,0.04915546417120757,-0.6727310451327506,1.0,1.0
101000001000000101000100101010010101,5272,0.04915546417120757,-0.6727310451327506,1.0,1.0
101100001000000001000101101010001101,2610,0.01342021303555645,-0.5523349172814558,1.0,1.0
101100001000000001000101101010001101,6772,0.01342021303555645,-0.5523349172814558,1.0,1.0
101100001000000001000101001011001101,2432,0.01646864342103375,-0.5706154278456519,1.0,1.0
101000001000000101000100101010000101,9182,0.058541675889758164,-0.718808561638583,1.0,1.0
101100001010000001000101001011001101,6914,0.0,-0.5321342441674862,1.0,1.0
101100001000000001000101101010001101,1294,0.01342021303555645,-0.5523349172814558,1.0,1.0
110111011110110110011010110100000111,218,7.9469018299303125,7.460042887065511,1.3877787807814457E-16,1.0
101100001000000001000101101000001101,3124,0.021295159205162516,-0.5742030674696166,1.0,1.0
101000001000000101000100101010000101,7636,0.058541675889758164,-0.718808561638583,1.0,1.0
110101111001110000000111010001001101,292,7.9402171724291675,7.47297600293812,1.3877787807814457E-16,1.0
111110001000000001000100101010010101,688,0.15788580774067384,-0.5805663322012127,0.6000000000000001,1.0
101100001000000001000101001011001101,2460,0.01646864342103375,-0.5706154278456519,1.0,1.0
101000001000000101000100001010010101,9676,0.058500822715255016,-0.7016466066105524,1.0,1.0
101000001000000101000100101010010101,6366,0.04915546417120757,-0.6727310451327506,1.0,1.0
101000001000000101000100101010010101,6200,0.04915546417120757,-0.6727310451327506,1.0,1.0
101010001000000001000100101000000101,776,0.08947874528033756,0.022865887832463596,1.0,0.9
010100011010000000010110000000000001,0,8.072890858584344,8.006280512849026,1.3877787807814457E-16,0.7000000000000001
001100001001000011000100101000000001,748,0.09559545858313134,-0.237004625401013,0.8,1.0
101000001000000101000101101010001101,5392,0.02896790878635085,-0.6207590411129784,1.0,1.0
111101111111101111111111101101111111,184,7.931041253611103,7.485491249611527,1.3877787807814457E-16,1.0
111101111001110111110011111111011111,186,7.9312341502375165,7.487664780777316,1.3877787807814457E-16,1.0
111110111100111111000111101101111111,258,7.94930780217935,7.406531139150018,1.3877787807814457E-16,1.0
101000001000000101000101101010001101,2120,0.02896790878635085,-0.6207590411129784,1.0,1.0
101100001010000001000101001011001101,2630,0.0,-0.5321342441674862,1.0,1.0
101000001000000101000100101010010101,7066,0.04915546417120757,-0.6727310451327506,1.0,1.0
101000001000000101000100101010010101,9790,0.04915546417120757,-0.6727310451327506,1.0,1.0
101100001010000001001100011000000101,758,0.15701658249817452,-0.49493613995138597,0.6000000000000001,1.0
100110001000000000000100101000010101,1642,0.06428683200212386,-0.7281198453903827,1.0,1.0
101100001000000001000101101001001101,6796,0.019134240695146427,-0.5755963881095092,1.0,1.0
101100001000000001000100101000000101,640,0.05677934361918136,-0.6769796195884006,1.0,1.0
101100001010000001000101001011001101,4860,0.0,-0.5321342441674862,1.0,1.0
000000010000001010011000000101100000,0,8.10636425339965,8.039754760383113,1.3877787807814457E-16,0.6000000000000001
101000001000000101000100001010010101,6516,0.058500822715255016,-0.7016466066105524,1.0,1.0
101000001000000101000101101010001101,8632,0.02896790878635085,-0.6207590411129784,1.0,1.0
101000001000000101000100101010010101,4452,0.04915546417120757,-0.6727310451327506,1.0,1.0
101100001000000001000101001011001101,4284,0.01646864342103375,-0.5706154278456519,1.0,1.0
101100001000000001000101101010001101,1698,0.01342021303555645,-0.5523349172814558,1.0,1.0
101000001000000101000101101010011101,9724,0.02778474446029736,-0.5920226362842448,1.0,1.0
101110001000000001000101101010001101,2036,0.02197148929402432,-0.575771584634776,1.0,1.0
101000001000000101000100101010010101,9426,0.04915546417120757,-0.6727310451327506,1.0,1.0
110111011110110110011010110100000111,234,7.9469018299303125,7.460042887065511,1.3877787807814457E-16,1.0
101000001000000101000101101010001101,1846,0.02896790878635085,-0.6207590411129784,1.0,1.0
101000001000000111000101101010001101,3552,0.022323337080113182,-0.5830308146850386,1.0,1.0
101000001000000101000100101010000101,4740,0.058541675889758164,-0.718808561638583,1.0,1.0
101000001000000101000101101010001101,7050,0.02896790878635085,-0.6207590411129784,1.0,1.0
101100001010000001000100011000000101,982,0.06376483791786379,-0.7016466066105528,1.0,1.0
101000001000000101000101101010011101,3954,0.02778474446029736,-0.5920226362842448,1.0,1.0
000010000000000000000011010000001010,320,0.1440509799928716,0.07743667604492249,1.0,0.7000000000000001
111111010101001101111100110110000100,0,7.941081215005657,7.64063911595041,1.3877787807814457E-16,1.0
101000001000000101000101101010001101,4556,0.02896790878635085,-0.6207590411129784,1.0,1.0
100000001000000110000100101010010101,4310,0.056610515038364694,-0.694265051841163,1.0,1.0
101100001000000001000101101010011101,1604,0.012752964523288468,-0.5273067499823855,1.0,1.0
101000001000000111000100101010010101,7712,0.042197923345997465,-0.6288265802099167,1.0,1.0
101000001000000101000100101010010101,4146,0.04915546417120757,-0.6727310451327506,1.0,1.0
101100001000000001000101101001001101,9642,0.019134240695146427,-0.5755963881095092,1.0,1.0
101100001000000001000100101001000101,2068,0.05099262370915706,-0.6667282831429524,1.0,1.0
101100001000000001000101101010001101,3142,0.01342021303555645,-0.5523349172814558,1.0,1.0
101000001000000101000100101010000101,3202,0.058541675889758164,-0.718808561638583,1.0,1.0
101000001000000101000100001010010101,4838,0.058500822715255016,-0.7016466066105524,1.0,1.0
111111111011110001111111110011011111,220,7.941840972411709,7.518142997066736,1.3877787807814457E-16,1.0
101000001000000101000101101010001101,3732,0.02896790878635085,-0.6207590411129784,1.0,1.0
101100001010000001000101001011001101,4262,0.0,-0.5321342441674862,1.0,1.0
101000001000000101000100101010010101,5700,0.04915546417120757,-0.6727310451327506,1.0,1.0
101100001000000001000101101010001101,1646,0.01342021303555645,-0.5523349172814558,1.0,1.0
101000001100000101000101101010001101,6482,0.027529020313418744,-0.5847304891954584,1.0,1.0
111111101110111111000111100000011111,246,7.935693340070765,7.469664962311232,1.3877787807814457E-16,1.0
100000001000000100000100101010010101,2280,0.06428683200212387,-0.7531185803094718,1.0,1.0
101000001000000101000100101010010101,5254,0.04915546417120757,-0.6727310451327506,1.0,1.0
101110001000000001000100101100000101,830,0.10316741140736715,-0.6070333169241219,0.8,1.0
101000001000000101000100101010000101,4440,0.058541675889758164,-0.718808561638583,1.0,1.0
101000001000000101000100101010000101,4744,0.058541675889758164,-0.718808561638583,1.0,1.0
100111001110110000000100101010100101,618,7.9388698745629265,7.427190847217689,1.3877787807814457E-16,1.0
101100001010000001000101001011001101,6410,0.0,-0.5321342441674862,1.0,1.0
101000001000000101000101101010001101,7766,0.02896790878635085,-0.6207590411129784,1.0,1.0
110101111001111110111111000010101111,354,7.930662413481216,7.503857490237487,1.3877787807814457E-16,1.0
101100001000000001000100101001000101,1670,0.05099262370915706,-0.6667282831429524,1.0,1.0
101000001000000101000101101010011101,5832,0.02778474446029736,-0.5920226362842448,1.0,1.0
101000001000000101000100101010010101,3278,0.04915546417120757,-0.6727310451327506,1.0,1.0
101000001000000111000100101010010101,8086,0.042197923345997465,-0.6288265802099167,1.0,1.0
101100001000000001000100101010000101,3742,0.04759900120246822,-0.6427249660257898,1.0,1.0
101000001000000101000100101010010101,8754,0.04915546417120757,-0.6727310451327506,1.0,1.0
101000001000000101000100101010010101,5554,0.04915546417120757,-0.6727310451327506,1.0,1.0
101000001000000101000100101010000101,8208,0.058541675889758164,-0.718808561638583,1.0,1.0
110010111100110110010101011000011101,178,7.955463633850225,7.429552966608457,1.3877787807814457E-16,1.0
101000001000000101000100101010010101,7540,0.04915546417120757,-0.6727310451327506,1.0,1.0
101000001000000101000100101010000101,9672,0.058541675889758164,-0.718808561638583,1.0,1.0
101000001000000101000101101010001101,1884,0.02896790878635085,-0.6207590411129784,1.0,1.0
101000001000000101000101101001001101,5694,0.028967908786350836,-0.6036906420694299,1.0,1.0
101000001000000101000101101010001101,7038,0.02896790878635085,-0.6207590411129784,1.0,1.0
101000001000000101000100101010000101,4566,0.058541675889758164,-0.718808561638583,1.0,1.0
101101111000111111110111111110111101,256,7.939038972264391,7.528105959342792,1.3877787807814457E-16,1.0
101100001000000001000101101010001101,3294,0.01342021303555645,-0.5523349172814558,1.0,1.0
101000001000000101000100101010010101,5882,0.04915546417120757,-0.6727310451327506,1.0,1.0
101000001000000101000100101010010101,7548,0.04915546417120757,-0.6727310451327506,1.0,1.0
101000001000000101000101101010001101,7888,0.02896790878635085,-0.6207590411129784,1.0,1.0
101000001000000101000101101010011101,2082,0.02778474446029736,-0.5920226362842448,1.0,1.0
101000001000000101000100101010010101,4976,0.04915546417120757,-0.6727310451327506,1.0,1.0
101100101010000001000101011000001101,724,0.13027466532219073,-0.4245912146463483,0.6000000000000001,1.0
100110001000000000000100101010010101,2188,0.056610515038364694,-0.6942650518411632,1.0,1.0
101000001000000101000101101010001101,6490,0.02896790878635085,-0.6207590411129784,1.0,1.0
101100001000000001000100101000010101,868,0.045308183932197287,-0.6267782481226436,1.0,1.0
101110001000000001000100101000010101,978,0.04915546417120757,-0.653485245719413,1.0,1.0
101100001000000001000100101001000101,762,0.05099262370915706,-0.6667282831429524,1.0,1.0
100000001000000100000100101010010101,8934,0.06428683200212387,-0.7531185803094718,1.0,1.0
101000001000000101000100101010010101,9448,0.04915546417120757,-0.6727310451327506,1.0,1.0
101000001000000101000100101010010101,6224,0.04915546417120757,-0.6727310451327506,1.0,1.0
101000001000000011000101101010001101,4162,0.013420213035556442,-0.5523349172814556,1.0,1.0
011001001110000111011001111110101001,160,7.9545244501276136,7.555454956411938,1.3877787807814457E-16,1.0
101100001010000001000101001011001101,9700,0.0,-0.5321342441674862,1.0,1.0
111111111111001101110111101101011111,400,7.942031550709711,7.445067323382311,1.3877787807814457E-16,1.0
101100001000000001000101001011001101,3946,0.01646864342103375,-0.5706154278456519,1.0,1.0
101000001000000101000100101010010101,7460,0.04915546417120757,-0.6727310451327506,1.0,1.0
101100001010000001000101101010001101,1904,7.401486830834377E-18,-0.5174804325309701,1.0,1.0
101110001000000001000100101010010101,2514,0.042197923345997465,-0.6288265802099167,1.0,1.0
101100001000000001000100101001000101,1618,0.05099262370915706,-0.6667282831429524,1.0,1.0
111111111111001101111111101101011101,454,7.92994463117506,7.49651269960279,1.3877787807814457E-16,1.0
101110001000000001000101101010001101,1538,0.02197148929402432,-0.575771584634776,1.0,1.0
100000001000000100000100101010010101,7448,0.06428683200212387,-0.7531185803094718,1.0,1.0
101000001000000101000100101010010101,6700,0.04915546417120757,-0.6727310451327506,1.0,1.0
101000001000000101000100101010010101,5904,0.04915546417120757,-0.6727310451327506,1.0,1.0
101100001010000001000101001011001101,9652,0.0,-0.5321342441674862,1.0,1.0
011100011011100111010000001100010001,0,7.941328383945955,7.633214151571388,1.3877787807814457E-16,1.0
101100001000000001000101101010001101,3378,0.01342021303555645,-0.5523349172814558,1.0,1.0
101000001000000101000100101010000101,8862,0.058541675889758164,-0.718808561638583,1.0,1.0
101110001000000001000100101001000101,1176,0.05348777341480682,-0.670496082958724,1.0,1.0
100000001000000100000100101010010101,6418,0.06428683200212387,-0.7531185803094718,1.0,1.0
110101111001101110111111010010001111,436,7.9357921394804745,7.4819012670554965,1.3877787807814457E-16,1.0
101000001000000101000100101010000101,6716,0.058541675889758164,-0.718808561638583,1.0,1.0
101000001000000101000100101010000101,3632,0.058541675889758164,-0.718808561638583,1.0,1.0
101000001000000101000101101010011101,4642,0.02778474446029736,-0.5920226362842448,1.0,1.0
101000001000000101000101101010001101,6374,0.02896790878635085,-0.6207590411129784,1.0,1.0
101000001000000101000101101010001101,9106,0.02896790878635085,-0.6207590411129784,1.0,1.0
101000001000000101000101101010001101,7822,0.02896790878635085,-0.6207590411129784,1.0,1.0
101000001000000101000101101001001101,8668,0.028967908786350836,-0.6036906420694299,1.0,1.0
101100001000000001000100101000000101,1382,0.05677934361918136,-0.6769796195884006,1.0,1.0
101000001000000101000100101010000101,4042,0.058541675889758164,-0.718808561638583,1.0,1.0
101000001000000101000100001010010101,5856,0.058500822715255016,-0.7016466066105524,1.0,1.0
101000001000000101000101101010001101,1656,0.02896790878635085,-0.6207590411129784,1.0,1.0
101100001010000001000101101010001101,1562,7.401486830834377E-18,-0.5174804325309701,1.0,1.0
011001001110010111011110110111110001,130,7.932925035803866,7.514279133429948,1.3877787807814457E-16,1.0
010010010110010100000100001001010010,0,7.9606150492463446,7.531505806501669,1.3877787807814457E-16,1.0
101000001000000101000100101010010101,9444,0.04915546417120757,-0.6727310451327506,1.0,1.0
101000001000000101000101101010011101,1596,0.02778474446029736,-0.5920226362842448,1.0,1.0
101000001000000101000100101010010101,8966,0.04915546417120757,-0.6727310451327506,1.0,1.0
101100001010000001000101001011001101,5650,0.0,-0.5321342441674862,1.0,1.0
101100001010000001000101000000011101,774,0.0,-0.39078688140174417,1.0,1.0
000010000001000000000001010000001000,474,0.1440509799928716,0.077431986048045,1.0,0.7000000000000001
101000001000000111000101101010001101,9862,0.022323337080113182,-0.5830308146850386,1.0,1.0
101000001000000101000100001010010101,2748,0.058500822715255016,-0.7016466066105524,1.0,1.0
101110001011110001000011010001001111,392,7.946729628837809,7.396927720087384,1.3877787807814457E-16,1.0
101100001000000001000101001011001101,4276,0.01646864342103375,-0.5706154278456519,1.0,1.0
101000001000000101000100101010000101,6554,0.058541675889758164,-0.718808561638583,1.0,1.0
100110001000000000000100101000010101,1292,0.06428683200212386,-0.7281198453903827,1.0,1.0
101000001000000101000100101010000101,8974,0.058541675889758164,-0.718808561638583,1.0,1.0
101000001000000111000101101010001101,3028,0.022323337080113182,-0.5830308146850386,1.0,1.0
101110001000000001000100101000000101,1202,0.05850082271525501,-0.6794006998092108,1.0,1.0
101110001000000001000101101010001101,1914,0.02197148929402432,-0.575771584634776,1.0,1.0
100000001000000100000100101010010101,5966,0.06428683200212387,-0.7531185803094718,1.0,1.0
111110001000001111111001010100001101,514,7.936732582709378,7.4692625634811485,1.3877787807814457E-16,1.0
110011111111101110110111100010111111,128,7.944364644942445,7.45367925090206,1.3877787807814457E-16,1.0
101000001000000101000101101010001101,6766,0.02896790878635085,-0.6207590411129784,1.0,1.0
101000001000000101000100101010000101,8566,0.058541675889758164,-0.718808561638583,1.0,1.0
101100001010000001000101001011001101,3328,0.0,-0.5321342441674862,1.0,1.0
101000001000000101000101101001001101,9212,0.028967908786350836,-0.6036906420694299,1.0,1.0
101000001000000101000100101010010101,8152,0.04915546417120757,-0.6727310451327506,1.0,1.0
101000001000000101000100101010000101,7490,0.058541675889758164,-0.718808561638583,1.0,1.0
101000001000000101000100101010010101,8816,0.04915546417120757,-0.6727310451327506,1.0,1.0
101000001000000101000100101001000101,1554,0.058541675889758164,-0.6960185301333155,1.0,1.0
101000001000000101000100101010000101,4116,0.058541675889758164,-0.718808561638583,1.0,1.0
100000001000000100000100101010010101,4038,0.06428683200212387,-0.7531185803094718,1.0,1.0
101000001000000101000100101010010101,7270,0.04915546417120757,-0.6727310451327506,1.0,1.0
101000001000000101000101101010001101,9204,0.02896790878635085,-0.6207590411129784,1.0,1.0
101100001000000001000101101010001101,1428,0.01342021303555645,-0.5523349172814558,1.0,1.0
101000001000000101000101101010011101,9194,0.02778474446029736,-0.5920226362842448,1.0,1.0
101100001000000001000101101010001101,3136,0.01342021303555645,-0.5523349172814558,1.0,1.0
101100001010000001000101001011001101,7142,0.0,-0.5321342441674862,1.0,1.0
101000001000000101000100101010010101,7668,0.04915546417120757,-0.6727310451327506,1.0,1.0
101100001000000001000100101000010101,1108,0.045308183932197287,-0.6267782481226436,1.0,1.0
101100001010000001000101001011001101,3880,0.0,-0.5321342441674862,1.0,1.0
101100001000000001000101001011001101,4614,0.01646864342103375,-0.5706154278456519,1.0,1.0
101100001000000001000101101010001101,3526,0.01342021303555645,-0.5523349172814558,1.0,1.0
101100000010000111011000110100100110,174,7.9425233333160365,7.563032184723575,1.3877787807814457E-16,1.0
101000001000000101000100101010010101,8854,0.04915546417120757,-0.6727310451327506,1.0,1.0
100000001000000100000100101010010101,4100,0.06428683200212387,-0.7531185803094718,1.0,1.0
101000001000000101000100101010000101,6046,0.058541675889758164,-0.718808561638583,1.0,1.0
101100001000000001000101001011001101,4498,0.01646864342103375,-0.5706154278456519,1.0,1.0
101000001000000101000100001010010101,5002,0.058500822715255016,-0.7016466066105524,1.0,1.0
101000001000000101000100101010000101,7914,0.058541675889758164,-0.718808561638583,1.0,1.0
101000001000000101000100101010000101,1974,0.058541675889758164,-0.718808561638583,1.0,1.0
101000001000000101000101101010001101,7068,0.02896790878635085,-0.6207590411129784,1.0,1.0
101000001000000101000100101010010101,5104,0.04915546417120757,-0.6727310451327506,1.0,1.0
101000001000000101000101101010001101,1630,0.02896790878635085,-0.6207590411129784,1.0,1.0
101000001000000101000100101010010101,3624,0.04915546417120757,-0.6727310451327506,1.0,1.0
101000001000000101000100101010000101,9038,0.058541675889758164,-0.718808561638583,1.0,1.0
101100001000000001000101001011001101,2534,0.01646864342103375,-0.5706154278456519,1.0,1.0
100000001000000100000100101010010101,9808,0.06428683200212387,-0.7531185803094718,1.0,1.0
101100001010000001000101101010001101,1968,7.401486830834377E-18,-0.5174804325309701,1.0,1.0
101000001000000101000100101010000101,5274,0.058541675889758164,-0.718808561638583,1.0,1.0
101000001000000101000100101010010101,8848,0.04915546417120757,-0.6727310451327506,1.0,1.0
101000001000000101000100101010000101,6024,0.058541675889758164,-0.718808561638583,1.0,1.0
101100001000000001000101001010011101,7772,0.013420213035556442,-0.5523349172814556,1.0,1.0
101100001000000001000101101010001101,8630,0.01342021303555645,-0.5523349172814558,1.0,1.0
101100001000000001000101101000001101,1886,0.021295159205162516,-0.5742030674696166,1.0,1.0
101000001000000101000101101010011101,8372,0.02778474446029736,-0.5920226362842448,1.0,1.0
101100001000000001000100101000000101,692,0.05677934361918136,-0.6769796195884006,1.0,1.0
101000001000000101000100101010010101,8350,0.04915546417120757,-0.6727310451327506,1.0,1.0
101100001010000001000101001011001101,6944,0.0,-0.5321342441674862,1.0,1.0
101000001000000101000101101010001101,6880,0.02896790878635085,-0.6207590411129784,1.0,1.0
101100001000000001000101101010001101,4298,0.01342021303555645,-0.5523349172814558,1.0,1.0
101000001000000101000100101010010101,4230,0.04915546417120757,-0.6727310451327506,1.0,1.0
101000001000000101000100101010000101,8908,0.058541675889758164,-0.718808561638583,1.0,1.0
101000001000000101000100101010010101,3876,0.04915546417120757,-0.6727310451327506,1.0,1.0
101100001000000001000101001010011101,4854,0.013420213035556442,-0.5523349172814556,1.0,1.0
101100001000000001000101001011001101,3994,0.01646864342103375,-0.5706154278456519,1.0,1.0
101000001000000111000101001011001101,4306,0.024243214018406397,-0.5779812855909758,1.0,1.0
101100001000000001000101101010001101,4768,0.01342021303555645,-0.5523349172814558,1.0,1.0
101100001000000001000101001010011101,3250,0.013420213035556442,-0.5523349172814556,1.0,1.0
101000001000000101000101101010001101,8410,0.02896790878635085,-0.6207590411129784,1.0,1.0
101100001000000001000100101010000101,8124,0.04759900120246822,-0.6427249660257898,1.0,1.0
101000001000000101000101001010011101,9374,0.02869171863190114,-0.6127990667417597,1.0,1.0
101100001000000001000101101010001101,1484,0.01342021303555645,-0.5523349172814558,1.0,1.0
101000001000000101000101101010011101,2926,0.02778474446029736,-0.5920226362842448,1.0,1.0
101100000000000001000100101000000100,644,0.11650340916799856,-0.18906774902005355,1.0,0.7000000000000001
101000001000000101000101101010001101,9342,0.02896790878635085,-0.6207590411129784,1.0,1.0
101000001000000101000100101010000101,5668,0.058541675889758164,-0.718808561638583,1.0,1.0
101100001010000001000101101010001101,1694,7.401486830834377E-18,-0.5174804325309701,1.0,1.0
101000001000000101000101101010011101,8704,0.02778474446029736,-0.5920226362842448,1.0,1.0
101000001000000101000101101010001101,6528,0.02896790878635085,-0.6207590411129784,1.0,1.0
101100001010000001000101101010001101,1692,7.401486830834377E-18,-0.5174804325309701,1.0,1.0
101100001000000001000100101010000101,1786,0.04759900120246822,-0.6427249660257898,1.0,1.0
010001110111000000000011111111111010,0,7.946426735986378,7.479282087124843,1.3877787807814457E-16,1.0
100000001000000100000100101010010101,7580,0.06428683200212387,-0.7531185803094718,1.0,1.0
101100001000000001000101101010001101,1742,0.01342021303555645,-0.5523349172814558,1.0,1.0
101000001000000101000100101010000101,7980,0.058541675889758164,-0.718808561638583,1.0,1.0
101000001000000101000100101010010101,6706,0.04915546417120757,-0.6727310451327506,1.0,1.0
101100001010000001000100011000000101,1358,0.06376483791786379,-0.7016466066105528,1.0,1.0
101000001000000101000100101010000101,9178,0.058541675889758164,-0.718808561638583,1.0,1.0
101100001010000001000101001011001101,2428,0.0,-0.5321342441674862,1.0,1.0
101000001000000101000100101010010101,8118,0.04915546417120757,-0.6727310451327506,1.0,1.0
101000001000000101000100101010000101,9148,0.058541675889758164,-0.718808561638583,1.0,1.0
101100001000000001000101001011001101,5224,0.01646864342103375,-0.5706154278456519,1.0,1.0
111110111100111111000111101101011111,270,7.946058100792466,7.417292084596754,1.3877787807814457E-16,1.0
101000001000000101000101101010001101,6506,0.02896790878635085,-0.6207590411129784,1.0,1.0
101100001010000001000101001011001101,6476,0.0,-0.5321342441674862,1.0,1.0
101000001000000101000100101010000101,9736,0.058541675889758164,-0.718808561638583,1.0,1.0
101100001000000001000101001011001101,9692,0.01646864342103375,-0.5706154278456519,1.0,1.0
011100001000000001000100101000010001,698,0.08649004199008248,-0.4191059335772808,0.8,1.0
101100001000000001000101101010001101,2248,0.01342021303555645,-0.5523349172814558,1.0,1.0
101000001000000101000100101010010101,8296,0.04915546417120757,-0.6727310451327506,1.0,1.0
101100001000000001000101001011001101,3000,0.01646864342103375,-0.5706154278456519,1.0,1.0
100000001000000100000100101010010101,8234,0.06428683200212387,-0.7531185803094718,1.0,1.0
101000001000000101000100101010000101,8130,0.058541675889758164,-0.718808561638583,1.0,1.0
101000001000000101000100001010000101,2016,0.08954541194700422,-0.7428896877791852,1.0,0.9
101110001000000001000101101010001101,2030,0.02197148929402432,-0.575771584634776,1.0,1.0
101000001000000101000101101010011101,8992,0.02778474446029736,-0.5920226362842448,1.0,1.0
101100001010000001000101101010011101,1154,0.0,-0.4970278668089064,1.0,1.0
101100001000000001000100101010000101,3718,0.04759900120246822,-0.6427249660257898,1.0,1.0
101000001000000101000101101010001101,8888,0.02896790878635085,-0.6207590411129784,1.0,1.0
101100001010000001000101001011001101,8992,0.0,-0.5321342441674862,1.0,1.0
101000001000000101000100101010000101,9622,0.058541675889758164,-0.718808561638583,1.0,1.0
000010000000000000000001010000001000,538,0.1440509799928716,0.07742783571891666,1.0,0.7000000000000001
101100001000000001000101101010001101,8658,0.01342021303555645,-0.5523349172814558,1.0,1.0
101000001000000101000100101010000101,6398,0.058541675889758164,-0.718808561638583,1.0,1.0
101000001000000101000100101010010101,7044,0.04915546417120757,-0.6727310451327506,1.0,1.0
101000001000000101000101101010001101,9010,0.02896790878635085,-0.6207590411129784,1.0,1.0
011101011011001111101001100111001011,0,7.966815831714763,7.612996162764909,1.3877787807814457E-16,1.0
101000001000000101000101101010001101,3900,0.02896790878635085,-0.6207590411129784,1.0,1.0
101100001000000001000101001010011101,3446,0.013420213035556442,-0.5523349172814556,1.0,1.0
101000001000000101000100101010000101,8732,0.058541675889758164,-0.718808561638583,1.0,1.0
101000001000000101000101101010001101,7098,0.02896790878635085,-0.6207590411129784,1.0,1.0
101000001000000101000100101010010101,9734,0.04915546417120757,-0.6727310451327506,1.0,1.0
101000001000000101000100101010000101,6820,0.058541675889758164,-0.718808561638583,1.0,1.0
101000001000000101000100101010010101,3926,0.04915546417120757,-0.6727310451327506,1.0,1.0
101000001000000101000100101010010101,4420,0.04915546417120757,-0.6727310451327506,1.0,1.0
101000001000000101000100101010000101,7798,0.058541675889758164,-0.718808561638583,1.0,1.0
101000001000000011000101001011001101,8890,0.016208599629940167,-0.5549019286897723,1.0,1.0
111010111111100111111100111110010111,0,7.9479516148534435,7.442300330977678,1.3877787807814457E-16,1.0
101100001000000001000101101001001101,5418,0.019134240695146427,-0.5755963881095092,1.0,1.0
101000001000000101000100101010000101,5566,0.058541675889758164,-0.718808561638583,1.0,1.0
101000001000000101000101101001001101,9230,0.028967908786350836,-0.6036906420694299,1.0,1.0
101000001000000101000100101010000101,7356,0.058541675889758164,-0.718808561638583,1.0,1.0
101100001000000001000100100000010101,654,0.05874130470651287,-0.4503623600671562,1.0,0.9
101110001000000001000100101000010101,2052,0.04915546417120757,-0.653485245719413,1.0,1.0
101000001000000101000100101010000101,1882,0.058541675889758164,-0.718808561638583,1.0,1.0
101100001010000001000101001011001101,2820,0.0,-0.5321342441674862,1.0,1.0
101000001000000101000100101010010101,4326,0.04915546417120757,-0.6727310451327506,1.0,1.0
100000001000000100000100101010010101,6664,0.06428683200212387,-0.7531185803094718,1.0,1.0
101000001000000101000100101010000101,8364,0.058541675889758164,-0.718808561638583,1.0,1.0
101000001000000101000100101010010101,9644,0.04915546417120757,-0.6727310451327506,1.0,1.0
101100001010000001000101001011001101,9004,0.0,-0.5321342441674862,1.0,1.0
101100001010000001000101001001001101,9436,0.01646864342103375,-0.5706154278456519,1.0,1.0
100101001100011100110101010111101101,200,7.932439125118402,7.545577835859247,1.3877787807814457E-16,1.0
101100001010000001000101101010011101,1162,0.0,-0.4970278668089064,1.0,1.0
101000001000000101000100101010000101,4444,0.058541675889758164,-0.718808561638583,1.0,1.0
101000001000000101000101101010001101,6776,0.02896790878635085,-0.6207590411129784,1.0,1.0
101000001000000101000100101010000101,9476,0.058541675889758164,-0.718808561638583,1.0,1.0
101000001000000101000100101010010101,5946,0.04915546417120757,-0.6727310451327506,1.0,1.0
101000001000000101000101101010001101,7300,0.02896790878635085,-0.6207590411129784,1.0,1.0
101000001000000101000100101010010101,9742,0.04915546417120757,-0.6727310451327506,1.0,1.0
101000001000000101000100101010010101,8896,0.04915546417120757,-0.6727310451327506,1.0,1.0
001010000000000001000001010000001000,634,0.1440509799928716,0.07743329934085989,1.0,0.7000000000000001
101000001000000101000101101010011101,9214,0.02778474446029736,-0.5920226362842448,1.0,1.0
101100001010000001000101001011001101,8986,0.0,-0.5321342441674862,1.0,1.0
101000001000000101000100101010010101,3556,0.04915546417120757,-0.6727310451327506,1.0,1.0
101000001000000101000101101010001101,6954,0.02896790878635085,-0.6207590411129784,1.0,1.0
101100001010000001000101001011001101,9006,0.0,-0.5321342441674862,1.0,1.0
010111011110110110011010110100000011,160,7.938299806627853,7.515028550444072,1.3877787807814457E-16,1.0
101000001000000101000101101010001101,8936,0.02896790878635085,-0.6207590411129784,1.0,1.0
101000001000000101000101101010001101,9800,0.02896790878635085,-0.6207590411129784,1.0,1.0
010100110110000010001011110001111000,112,7.958075804547951,7.5596353077995815,1.3877787807814457E-16,1.0
101100001010000001000101001011001101,9434,0.0,-0.5321342441674862,1.0,1.0
101000001000000101000100101010010101,5064,0.04915546417120757,-0.6727310451327506,1.0,1.0
101000001000000101000100101010010101,4488,0.04915546417120757,-0.6727310451327506,1.0,1.0
101100001000000001000100101000000101,1334,0.05677934361918136,-0.6769796195884006,1.0,1.0
101100001010000001000101001011001101,4428,0.0,-0.5321342441674862,1.0,1.0
101000001000000101000100101010000101,7000,0.058541675889758164,-0.718808561638583,1.0,1.0
101000001000000101000101101010011101,6010,0.02778474446029736,-0.5920226362842448,1.0,1.0
101100001000000001000100101010000101,1270,0.04759900120246822,-0.6427249660257898,1.0,1.0
100110001000000000000100101000010101,1374,0.06428683200212386,-0.7281198453903827,1.0,1.0
101100001000000001000101101001001101,6038,0.019134240695146427,-0.5755963881095092,1.0,1.0
101100001000000001000100101000010101,3102,0.045308183932197287,-0.6267782481226436,1.0,1.0
101000001000000101000100101010000101,4478,0.058541675889758164,-0.718808561638583,1.0,1.0
101000001000000101000100101010010101,9778,0.04915546417120757,-0.6727310451327506,1.0,1.0
101100001010000001000101001011001101,5952,0.0,-0.5321342441674862,1.0,1.0
101000001000000101000101101001001101,9084,0.028967908786350836,-0.6036906420694299,1.0,1.0
101000001000000101000101101010001101,3908,0.02896790878635085,-0.6207590411129784,1.0,1.0
101000001000000101000101101010011101,4418,0.02778474446029736,-0.5920226362842448,1.0,1.0
100000001000000100000100101010010101,9314,0.06428683200212387,-0.7531185803094718,1.0,1.0
111111111011110001110111101001111111,134,7.937201176662807,7.451279168105023,1.3877787807814457E-16,1.0
101000001000000101000100101010010101,5622,0.04915546417120757,-0.6727310451327506,1.0,1.0
101000001000000101000100101010010101,4764,0.04915546417120757,-0.6727310451327506,1.0,1.0
101000001000000101000100101010000101,8336,0.058541675889758164,-0.718808561638583,1.0,1.0
101000001000000101000100101010010101,3436,0.04915546417120757,-0.6727310451327506,1.0,1.0
101000001000000101000100101010010101,3212,0.04915546417120757,-0.6727310451327506,1.0,1.0
101000110000011111011001100000001100,0,8.204499196302525,7.819679841348416,1.3877787807814457E-16,0.9
101000001000000101000100101010010101,8336,0.04915546417120757,-0.6727310451327506,1.0,1.0
111110001000000001000100101001000101,502,0.16698320568775157,-0.6209811930288038,0.6000000000000001,1.0
101000001000000101000100101010000101,9756,0.058541675889758164,-0.718808561638583,1.0,1.0
101100001010000001000101001011001101,2638,0.0,-0.5321342441674862,1.0,1.0
101000001000000101000100101010000101,9198,0.058541675889758164,-0.718808561638583,1.0,1.0
101000001000000101000100101010010101,5956,0.04915546417120757,-0.6727310451327506,1.0,1.0
101100001000000001000101101010001101,6178,0.01342021303555645,-0.5523349172814558,1.0,1.0
101000001000000101000100101010010101,8544,0.04915546417120757,-0.6727310451327506,1.0,1.0
101000001000000101000101101010011101,3442,0.02778474446029736,-0.5920226362842448,1.0,1.0
100000001000000100000100101010010101,9244,0.06428683200212387,-0.7531185803094718,1.0,1.0
110101111001100000001100101100010101,482,7.937188636487889,7.480122349444966,1.3877787807814457E-16,1.0
101000001000000101000101101010001101,4124,0.02896790878635085,-0.6207590411129784,1.0,1.0
101000001000000101000100101010010101,9866,0.04915546417120757,-0.6727310451327506,1.0,1.0
100010000000000000000001010000001100,552,0.1440509799928716,0.07743329934085989,1.0,0.7000000000000001
101000001000000101000100101010000101,7594,0.058541675889758164,-0.718808561638583,1.0,1.0
101100001000000001000101001011001101,2732,0.01646864342103375,-0.5706154278456519,1.0,1.0
101100001000000001000101101010001101,6960,0.01342021303555645,-0.5523349172814558,1.0,1.0
000010000000000000000100101000010000,702,0.26557000433601874,0.19894880071347415,1.0,0.40000000000000013
101000001000000101000101101010001101,2998,0.02896790878635085,-0.6207590411129784,1.0,1.0
101000001000000101000100101010010101,3760,0.04915546417120757,-0.6727310451327506,1.0,1.0
101000001000000101000101101010001101,6234,0.02896790878635085,-0.6207590411129784,1.0,1.0
100000001000000100000100101010010101,3190,0.06428683200212387,-0.7531185803094718,1.0,1.0
101000001000000101000100101010000101,3720,0.058541675889758164,-0.718808561638583,1.0,1.0
101110001000000001000101101010001101,6820,0.02197148929402432,-0.575771584634776,1.0,1.0
101100001000000001000101101001001101,6806,0.019134240695146427,-0.5755963881095092,1.0,1.0
011001111011110101001101010111111011,126,7.96990713089759,7.6075520438624045,1.3877787807814457E-16,1.0
100000001000000100000100101010010101,7204,0.06428683200212387,-0.7531185803094718,1.0,1.0
101100001000000001000101001011001101,4006,0.01646864342103375,-0.5706154278456519,1.0,1.0
101000001000000101000100101010010101,8332,0.04915546417120757,-0.6727310451327506,1.0,1.0
101010001000000001000101101010001101,1210,0.02869171863190114,-0.6127990667417599,1.0,1.0
101100001000000001000101001011001101,4142,0.01646864342103375,-0.5706154278456519,1.0,1.0
101000001000000101000100101010000101,4714,0.058541675889758164,-0.718808561638583,1.0,1.0
101000001000000101000100101010010101,2868,0.04915546417120757,-0.6727310451327506,1.0,1.0
101100001000000001000101001011001101,2876,0.01646864342103375,-0.5706154278456519,1.0,1.0
000010000000000000000011011111111010,106,8.0438948850955,7.977286980809934,1.3877787807814457E-16,0.8
100000001000000100000100101010010101,6386,0.06428683200212387,-0.7531185803094718,1.0,1.0
101000001000000101000100101010010101,3220,0.04915546417120757,-0.6727310451327506,1.0,1.0
101100001010000001000101101010001101,2076,7.401486830834377E-18,-0.5174804325309701,1.0,1.0
101000001000000101000100101010000101,8178,0.058541675889758164,-0.718808561638583,1.0,1.0
101000001000000101000101101010001101,2216,0.02896790878635085,-0.6207590411129784,1.0,1.0
101000001000000101000100101010000101,3858,0.058541675889758164,-0.718808561638583,1.0,1.0
101000001000000101000100101010010101,7240,0.04915546417120757,-0.6727310451327506,1.0,1.0
101000001000000101000100101010010101,6180,0.04915546417120757,-0.6727310451327506,1.0,1.0
100000001000000100000100101010010101,5636,0.06428683200212387,-0.7531185803094718,1.0,1.0
111110111101111111101111101001111111,146,7.942038615269536,7.443481101652195,1.3877787807814457E-16,1.0
101110001000000001000100101000010101,1874,0.04915546417120757,-0.653485245719413,1.0,1.0
101000001000000101000100101010000101,6686,0.058541675889758164,-0.718808561638583,1.0,1.0
100000001000000100000100101010010101,4942,0.06428683200212387,-0.7531185803094718,1.0,1.0
101000001000000101000101101010001101,5258,0.02896790878635085,-0.6207590411129784,1.0,1.0
101000001000000101000100101010010101,9948,0.04915546417120757,-0.6727310451327506,1.0,1.0
101000001000000101000100101010010101,8578,0.04915546417120757,-0.6727310451327506,1.0,1.0
101000001000000101000100101010010101,8886,0.04915546417120757,-0.6727310451327506,1.0,1.0
101000001000000101000100101010000101,7152,0.058541675889758164,-0.718808561638583,1.0,1.0
101100001010000001000101001011001101,6136,0.0,-0.5321342441674862,1.0,1.0
101000001000000101000100101010000101,7790,0.058541675889758164,-0.718808561638583,1.0,1.0
101000001000000101000100101010000101,4848,0.058541675889758164,-0.718808561638583,1.0,1.0
101000001000000101000100101010000101,8248,0.058541675889758164,-0.718808561638583,1.0,1.0
101000001000000101000101101010001101,9310,0.02896790878635085,-0.6207590411129784,1.0,1.0
111111111100111111000111100001001101,212,7.9304738181508725,7.493183154341287,1.3877787807814457E-16,1.0
101100001000000001000100101010000101,2260,0.04759900120246822,-0.6427249660257898,1.0,1.0
111110111101111011001111100111111111,0,7.93155594125738,7.481097938461444,1.3877787807814457E-16,1.0
101110001000000001000101101000001101,2034,0.028691718631901134,-0.5959495352618653,1.0,1.0
101100001010000001000101001011001101,7348,0.0,-0.5321342441674862,1.0,1.0
101000001000000101000100101010010101,6974,0.04915546417120757,-0.6727310451327506,1.0,1.0
101100001010000001000101001011001101,6248,0.0,-0.5321342441674862,1.0,1.0
101100001000000001000101001011001101,2142,0.01646864342103375,-0.5706154278456519,1.0,1.0
101000001000000101000101101010001101,3368,0.02896790878635085,-0.6207590411129784,1.0,1.0
101000001000000101000100101010000101,3938,0.058541675889758164,-0.718808561638583,1.0,1.0
100000001000000100000100101010010101,8366,0.06428683200212387,-0.7531185803094718,1.0,1.0
110001010110001110001011001001111110,0,7.942329458296939,7.54198727958873,1.3877787807814457E-16,1.0
101000001000000101000100101010010101,7770,0.04915546417120757,-0.6727310451327506,1.0,1.0
101000001000000101000100101010000101,9330,0.058541675889758164,-0.718808561638583,1.0,1.0
101000001000000101000100101010010101,7962,0.04915546417120757,-0.6727310451327506,1.0,1.0
101100001000000001000100101000000101,778,0.05677934361918136,-0.6769796195884006,1.0,1.0
101100001000000001000101101010001101,2150,0.01342021303555645,-0.5523349172814558,1.0,1.0
101000001000000101000101101010001101,7140,0.02896790878635085,-0.6207590411129784,1.0,1.0
101000001000000101000100101010010101,7442,0.04915546417120757,-0.6727310451327506,1.0,1.0
101000001000000101000100101010000101,8342,0.058541675889758164,-0.718808561638583,1.0,1.0
101000001000000101000100101010010101,4994,0.04915546417120757,-0.6727310451327506,1.0,1.0
101000001000000101000100101010000101,7958,0.058541675889758164,-0.718808561638583,1.0,1.0
101000001000000101000100101010010101,3680,0.04915546417120757,-0.6727310451327506,1.0,1.0
101001011111101111111111101111101111,296,7.934487067718408,7.500872843031566,1.3877787807814457E-16,1.0
101100001000000001000101101001001101,7158,0.019134240695146427,-0.5755963881095092,1.0,1.0
101000001000000101000100101010000101,8698,0.058541675889758164,-0.718808561638583,1.0,1.0
101000001000000101000100101010010101,9826,0.04915546417120757,-0.6727310451327506,1.0,1.0
101000001000000101000101101010011101,3930,0.02778474446029736,-0.5920226362842448,1.0,1.0
101000001000000101000100101010010101,7180,0.04915546417120757,-0.6727310451327506,1.0,1.0
101100001000000001000101101000001101,4404,0.021295159205162516,-0.5742030674696166,1.0,1.0
100000001000000100000100101010010101,2548,0.06428683200212387,-0.7531185803094718,1.0,1.0
101000001000000101000100101010000101,7088,0.058541675889758164,-0.718808561638583,1.0,1.0
101000001000000111000101101010001101,3362,0.022323337080113182,-0.5830308146850386,1.0,1.0
111110001000000001000100101000010101,438,0.16356729992727592,-0.6060349395606512,0.6000000000000001,1.0
111110001001111101111111111011111111,460,7.945379193715683,7.414261337599454,1.3877787807814457E-16,1.0
101000001000000101000100101010010101,6410,0.04915546417120757,-0.6727310451327506,1.0,1.0
010100001001010000000001111000001011,0,7.986438176621679,7.554441246919296,1.3877787807814457E-16,0.9
101000001000000101000100101010000101,4032,0.058541675889758164,-0.718808561638583,1.0,1.0
101100001000000001000101101010001101,1910,0.01342021303555645,-0.5523349172814558,1.0,1.0
100000001000000100000100101010010101,8824,0.06428683200212387,-0.7531185803094718,1.0,1.0
101100001000000001000101101010001101,2148,0.01342021303555645,-0.5523349172814558,1.0,1.0
101000001000000101000100101010000101,7730,0.058541675889758164,-0.718808561638583,1.0,1.0
101000001000000101000100101010000101,7942,0.058541675889758164,-0.718808561638583,1.0,1.0
101000001000000101000101101010001101,9430,0.02896790878635085,-0.6207590411129784,1.0,1.0
101000001000000101000101101010001101,5374,0.02896790878635085,-0.6207590411129784,1.0,1.0
101000001000000101000100101010000101,4602,0.058541675889758164,-0.718808561638583,1.0,1.0
101100001000000001000101001011001101,3114,0.01646864342103375,-0.5706154278456519,1.0,1.0
101100001000000011000101001011001101,3844,0.01060636497461925,-0.535865851909617,1.0,1.0
101100001000000001000101001010011101,5532,0.013420213035556442,-0.5523349172814556,1.0,1.0
101100001000000001000101101010001101,6736,0.01342021303555645,-0.5523349172814558,1.0,1.0
101000001000000101000100101010000101,6902,0.058541675889758164,-0.718808561638583,1.0,1.0
101100001010000001000101001011001101,4490,0.0,-0.5321342441674862,1.0,1.0
101000001000000101000100001010010101,6470,0.058500822715255016,-0.7016466066105524,1.0,1.0
101000001000000101000100101010000101,3980,0.058541675889758164,-0.718808561638583,1.0,1.0
101000001000000101000100101010010101,5112,0.04915546417120757,-0.6727310451327506,1.0,1.0
101000001000000101000100101010010101,9428,0.04915546417120757,-0.6727310451327506,1.0,1.0
101100001000000001000100101000000101,840,0.05677934361918136,-0.6769796195884006,1.0,1.0
000010000000000000000011010000001000,536,0.1440509799928716,0.07743329934085989,1.0,0.7000000000000001
000010000000000000000000101000010000,576,0.26557000433601874,0.19894530435933633,1.0,0.40000000000000013
101000001000000101000100101010010101,7740,0.04915546417120757,-0.6727310451327506,1.0,1.0
110101101010110110011111110101001101,274,7.932830776681474,7.494991666250271,1.3877787807814457E-16,1.0
101000001000000101000101101010001101,8970,0.02896790878635085,-0.6207590411129784,1.0,1.0
101000001000000101000101101010001101,2378,0.02896790878635085,-0.6207590411129784,1.0,1.0
101000001000000101000100101010000101,3784,0.058541675889758164,-0.718808561638583,1.0,1.0
101000001000000101000100101010010101,7668,0.04915546417120757,-0.6727310451327506,1.0,1.0
101000001000000101000100101010000101,5100,0.058541675889758164,-0.718808561638583,1.0,1.0
101100001000000001000101001011001101,3174,0.01646864342103375,-0.5706154278456519,1.0,1.0
101000001000000101000100101010000101,8352,0.058541675889758164,-0.718808561638583,1.0,1.0
101100001000000001000100101000000101,732,0.05677934361918136,-0.6769796195884006,1.0,1.0
101000001000000101000100101010000101,3842,0.058541675889758164,-0.718808561638583,1.0,1.0
101100001000000001000100101010100101,842,0.1589289924973335,-0.539495565250582,0.6000000000000001,1.0
101000001000000101000101101010001101,3030,0.02896790878635085,-0.6207590411129784,1.0,1.0
101000001000000101000101101010001101,8468,0.02896790878635085,-0.6207590411129784,1.0,1.0
110111111001110110111111010110011111,198,7.937770940056892,7.482038589481538,1.3877787807814457E-16,1.0
101000001000000101000101101010001101,4340,0.02896790878635085,-0.6207590411129784,1.0,1.0
101100001000000001000100101000000101,2390,0.05677934361918136,-0.6769796195884006,1.0,1.0
100100001000011110011101011000011101,168,7.944479166587758,7.496957250544441,1.3877787807814457E-16,1.0
101000001000000101000100101010010101,6594,0.04915546417120757,-0.6727310451327506,1.0,1.0
110111111001110110111111010110011111,370,7.937770940056892,7.482038589481538,1.3877787807814457E-16,1.0
100000001000000100000100101010010101,9016,0.06428683200212387,-0.7531185803094718,1.0,1.0
101100001000000001000101101010001101,1296,0.01342021303555645,-0.5523349172814558,1.0,1.0
101000001000000101000101101010001101,6678,0.02896790878635085,-0.6207590411129784,1.0,1.0
101100001000000001000100101000010101,908,0.045308183932197287,-0.6267782481226436,1.0,1.0
101000001000000101000101101010001101,7106,0.02896790878635085,-0.6207590411129784,1.0,1.0
101000001000000101000101101010001101,7450,0.02896790878635085,-0.6207590411129784,1.0,1.0
101100001000000001000100101001000101,1788,0.05099262370915706,-0.6667282831429524,1.0,1.0
101100001000000001000100101000000101,990,0.05677934361918136,-0.6769796195884006,1.0,1.0
101000001000000101000100101010000101,7864,0.058541675889758164,-0.718808561638583,1.0,1.0
101000001000000101000100101010000101,3066,0.058541675889758164,-0.718808561638583,1.0,1.0
101000001000000101000100101010010101,7918,0.04915546417120757,-0.6727310451327506,1.0,1.0
101100001000000001000101001011001101,4624,0.01646864342103375,-0.5706154278456519,1.0,1.0
011001001110000111011000110100000011,172,7.944205041835699,7.479786524124248,1.3877787807814457E-16,1.0
101000001000000101000101101010001101,5474,0.02896790878635085,-0.6207590411129784,1.0,1.0
101000001000000101000100101010010101,7318,0.04915546417120757,-0.6727310451327506,1.0,1.0
101100001000000001000101101001001101,10000,0.019134240695146427,-0.5755963881095092,1.0,1.0
101000001000000101000100001010010101,8266,0.058500822715255016,-0.7016466066105524,1.0,1.0
111110111101111111111111100111011101,204,7.940409021592005,7.540869037530128,1.3877787807814457E-16,1.0
111011111011110001111111101001111111,488,7.9290787725984675,7.469739560215654,1.3877787807814457E-16,1.0
101100001000000001000101101010001101,1836,0.01342021303555645,-0.5523349172814558,1.0,1.0
111110001000000001000100101000000101,500,0.17113628530772224,-0.6344685650399272,0.6000000000000001,1.0
101110001000000001000100101000000101,1724,0.05850082271525501,-0.6794006998092108,1.0,1.0
101000001000000101000100101010010101,8890,0.04915546417120757,-0.6727310451327506,1.0,1.0
101100001000000001000100101010000101,2366,0.04759900120246822,-0.6427249660257898,1.0,1.0
101100001000000001000101101001001101,8136,0.019134240695146427,-0.5755963881095092,1.0,1.0
101100001000000001000101101010001101,1542,0.01342021303555645,-0.5523349172814558,1.0,1.0
100000001000000100000100101010010101,6064,0.06428683200212387,-0.7531185803094718,1.0,1.0
111110111101111011001110100111000111,138,7.9433215283161855,7.483298862048372,1.3877787807814457E-16,1.0
101001111011110111111101111101111111,184,7.941368962998676,7.528477896042031,1.3877787807814457E-16,1.0
000110010100000100000100110100000000,0,8.019676391672869,7.717984084575352,1.3877787807814457E-16,0.8
110011111111001110111111100010111111,132,7.942195650699826,7.45373552921113,1.3877787807814457E-16,1.0
101000001000000101000100101010010101,5434,0.04915546417120757,-0.6727310451327506,1.0,1.0
101100001010000001000101101010001101,1470,7.401486830834377E-18,-0.5174804325309701,1.0,1.0
101110001000000001000101101010001101,1822,0.02197148929402432,-0.575771584634776,1.0,1.0
101100001000000001000101001011001101,3846,0.01646864342103375,-0.5706154278456519,1.0,1.0
101000001000000101000100101010010101,4530,0.04915546417120757,-0.6727310451327506,1.0,1.0
101000001000000101000100101010010101,5900,0.04915546417120757,-0.6727310451327506,1.0,1.0
101000001000000101000100101010000101,4598,0.058541675889758164,-0.718808561638583,1.0,1.0
101000001000000111000100101010010101,4922,0.042197923345997465,-0.6288265802099167,1.0,1.0
101100001000000001000100101000010101,2210,0.045308183932197287,-0.6267782481226436,1.0,1.0
101000001000000101000100101010010101,5878,0.04915546417120757,-0.6727310451327506,1.0,1.0
100000001000000110000100101010010101,5946,0.056610515038364694,-0.694265051841163,1.0,1.0
101100001000000001000101101001001101,7116,0.019134240695146427,-0.5755963881095092,1.0,1.0
101100001000000001000101001011001101,7846,0.01646864342103375,-0.5706154278456519,1.0,1.0
101000001000000101000101101010011101,3610,0.02778474446029736,-0.5920226362842448,1.0,1.0
101000001000000101000100101010010101,7838,0.04915546417120757,-0.6727310451327506,1.0,1.0
101110001000000001000100101000000101,1318,0.05850082271525501,-0.6794006998092108,1.0,1.0
101000001000000101000100101010010101,8710,0.04915546417120757,-0.6727310451327506,1.0,1.0
101000001000000101000100101010010101,2648,0.04915546417120757,-0.6727310451327506,1.0,1.0
101000001000000101000100101010010101,8320,0.04915546417120757,-0.6727310451327506,1.0,1.0
101100001010000001000101001011001101,5410,0.0,-0.5321342441674862,1.0,1.0
101100001000000001000100101001000101,1514,0.05099262370915706,-0.6667282831429524,1.0,1.0
101000001000000101000100101010010101,9310,0.04915546417120757,-0.6727310451327506,1.0,1.0
101100001000000001000100101001000101,1578,0.05099262370915706,-0.6667282831429524,1.0,1.0
001011110110001111001011001001111010,150,7.955501213703292,7.598727431300703,1.3877787807814457E-16,1.0
101000001000000101000101101010001101,2458,0.02896790878635085,-0.6207590411129784,1.0,1.0
101100001000000001000100101010000101,7896,0.04759900120246822,-0.6427249660257898,1.0,1.0
101000001000000101000101101010001101,3052,0.02896790878635085,-0.6207590411129784,1.0,1.0
101000001000000101000100101010010101,6632,0.04915546417120757,-0.6727310451327506,1.0,1.0
101000001000000101000100101010010101,7420,0.04915546417120757,-0.6727310451327506,1.0,1.0
101000001000000101000100101010010101,8260,0.04915546417120757,-0.6727310451327506,1.0,1.0
101100001000000001000101101001001101,8104,0.019134240695146427,-0.5755963881095092,1.0,1.0
101000001000000101000100101010010101,6250,0.04915546417120757,-0.6727310451327506,1.0,1.0
100000001000000100000100101010010101,6278,0.06428683200212387,-0.7531185803094718,1.0,1.0
101000001000000111000100111000000101,6388,0.058254112425965975,-0.6998274766542788,1.0,1.0
100000001000000100000100101010010101,6362,0.06428683200212387,-0.7531185803094718,1.0,1.0
010101010111111110110111111110111000,136,7.932196670988284,7.537883615950358,1.3877787807814457E-16,1.0
101100001010000001000101001011001101,3770,0.0,-0.5321342441674862,1.0,1.0
101000001000000101000100101010010101,8262,0.04915546417120757,-0.6727310451327506,1.0,1.0
101000001000000101000100101010000101,5538,0.058541675889758164,-0.718808561638583,1.0,1.0
101000001000000101000100101010010101,9972,0.04915546417120757,-0.6727310451327506,1.0,1.0
100100001000000000000100101000100101,842,0.11512167317069485,-0.5895156793864553,0.8,1.0
101000001000000101000101101001001101,7482,0.028967908786350836,-0.6036906420694299,1.0,1.0
101000001000000101000100101010010101,9154,0.04915546417120757,-0.6727310451327506,1.0,1.0
101000001000000101000100101010000101,3610,0.058541675889758164,-0.718808561638583,1.0,1.0
101100001000000001000100101010000101,4126,0.04759900120246822,-0.6427249660257898,1.0,1.0
101100001010000001000100101000000111,756,0.2583561503292934,-0.5209503820213223,0.40000000000000013,1.0
101000001000000101000100101010000101,4448,0.058541675889758164,-0.718808561638583,1.0,1.0
100000001000000100000100101010010101,6846,0.06428683200212387,-0.7531185803094718,1.0,1.0
101010001000000001000101101000011101,864,0.08947874528033756,0.022868801841370686,1.0,0.9
101100001000000001000101001011001101,3840,0.01646864342103375,-0.5706154278456519,1.0,1.0
101100001000010001000100101000000101,672,0.2343510693202683,-0.3724659483623859,0.40000000000000013,1.0
101000001000000101000100001010010101,6246,0.058500822715255016,-0.7016466066105524,1.0,1.0
101000001000000101000100101010010101,3992,0.04915546417120757,-0.6727310451327506,1.0,1.0
101000001000000101000101101010001101,8568,0.02896790878635085,-0.6207590411129784,1.0,1.0
101100001000000001000101001011001101,2848,0.01646864342103375,-0.5706154278456519,1.0,1.0
101000001000000101000101101010001101,5996,0.02896790878635085,-0.6207590411129784,1.0,1.0
101000001000000101000100101010010101,5284,0.04915546417120757,-0.6727310451327506,1.0,1.0
101110001000000001000101001011001101,2880,0.02427542377913409,-0.5915075730073454,1.0,1.0
101100001000000001000101101001001101,5962,0.019134240695146427,-0.5755963881095092,1.0,1.0
101100001000000001000100101000010101,694,0.045308183932197287,-0.6267782481226436,1.0,1.0
101000001000000101000100101010000101,3366,0.058541675889758164,-0.718808561638583,1.0,1.0
101000001000000101000100101010010101,6916,0.04915546417120757,-0.6727310451327506,1.0,1.0
101000001000000101000100101010000101,7710,0.058541675889758164,-0.718808561638583,1.0,1.0
101000001000000101000100101010010101,9440,0.04915546417120757,-0.6727310451327506,1.0,1.0
101100001010000001000101001011001101,7908,0.0,-0.5321342441674862,1.0,1.0
101000001000000101000100101010010101,5502,0.04915546417120757,-0.6727310451327506,1.0,1.0
101100001000000001000100100000010101,766,0.05874130470651287,-0.4503623600671562,1.0,0.9
101000001000000101000101101010011101,7672,0.02778474446029736,-0.5920226362842448,1.0,1.0
101000001000000101000100101010000101,7710,0.058541675889758164,-0.718808561638583,1.0,1.0
101000001000000101000100101010000101,9998,0.058541675889758164,-0.718808561638583,1.0,1.0
101000001000000111000101101001001101,9858,0.02713416710677196,-0.5891779672292031,1.0,1.0
100100001000000100000100111000010101,792,0.1754292316610405,-0.6065850486835743,0.6000000000000001,1.0
101000001000000101000101101010001101,6984,0.02896790878635085,-0.6207590411129784,1.0,1.0
101100001000000001000101101010001101,2616,0.01342021303555645,-0.5523349172814558,1.0,1.0
111101111101001011010111010111111111,276,7.939574158955331,7.4569926253551815,1.3877787807814457E-16,1.0
101110001000000001000100101101010101,746,0.15529489336108515,-0.4947200338550519,0.6000000000000001,1.0
100000001000000100000100101010010101,5422,0.06428683200212387,-0.7531185803094718,1.0,1.0
101000001000000101000101101010001101,1482,0.02896790878635085,-0.6207590411129784,1.0,1.0
101100001000000001000101001011001101,3864,0.01646864342103375,-0.5706154278456519,1.0,1.0
101100001000000001000100101100000101,806,0.10084222174234614,-0.6005244115447737,0.8,1.0
101100001000000001000101101001001101,4924,0.019134240695146427,-0.5755963881095092,1.0,1.0
101100001000000001000101101010001101,2406,0.01342021303555645,-0.5523349172814558,1.0,1.0
101100001000010001000100101000010101,728,0.22383583960719955,-0.3397939124710161,0.40000000000000013,1.0
101000001000000101000101101010001101,5992,0.02896790878635085,-0.6207590411129784,1.0,1.0
101000001000000101000101101010001101,6682,0.02896790878635085,-0.6207590411129784,1.0,1.0
101000001000000101000100101010000101,9792,0.058541675889758164,-0.718808561638583,1.0,1.0
101100001010000001000101001011001101,8454,0.0,-0.5321342441674862,1.0,1.0
101000001000000101000100101010000101,5306,0.058541675889758164,-0.718808561638583,1.0,1.0
101100001010000001000101001011001101,3372,0.0,-0.5321342441674862,1.0,1.0
101100001010000001000101001011001101,9526,0.0,-0.5321342441674862,1.0,1.0
111111111001110111111001111110011111,0,7.937057904809756,7.514568095432721,1.3877787807814457E-16,1.0
101000001000000101000101101010001101,9174,0.02896790878635085,-0.6207590411129784,1.0,1.0
001100110111111001100111111010101000,0,7.960829709643597,7.607435334456737,1.3877787807814457E-16,1.0
101100001000000001000101001011001101,2800,0.01646864342103375,-0.5706154278456519,1.0,1.0
101100001000000001000101101000001101,918,0.021295159205162516,-0.5742030674696166,1.0,1.0
101000001000000101000101101001001101,8616,0.028967908786350836,-0.6036906420694299,1.0,1.0
100000001000000100000100101010010101,9040,0.06428683200212387,-0.7531185803094718,1.0,1.0
101000001000000101000101101010001101,6670,0.02896790878635085,-0.6207590411129784,1.0,1.0
101000001000000101000100001010010101,6878,0.058500822715255016,-0.7016466066105524,1.0,1.0
101100001000000001000101101010001101,6848,0.01342021303555645,-0.5523349172814558,1.0,1.0
101100001000000001000100101000000101,804,0.05677934361918136,-0.6769796195884006,1.0,1.0
101100001010000001000101001011001101,3932,0.0,-0.5321342441674862,1.0,1.0
101000001000000101000100101010010101,4686,0.04915546417120757,-0.6727310451327506,1.0,1.0
101000001000000101000100101010000101,3440,0.058541675889758164,-0.718808561638583,1.0,1.0
101000001000000101000100101010010101,6890,0.04915546417120757,-0.6727310451327506,1.0,1.0
101000001000000101000100101010000101,7366,0.058541675889758164,-0.718808561638583,1.0,1.0
101000001000000101000100101010010101,4338,0.04915546417120757,-0.6727310451327506,1.0,1.0
101100001000000001000101001011001101,2410,0.01646864342103375,-0.5706154278456519,1.0,1.0
101100001000000001000101101001011101,870,0.06669987430362964,-0.5006742482899841,0.8,1.0
101110001000000001000101001011001101,1860,0.02427542377913409,-0.5915075730073454,1.0,1.0
101100001000000001000100111000010101,876,0.09542821266616201,-0.5766038549238695,0.8,1.0
001110111111001111101110111101010011,0,7.94989752309325,7.4848553761142576,1.3877787807814457E-16,1.0
101100001000000001000101001011001101,2708,0.01646864342103375,-0.5706154278456519,1.0,1.0
101100001000000001000101101010001101,2128,0.01342021303555645,-0.5523349172814558,1.0,1.0
101000001000000101000100101010010101,6188,0.04915546417120757,-0.6727310451327506,1.0,1.0
101000001000000101000100101010010101,9236,0.04915546417120757,-0.6727310451327506,1.0,1.0
101000001000000101000100101010010101,5966,0.04915546417120757,-0.6727310451327506,1.0,1.0
101000001000000101000100101010010101,7450,0.04915546417120757,-0.6727310451327506,1.0,1.0
101100001010000001000100011000000101,1106,0.06376483791786379,-0.7016466066105528,1.0,1.0
101000001000000101000100101010000101,2910,0.058541675889758164,-0.718808561638583,1.0,1.0
101100001010000001010101000000001101,796,0.06940998367630132,-0.30366993901318273,1.0,0.8
101000001000000101000101101010001101,2800,0.02896790878635085,-0.6207590411129784,1.0,1.0
101000001000000101000100101010010101,9454,0.04915546417120757,-0.6727310451327506,1.0,1.0
101000001001000001000101101010001101,1612,0.020442348661016442,-0.5549019286897725,1.0,1.0
101100001000000001000101101010011101,1834,0.012752964523288468,-0.5273067499823855,1.0,1.0
101000001000000101000100101010000101,8402,0.058541675889758164,-0.718808561638583,1.0,1.0
101110001000000001000100101000010101,1610,0.04915546417120757,-0.653485245719413,1.0,1.0
101000001000000101000100101010010101,4434,0.04915546417120757,-0.6727310451327506,1.0,1.0
101000001000000101000101101010001101,7854,0.02896790878635085,-0.6207590411129784,1.0,1.0
101100001000000011000101101010011101,1242,0.00719742204466672,-0.49547509544103385,1.0,1.0
101000001000000101000100101010010101,7130,0.04915546417120757,-0.6727310451327506,1.0,1.0
101000001000000101000100101010010101,7258,0.04915546417120757,-0.6727310451327506,1.0,1.0
100000001000000100000100101010010101,9696,0.06428683200212387,-0.7531185803094718,1.0,1.0
101100001000000001000101101000001101,1450,0.021295159205162516,-0.5742030674696166,1.0,1.0
110111101010110110011110110100000111,216,7.941554870970054,7.476974339942181,1.3877787807814457E-16,1.0
101000001000000101000101101010011101,4048,0.02778474446029736,-0.5920226362842448,1.0,1.0
101000001000000101000101101010001101,6292,0.02896790878635085,-0.6207590411129784,1.0,1.0
100000001000000100000100101010010101,9768,0.06428683200212387,-0.7531185803094718,1.0,1.0
110100001011101000000011010001001111,322,7.9713648383584825,7.318136754642897,1.3877787807814457E-16,1.0
101100001000000001000100001100000101,706,0.10978205248707751,-0.6601816951949255,1.0,0.8
100000001000000100000100101010010101,7948,0.06428683200212387,-0.7531185803094718,1.0,1.0
101100001000000001000101101010001101,1752,0.01342021303555645,-0.5523349172814558,1.0,1.0
101100001000000001000100101000000101,658,0.05677934361918136,-0.6769796195884006,1.0,1.0
101100001000000001000100101000010101,768,0.045308183932197287,-0.6267782481226436,1.0,1.0
101000001000000101000100101010010101,4360,0.04915546417120757,-0.6727310451327506,1.0,1.0
101000001000000101000100101010000101,7642,0.058541675889758164,-0.718808561638583,1.0,1.0
101000001000000101000101101010001101,5962,0.02896790878635085,-0.6207590411129784,1.0,1.0
101000001000000101000101101001001101,7698,0.028967908786350836,-0.6036906420694299,1.0,1.0
101110001000000001000100101000010101,1488,0.04915546417120757,-0.653485245719413,1.0,1.0
111110001011110111011011011110111111,546,7.942219288032526,7.40878378592004,1.3877787807814457E-16,1.0
101000001000000101000100101010000101,9194,0.058541675889758164,-0.718808561638583,1.0,1.0
101000001000000101000100101010010101,2554,0.04915546417120757,-0.6727310451327506,1.0,1.0
101000001000000101000100101010000101,9474,0.058541675889758164,-0.718808561638583,1.0,1.0
110110101111111110111111001011011111,0,7.9345989206193375,7.469666591158564,1.3877787807814457E-16,1.0
101100001010000001000101001011001101,2822,0.0,-0.5321342441674862,1.0,1.0
101000001000000101000101101010011101,8918,0.02778474446029736,-0.5920226362842448,1.0,1.0
101100001011110001110111101101111101,722,7.930284086543057,7.494951308056628,1.3877787807814457E-16,1.0
111111111111001101110111101101011111,0,7.942031550709711,7.445067323382311,1.3877787807814457E-16,1.0
101000001000000101000100101010010101,4440,0.04915546417120757,-0.6727310451327506,1.0,1.0
101000001000000101000101101010001101,7130,0.02896790878635085,-0.6207590411129784,1.0,1.0
101000001000000101000100101010010101,4214,0.04915546417120757,-0.6727310451327506,1.0,1.0
101000001000000101000100101010000101,7606,0.058541675889758164,-0.718808561638583,1.0,1.0
101000001000000101000101101010001101,4948,0.02896790878635085,-0.6207590411129784,1.0,1.0
101000001000000101000101101010011101,4166,0.02778474446029736,-0.5920226362842448,1.0,1.0
101000001000000101000100101010000101,7390,0.058541675889758164,-0.718808561638583,1.0,1.0
101110001000000001000100101000000101,1132,0.05850082271525501,-0.6794006998092108,1.0,1.0
101000001000000101000100101010010101,6768,0.04915546417120757,-0.6727310451327506,1.0,1.0
101000001000000101000100101010010101,5374,0.04915546417120757,-0.6727310451327506,1.0,1.0
101000001000000101000100101010000101,6324,0.058541675889758164,-0.718808561638583,1.0,1.0
010111011010110110011010110100010011,218,7.937439841520903,7.526412660251293,1.3877787807814457E-16,1.0
101000001000000101000100101010010101,5540,0.04915546417120757,-0.6727310451327506,1.0,1.0
101000001000000101000100101010010101,9988,0.04915546417120757,-0.6727310451327506,1.0,1.0
101000001000000101000100101010000101,4094,0.058541675889758164,-0.718808561638583,1.0,1.0
101000001000000101000101101010001101,7004,0.02896790878635085,-0.6207590411129784,1.0,1.0
100000001000000100000100101010010101,5844,0.06428683200212387,-0.7531185803094718,1.0,1.0
101000001000000101000100101010000101,4856,0.058541675889758164,-0.718808561638583,1.0,1.0
101000001000000101000100101010010101,7174,0.04915546417120757,-0.6727310451327506,1.0,1.0
101000001000000101000100101010010101,7362,0.04915546417120757,-0.6727310451327506,1.0,1.0
101000001000000101000101101010011101,7194,0.02778474446029736,-0.5920226362842448,1.0,1.0
110111111110111010011011100101011111,0,7.932583771625137,7.519760721341569,1.3877787807814457E-16,1.0
110010111110110110011110110100000111,130,7.949549591191393,7.4503654017155245,1.3877787807814457E-16,1.0
101000001000000101000100101010000101,2394,0.058541675889758164,-0.718808561638583,1.0,1.0
101000001000000011000101101010001101,3874,0.013420213035556442,-0.5523349172814556,1.0,1.0
101000001000000101000100101010000101,6186,0.058541675889758164,-0.718808561638583,1.0,1.0
101000001000000101000100101010000101,9738,0.058541675889758164,-0.718808561638583,1.0,1.0
101100001000000001000101001010011101,4706,0.013420213035556442,-0.5523349172814556,1.0,1.0
101000001000000111000101101010001101,5876,0.022323337080113182,-0.5830308146850386,1.0,1.0
101000001000000101000100101010010101,7188,0.04915546417120757,-0.6727310451327506,1.0,1.0
101000001000000101000100101010000101,7388,0.058541675889758164,-0.718808561638583,1.0,1.0
010101110111111110011111011000111010,244,7.930183678649052,7.528210060384409,1.3877787807814457E-16,1.0
101000001000000101000100101010010101,9754,0.04915546417120757,-0.6727310451327506,1.0,1.0
101000001000000101000100101010010101,5726,0.04915546417120757,-0.6727310451327506,1.0,1.0
101000001000000101000101101010001101,6818,0.02896790878635085,-0.6207590411129784,1.0,1.0
001111101011001111111111101101111011,128,7.93947236128833,7.553990766703326,1.3877787807814457E-16,1.0
101110001000000001000101101010001101,2212,0.02197148929402432,-0.575771584634776,1.0,1.0
101100001000000001000100101010000101,2686,0.04759900120246822,-0.6427249660257898,1.0,1.0
101000001000000101000101101010001101,9220,0.02896790878635085,-0.6207590411129784,1.0,1.0
101100001000000001000101101010001101,1594,0.01342021303555645,-0.5523349172814558,1.0,1.0
101100001010000001000101001011001101,4520,0.0,-0.5321342441674862,1.0,1.0
101100001010000001000101001011001101,4652,0.0,-0.5321342441674862,1.0,1.0
101000001000000101000100101010000101,6970,0.058541675889758164,-0.718808561638583,1.0,1.0
000010001000000000000100101000000001,628,0.32803937264016864,0.26141979259114234,1.0,0.30000000000000016
101100001000000001000101001011001101,5344,0.01646864342103375,-0.5706154278456519,1.0,1.0
101100001000001001000100101000010101,750,0.1426894798044759,-0.42601185016374055,0.6000000000000001,1.0
101000001000000001000000001100000101,620,0.3281060393068353,-0.2978383682986951,1.0,0.30000000000000016
101000001000000101000101101010001101,1656,0.02896790878635085,-0.6207590411129784,1.0,1.0
101100001000000001000101001011001101,2136,0.01646864342103375,-0.5706154278456519,1.0,1.0
101000001000000101000101101010001101,4480,0.02896790878635085,-0.6207590411129784,1.0,1.0
111110001001110111011011011110101101,440,7.940175205465864,7.420696755006144,1.3877787807814457E-16,1.0
101100001000000001000101001011001101,4058,0.01646864342103375,-0.5706154278456519,1.0,1.0
101000001000000101000101101010001101,4196,0.02896790878635085,-0.6207590411129784,1.0,1.0
101000001000000101000100101010000101,4510,0.058541675889758164,-0.718808561638583,1.0,1.0
101000001000000101000101101010001101,4534,0.02896790878635085,-0.6207590411129784,1.0,1.0
100000001000000100000100101010010101,4512,0.06428683200212387,-0.7531185803094718,1.0,1.0
101000001000000101000100101010010101,4008,0.04915546417120757,-0.6727310451327506,1.0,1.0
101000001000000101000100101010010101,4644,0.04915546417120757,-0.6727310451327506,1.0,1.0
101100001010000001000101001011001101,8738,0.0,-0.5321342441674862,1.0,1.0
100000001000000100000100101010010101,7088,0.06428683200212387,-0.7531185803094718,1.0,1.0
101100001000000001000100101000000101,820,0.05677934361918136,-0.6769796195884006,1.0,1.0
101000001000000101000101101010001101,8714,0.02896790878635085,-0.6207590411129784,1.0,1.0
101000001000000101000100101010000101,8556,0.058541675889758164,-0.718808561638583,1.0,1.0
100100001000011000011101111010111111,230,7.950102562914208,7.458408049231713,1.3877787807814457E-16,1.0
101000001000000101000101101010001101,1080,0.02896790878635085,-0.6207590411129784,1.0,1.0
101100001010000001000101001011001101,2936,0.0,-0.5321342441674862,1.0,1.0
101000001000000101000101101010001101,6730,0.02896790878635085,-0.6207590411129784,1.0,1.0
000000101010000000010000000000000001,0,0.26557000433601874,0.19894995747277666,1.0,0.40000000000000013
101100001000000001000100101000000101,1420,0.05677934361918136,-0.6769796195884006,1.0,1.0
111100001000100001000101101001001111,528,7.957281003738699,7.293808764415914,1.3877787807814457E-16,1.0
101000001000000101000100101010010101,3636,0.04915546417120757,-0.6727310451327506,1.0,1.0
101000001000000101000100101010010101,9208,0.04915546417120757,-0.6727310451327506,1.0,1.0
101000001000000101000101101010011101,9634,0.02778474446029736,-0.5920226362842448,1.0,1.0
101000001000000101000101101010001101,8148,0.02896790878635085,-0.6207590411129784,1.0,1.0
101000001000000101000100101010000101,3184,0.058541675889758164,-0.718808561638583,1.0,1.0
101100001000000001000101001011001101,4894,0.01646864342103375,-0.5706154278456519,1.0,1.0
100000001000000100000100101010010101,5182,0.06428683200212387,-0.7531185803094718,1.0,1.0
101000001000000101000100101010000101,3616,0.058541675889758164,-0.718808561638583,1.0,1.0
101000001000000101000101101010011101,7320,0.02778474446029736,-0.5920226362842448,1.0,1.0
100000001000000100000100101010010101,9256,0.06428683200212387,-0.7531185803094718,1.0,1.0
101100001000000001000101101000001101,3222,0.021295159205162516,-0.5742030674696166,1.0,1.0
101000001000000101000100101010010101,7502,0.04915546417120757,-0.6727310451327506,1.0,1.0
110111110011110100111011100011001110,146,7.952915609866863,7.588095889412472,1.3877787807814457E-16,1.0
101000001000000101000100101010010101,4586,0.04915546417120757,-0.6727310451327506,1.0,1.0
101100001010000001000101001011001101,5234,0.0,-0.5321342441674862,1.0,1.0
101110001000000001000101101000011101,954,0.02778474446029736,-0.5771413849573542,1.0,1.0
110101001101001100111110010011000111,0,7.956124718071697,7.405782961664831,1.3877787807814457E-16,1.0
101000001000000101000100101010010101,5450,0.04915546417120757,-0.6727310451327506,1.0,1.0
101000001000000011000101001011001101,4138,0.016208599629940167,-0.5549019286897723,1.0,1.0
101000001000000101000101101010001101,4510,0.02896790878635085,-0.6207590411129784,1.0,1.0
101000001000000101000100101010010101,5770,0.04915546417120757,-0.6727310451327506,1.0,1.0
101000001000000101000100101010000101,6108,0.058541675889758164,-0.718808561638583,1.0,1.0
101100001010000001000101001011001101,6710,0.0,-0.5321342441674862,1.0,1.0
101100001000000001000100101010000101,8742,0.04759900120246822,-0.6427249660257898,1.0,1.0
101000001000000101000100101010000101,8968,0.058541675889758164,-0.718808561638583,1.0,1.0
101000001000000101000101101010001101,3950,0.02896790878635085,-0.6207590411129784,1.0,1.0
111001111001111101111111110000001111,106,8.01831862387181,7.951715132333592,1.3877787807814457E-16,0.9
101110001000000001000101101000011101,782,0.02778474446029736,-0.5771413849573542,1.0,1.0
101100001000000001000101111001001101,8838,0.0260290442640158,-0.5895200607300198,1.0,1.0
101100001000000011000101001011001101,4866,0.01060636497461925,-0.535865851909617,1.0,1.0
101100001000000001000101101010011101,1154,0.012752964523288468,-0.5273067499823855,1.0,1.0
101100001000000001000100101010000101,1246,0.04759900120246822,-0.6427249660257898,1.0,1.0
101000001000000101000101101010001101,2172,0.02896790878635085,-0.6207590411129784,1.0,1.0
101000001000000101000100001010010101,5730,0.058500822715255016,-0.7016466066105524,1.0,1.0
101100001000000001000101101010001101,2894,0.01342021303555645,-0.5523349172814558,1.0,1.0
111101111001110111111111010110111111,166,7.932260306529497,7.499727733737208,1.3877787807814457E-16,1.0
101110001000000001000100101000000101,872,0.05850082271525501,-0.6794006998092108,1.0,1.0
101000001000000101000101101010001101,7638,0.02896790878635085,-0.6207590411129784,1.0,1.0
011011111111101011010111010111001011,0,7.945212971445958,7.5504614933196965,1.3877787807814457E-16,1.0
100101001100011100110101001110011111,190,7.937142267141822,7.49836667250736,1.3877787807814457E-16,1.0
101100001000000001000100101000000101,1988,0.05677934361918136,-0.6769796195884006,1.0,1.0
001000000010000011000000100101000000,0,0.22597938131220635,0.15936207792655394,0.8,0.6000000000000001
101000001000000101000100101010010101,5380,0.04915546417120757,-0.6727310451327506,1.0,1.0
101000001000000101000100101010000101,7642,0.058541675889758164,-0.718808561638583,1.0,1.0
101000001000000101000100101010010101,3836,0.04915546417120757,-0.6727310451327506,1.0,1.0
101110001000000001000100101000010101,1532,0.04915546417120757,-0.653485245719413,1.0,1.0
100000001000000100000100101010010101,3140,0.06428683200212387,-0.7531185803094718,1.0,1.0
111110001000000001000100101000010101,494,0.16356729992727592,-0.6060349395606512,0.6000000000000001,1.0
100000001000000100000100101010010101,6898,0.06428683200212387,-0.7531185803094718,1.0,1.0
101000001000000111000100101010010101,7604,0.042197923345997465,-0.6288265802099167,1.0,1.0
